1578,338
1578,353
1578,369
1578,384
1578,398
1578,41
1578,425
1578,442
1578,456
1578,469
1578,482
1578,494
1578,508
1578,523
1578,539
1578,552
1578,566
1578,578
1578,592
1578,607
1578,622
1578,635
1578,649
1578,662
1578,675
1578,691
1578,707
1578,722
1578,735
1578,75
1578,765
1578,778
1578,793
1578,807
1578,821
1578,836
1578,849
1578,86
1578,874
1578,889
1578,902
1578,917
1578,929
1578,943
1578,958
1578,972
1578,986
1578,999
1579,012
1579,026
1579,041
1579,056
1579,071
1579,085
1579,101
1579,118
1579,135
1579,15
1579,162
1579,175
1579,188
1579,202
1579,215
1579,228
1579,242
1579,257
1579,27
1579,284
1579,296
1579,311
1579,325
1579,337
1579,352
1579,37
1579,386
1579,401
1579,418
1579,434
1579,449
1579,464
1579,479
1579,494
1579,511
1579,526
1579,544
1579,559
1579,575
1579,591
1579,607
1579,622
1579,639
1579,654
1579,667
1579,682
1579,697
1579,713
1579,728
1579,743
1579,76
1579,778
1579,795
1579,809
1579,825
1579,841
1579,858
1579,873
1579,889
1579,904
1579,917
1579,932
1579,947
1579,962
1579,977
1579,992
1580,007
1580,023
1580,038
1580,053
1580,066
1580,08
1580,096
1580,111
1580,126
1580,141
1580,154
1580,169
1580,182
1580,194
1580,208
1580,222
1580,237
1580,25
1580,264
1580,277
1580,292
1580,307
1580,324
1580,343
1580,36
1580,379
1580,397
1580,418
1580,437
1580,454
1580,471
1580,489
1580,507
1580,526
1580,543
1580,563
1580,58
1580,599
1580,617
1580,634
1580,649
1580,663
1580,679
1580,694
1580,712
1580,729
1580,749
1580,764
1580,779
1580,793
1580,81
1580,825
1580,843
1580,86
1580,878
1580,895
1580,911
1580,928
1580,944
1580,961
1580,977
1580,992
1581,009
1581,026
1581,042
1581,058
1581,073
1581,089
1581,106
1581,123
1581,14
1581,156
1581,171
1581,185
1581,2
1581,213
1581,226
1581,241
1581,256
1581,27
1581,284
1581,295
1581,309
1581,324
1581,339
1581,356
1581,375
1581,392
1581,41
1581,43
1581,448
1581,468
1581,486
1581,505
1581,523
1581,542
1581,559
1581,577
1581,596
1581,614
1581,633
1581,65
1581,667
1581,684
1581,7
1581,715
1581,734
1581,751
1581,768
1581,782
1581,794
1581,809
1581,824
1581,837
1581,851
1581,865
1581,878
1581,891
1581,905
1581,919
1581,932
1581,945
1581,959
1581,974
1581,987
1582
1582,013
1582,025
1582,041
1582,056
1582,072
1582,086
1582,103
1582,12
1582,135
1582,151
1582,168
1582,184
1582,201
1582,217
1582,232
1582,247
1582,261
1582,277
1582,292
1582,309
1582,324
1582,341
1582,356
1582,37
1582,385
1582,399
1582,414
1582,427
1582,442
1582,459
1582,477
1582,495
1582,514
1582,531
1582,552
1582,569
1582,587
1582,604
1582,623
1582,641
1582,658
1582,675
1582,692
1582,709
1582,726
1582,745
1582,765
1582,782
1582,8
1582,816
1582,831
1582,846
1582,859
1582,872
1582,885
1582,9
1582,914
1582,928
1582,942
1582,956
1582,969
1582,982
1582,995
1583,009
1583,025
1583,038
1583,052
1583,066
1583,078
1583,093
1583,11
1583,126
1583,144
1583,162
1583,178
1583,195
1583,211
1583,228
1583,243
1583,259
1583,275
1583,291
1583,307
1583,322
1583,335
1583,349
1583,361
1583,375
1583,387
1583,401
1583,415
1583,427
1583,443
1583,458
1583,474
1583,492
1583,51
1583,529
1583,547
1583,567
1583,586
1583,604
1583,621
1583,64
1583,657
1583,675
1583,694
1583,711
1583,729
1583,745
1583,765
1583,782
1583,799
1583,815
1583,829
1583,848
1583,864
1583,875
1583,889
1583,902
1583,917
1583,933
1583,948
1583,964
1583,98
1583,996
1584,012
1584,026
1584,042
1584,059
1584,075
1584,093
1584,11
1584,126
1584,142
1584,158
1584,171
1584,187
1584,201
1584,216
1584,231
1584,247
1584,266
1584,28
1584,293
1584,307
1584,321
1584,334
1584,347
1584,359
1584,374
1584,388
1584,403
1584,417
1584,431
1584,443
1584,459
1584,473
1584,486
1584,5
1584,513
1584,532
1584,55
1584,568
1584,586
1584,605
1584,624
1584,642
1584,66
1584,68
1584,699
1584,717
1584,734
1584,751
1584,769
1584,787
1584,805
1584,822
1584,838
1584,854
1584,87
1584,887
1584,903
1584,921
1584,935
1584,951
1584,966
1584,981
1584,998
1585,013
1585,028
1585,044
1585,061
1585,078
1585,096
1585,114
1585,131
1585,147
1585,162
1585,176
1585,192
1585,207
1585,222
1585,237
1585,252
1585,267
1585,282
1585,294
1585,309
1585,323
1585,337
1585,351
1585,364
1585,377
1585,391
1585,405
1585,421
1585,435
1585,449
1585,464
1585,476
1585,491
1585,506
1585,521
1585,539
1585,557
1585,574
1585,592
1585,612
1585,632
1585,65
1585,668
1585,685
1585,705
1585,725
1585,743
1585,761
1585,781
1585,8
1585,817
1585,834
1585,851
1585,869
1585,885
1585,903
1585,921
1585,938
1585,954
1585,968
1585,983
1585,997
1586,01
1586,024
1586,043
1586,056
1586,069
1586,085
1586,102
1586,118
1586,133
1586,148
1586,161
1586,175
1586,191
1586,206
1586,221
1586,235
1586,249
1586,264
1586,277
1586,291
1586,306
1586,321
1586,334
1586,349
1586,365
1586,378
1586,392
1586,408
1586,423
1586,44
1586,453
1586,467
1586,482
1586,495
1586,508
1586,523
1586,536
1586,55
1586,562
1586,575
1586,59
1586,605
1586,622
1586,638
1586,652
1586,67
1586,689
1586,707
1586,725
1586,747
1586,767
1586,785
1586,803
1586,823
1586,842
1586,861
1586,881
1586,9
1586,917
1586,935
1586,953
1586,97
1586,987
1587,003
1587,019
1587,035
1587,052
1587,068
1587,084
1587,101
1587,116
1587,13
1587,149
1587,166
1587,181
1587,195
1587,209
1587,224
1587,238
1587,252
1587,266
1587,279
1587,291
1587,306
1587,319
1587,332
1587,343
1587,357
1587,37
1587,384
1587,397
1587,41
1587,426
1587,443
1587,46
1587,478
1587,493
1587,509
1587,525
1587,542
1587,559
1587,576
1587,591
1587,606
1587,624
1587,641
1587,659
1587,676
1587,695
1587,711
1587,727
1587,746
1587,765
1587,783
1587,801
1587,821
1587,84
1587,858
1587,876
1587,894
1587,914
1587,931
1587,948
1587,965
1587,983
1588,001
1588,019
1588,032
1588,049
1588,064
1588,08
1588,099
1588,115
1588,133
1588,147
1588,16
1588,175
1588,189
1588,203
1588,218
1588,232
1588,248
1588,26
1588,276
1588,291
1588,305
1588,321
1588,336
1588,35
1588,362
1588,375
1588,39
1588,406
1588,421
1588,438
1588,453
1588,468
1588,485
1588,499
1588,514
1588,531
1588,546
1588,561
1588,577
1588,592
1588,607
1588,622
1588,637
1588,65
1588,664
1588,678
1588,692
1588,708
1588,722
1588,737
1588,75
1588,763
1588,776
1588,791
1588,807
1588,823
1588,837
1588,851
1588,864
1588,876
1588,89
1588,905
1588,922
1588,937
1588,952
1588,968
1588,983
1588,998
1589,014
1589,029
1589,044
1589,058
1589,073
1589,086
1589,103
1589,119
1589,135
1589,151
1589,165
1589,179
1589,192
1589,208
1589,223
1589,239
1589,253
1589,267
1589,282
1589,295
1589,31
1589,326
1589,343
1589,359
1589,374
1589,391
1589,407
1589,422
1589,437
1589,451
1589,466
1589,48
1589,493
1589,508
1589,522
1589,54
1589,559
1589,577
1589,595
1589,613
1589,631
1589,651
1589,668
1589,684
1589,703
1589,721
1589,738
1589,754
1589,771
1589,788
1589,806
1589,825
1589,844
1589,862
1589,879
1589,895
1589,911
1589,927
1589,944
1589,96
1589,974
1589,99
1590,003
1590,017
1590,029
1590,044
1590,058
1590,073
1590,09
1590,107
1590,124
1590,141
1590,159
1590,176
1590,193
1590,209
1590,226
1590,243
1590,258
1590,274
1590,29
1590,305
1590,319
1590,332
1590,344
1590,357
1590,371
1590,386
1590,399
1590,41
1590,425
1590,439
1590,452
1590,466
1590,481
1590,492
1590,507
1590,522
1590,536
1590,549
1590,561
1590,575
1590,588
1590,602
1590,615
1590,627
1590,641
1590,655
1590,67
1590,684
1590,699
1590,714
1590,727
1590,741
1590,755
1590,769
1590,783
1590,797
1590,81
1590,825
1590,842
1590,859
1590,875
1590,891
1590,907
1590,922
1590,936
1590,95
1590,965
1590,981
1590,994
1591,008
1591,023
1591,038
1591,052
1591,068
1591,084
1591,102
1591,119
1591,136
1591,153
1591,169
1591,188
1591,206
1591,224
1591,242
1591,262
1591,28
1591,301
1591,32
1591,338
1591,356
1591,375
1591,393
1591,412
1591,428
1591,444
1591,464
1591,482
1591,498
1591,512
1591,53
1591,545
1591,562
1591,577
1591,594
1591,609
1591,624
1591,638
1591,652
1591,665
1591,678
1591,692
1591,709
1591,724
1591,739
1591,753
1591,769
1591,786
1591,801
1591,817
1591,833
1591,85
1591,867
1591,883
1591,899
1591,913
1591,927
1591,942
1591,957
1591,97
1591,985
1591,999
1592,011
1592,026
1592,042
1592,059
1592,075
1592,094
1592,111
1592,126
1592,141
1592,156
1592,171
1592,185
1592,199
1592,211
1592,226
1592,241
1592,256
1592,27
1592,284
1592,298
1592,309
1592,322
1592,335
1592,348
1592,359
1592,374
1592,389
1592,402
1592,416
1592,427
1592,441
1592,456
1592,469
1592,484
1592,498
1592,511
1592,524
1592,541
1592,554
1592,568
1592,582
1592,594
1592,609
1592,623
1592,637
1592,65
1592,665
1592,681
1592,694
1592,71
1592,726
1592,742
1592,757
1592,773
1592,789
1592,805
1592,821
1592,836
1592,853
1592,87
1592,884
1592,897
1592,909
1592,924
1592,94
1592,953
1592,968
1592,982
1592,994
1593,008
1593,023
1593,038
1593,052
1593,067
1593,082
1593,098
1593,114
1593,128
1593,145
1593,158
1593,172
1593,186
1593,199
1593,211
1593,233
1593,249
1593,263
1593,275
1593,291
1593,306
1593,319
1593,332
1593,345
1593,358
1593,372
1593,386
1593,399
1593,411
1593,423
1593,438
1593,452
1593,467
1593,479
1593,493
1593,506
1593,52
1593,534
1593,549
1593,562
1593,576
1593,591
1593,605
1593,622
1593,638
1593,653
1593,67
1593,684
1593,7
1593,713
1593,73
1593,746
1593,761
1593,777
1593,793
1593,809
1593,825
1593,84
1593,855
1593,87
1593,886
1593,899
1593,911
1593,925
1593,94
1593,953
1593,968
1593,981
1593,993
1594,007
1594,021
1594,035
1594,049
1594,063
1594,075
1594,091
1594,108
1594,124
1594,14
1594,156
1594,169
1594,183
1594,199
1594,21
1594,223
1594,238
1594,254
1594,27
1594,285
1594,3
1594,314
1594,329
1594,343
1594,358
1594,374
1594,39
1594,407
1594,424
1594,441
1594,456
1594,473
1594,489
1594,505
1594,519
1594,533
1594,545
1594,559
1594,576
1594,595
1594,614
1594,634
1594,653
1594,672
1594,692
1594,712
1594,735
1594,757
1594,777
1594,799
1594,816
1594,833
1594,85
1594,867
1594,884
1594,902
1594,919
1594,937
1594,954
1594,972
1594,989
1595,007
1595,024
1595,039
1595,053
1595,069
1595,083
1595,101
1595,117
1595,133
1595,149
1595,166
1595,183
1595,198
1595,21
1595,224
1595,238
1595,251
1595,264
1595,277
1595,293
1595,309
1595,327
1595,347
1595,362
1595,38
1595,392
1595,408
1595,423
1595,439
1595,454
1595,468
1595,481
1595,493
1595,506
1595,52
1595,534
1595,547
1595,558
1595,573
1595,588
1595,605
1595,623
1595,641
1595,66
1595,678
1595,699
1595,718
1595,737
1595,756
1595,774
1595,792
1595,812
1595,831
1595,846
1595,864
1595,88
1595,899
1595,917
1595,932
1595,948
1595,965
1595,982
1595,998
1596,016
1596,031
1596,044
1596,057
1596,072
1596,09
1596,106
1596,122
1596,141
1596,158
1596,173
1596,189
1596,204
1596,222
1596,238
1596,252
1596,268
1596,285
1596,3
1596,316
1596,332
1596,347
1596,36
1596,374
1596,388
1596,402
1596,502
1596,516
1596,528
1596,543
1596,556
1596,572
1596,587
1596,607
1596,624
1596,642
1596,659
1596,674
1596,692
1596,711
1596,725
1596,738
1596,755
1596,77
1596,785
1596,803
1596,826
1596,842
1596,861
1596,882
1596,901
1596,92
1596,937
1596,957
1596,977
1596,995
1597,012
1597,032
1597,049
1597,066
1597,082
1597,1
1597,117
1597,135
1597,152
1597,17
1597,188
1597,203
1597,22
1597,236
1597,252
1597,269
1597,285
1597,302
1597,317
1597,333
1597,348
1597,364
1597,379
1597,394
1597,408
1597,422
1597,435
1597,449
1597,465
1597,481
1597,494
1597,51
1597,526
1597,541
1597,555
1597,568
1597,583
1597,599
1597,613
1597,631
1597,647
1597,663
1597,679
1597,692
1597,708
1597,723
1597,737
1597,753
1597,769
1597,787
1597,803
1597,82
1597,838
1597,857
1597,874
1597,894
1597,915
1597,934
1597,953
1597,974
1597,992
1598,011
1598,03
1598,048
1598,066
1598,084
1598,1
1598,118
1598,135
1598,152
1598,169
1598,187
1598,203
1598,22
1598,237
1598,253
1598,269
1598,284
1598,298
1598,311
1598,326
1598,337
1598,351
1598,363
1598,377
1598,39
1598,404
1598,419
1598,435
1598,45
1598,463
1598,478
1598,491
1598,504
1598,518
1598,531
1598,545
1598,56
1598,575
1598,588
1598,601
1598,616
1598,629
1598,644
1598,661
1598,679
1598,694
1598,71
1598,726
1598,742
1598,758
1598,774
1598,791
1598,808
1598,825
1598,842
1598,861
1598,877
1598,892
1598,906
1598,921
1598,934
1598,948
1598,964
1598,98
1598,997
1599,012
1599,027
1599,043
1599,06
1599,075
1599,09
1599,105
1599,12
1599,135
1599,153
1599,17
1599,186
1599,203
1599,219
1599,236
1599,253
1599,27
1599,286
1599,303
1599,32
1599,337
1599,354
1599,371
1599,387
1599,403
1599,418
1599,434
1599,449
1599,465
1599,482
1599,499
1599,514
1599,531
1599,548
1599,563
1599,579
1599,597
1599,615
1599,634
1599,653
1599,672
1599,69
1599,71
1599,728
1599,746
1599,764
1599,783
1599,801
1599,82
1599,837
1599,855
1599,874
1599,892
1599,911
1599,928
1599,946
1599,965
1599,983
1600,001
1600,018
1600,037
1600,055
1600,076
1600,094
1600,111
1600,127
1600,142
1600,157
1600,171
1600,186
1600,202
1600,218
1600,234
1600,25
1600,267
1600,283
1600,299
1600,315
1600,331
1600,347
1600,361
1600,377
1600,392
1600,408
1600,425
1600,441
1600,455
1600,471
1600,488
1600,505
1600,521
1600,537
1600,553
1600,569
1600,586
1600,604
1600,62
1600,637
1600,655
1600,675
1600,693
1600,707
1600,719
1600,734
1600,747
1600,76
1600,773
1600,786
1600,8
1600,815
1600,831
1600,848
1600,864
1600,88
1600,894
1600,908
1600,921
1600,936
1600,95
1600,963
1600,977
1600,99
1601,003
1601,017
1601,031
1601,045
1601,058
1601,07
1601,085
1601,1
1601,113
1601,129
1601,144
1601,157
1601,169
1601,184
1601,198
1601,212
1601,226
1601,239
1601,252
1601,268
1601,283
1601,299
1601,313
1601,328
1601,345
1601,359
1601,377
1601,392
1601,407
1601,419
1601,434
1601,449
1601,464
1601,481
1601,497
1601,514
1601,529
1601,546
1601,561
1601,577
1601,592
1601,605
1601,62
1601,636
1601,653
1601,671
1601,689
1601,707
1601,72
1601,734
1601,749
1601,763
1601,777
1601,792
1601,803
1601,82
1601,836
1601,852
1601,868
1601,885
1601,9
1601,915
1601,93
1601,945
1601,957
1601,973
1601,985
1602
1602,013
1602,026
1602,04
1602,054
1602,067
1602,082
1602,096
1602,109
1602,121
1602,135
1602,152
1602,168
1602,184
1602,2
1602,215
1602,231
1602,246
1602,263
1602,278
1602,294
1602,309
1602,324
1602,34
1602,353
1602,368
1602,385
1602,399
1602,412
1602,426
1602,439
1602,452
1602,466
1602,479
1602,493
1602,506
1602,518
1602,532
1602,547
1602,561
1602,574
1602,585
1602,6
1602,614
1602,629
1602,642
1602,658
1602,674
1602,688
1602,703
1602,716
1602,728
1602,743
1602,757
1602,77
1602,785
1602,799
1602,813
1602,83
1602,847
1602,862
1602,878
1602,891
1602,904
1602,918
1602,934
1602,948
1602,962
1602,976
1602,989
1603,002
1603,018
1603,031
1603,045
1603,058
1603,071
1603,084
1603,099
1603,115
1603,129
1603,144
1603,159
1603,174
1603,187
1603,202
1603,22
1603,235
1603,252
1603,269
1603,285
1603,3
1603,313
1603,328
1603,342
1603,354
1603,366
1603,379
1603,393
1603,406
1603,419
1603,434
1603,449
1603,462
1603,476
1603,487
1603,501
1603,516
1603,529
1603,543
1603,557
1603,569
1603,583
1603,598
1603,612
1603,627
1603,64
1603,654
1603,668
1603,683
1603,701
1603,717
1603,732
1603,746
1603,76
1603,775
1603,787
1603,801
1603,819
1603,837
1603,854
1603,871
1603,89
1603,908
1603,925
1603,942
1603,958
1603,975
1603,991
1604,008
1604,026
1604,043
1604,061
1604,077
1604,094
1604,11
1604,126
1604,141
1604,156
1604,17
1604,185
1604,199
1604,212
1604,225
1604,241
1604,254
1604,268
1604,282
1604,295
1604,309
1604,325
1604,338
1604,352
1604,367
1604,383
1604,399
1604,415
1604,432
1604,447
1604,465
1604,482
1604,499
1604,514
1604,531
1604,548
1604,565
1604,58
1604,596
1604,611
1604,627
1604,642
1604,658
1604,674
1604,688
1604,704
1604,72
1604,736
1604,75
1604,765
1604,779
1604,796
1604,815
1604,833
1604,85
1604,867
1604,888
1604,906
1604,926
1604,944
1604,961
1604,979
1604,998
1605,016
1605,034
1605,052
1605,071
1605,09
1605,109
1605,125
1605,143
1605,16
1605,176
1605,193
1605,21
1605,227
1605,244
1605,26
1605,275
1605,287
1605,302
1605,316
1605,331
1605,346
1605,36
1605,373
1605,386
1605,401
1605,416
1605,431
1605,445
1605,46
1605,47
1605,486
1605,502
1605,518
1605,533
1605,548
1605,564
1605,58
1605,596
1605,609
1605,625
1605,642
1605,659
1605,674
1605,691
1605,708
1605,725
1605,741
1605,758
1605,77
1605,785
1605,801
1605,817
1605,834
1605,852
1605,871
1605,889
1605,911
1605,929
1605,947
1605,965
1605,983
1606,002
1606,02
1606,039
1606,057
1606,075
1606,092
1606,109
1606,125
1606,141
1606,16
1606,177
1606,194
1606,211
1606,227
1606,243
1606,259
1606,275
1606,292
1606,306
1606,318
1606,333
1606,347
1606,36
1606,374
1606,389
1606,401
1606,416
1606,431
1606,445
1606,459
1606,471
1606,485
1606,498
1606,511
1606,524
1606,536
1606,549
1606,564
1606,578
1606,593
1606,61
1606,626
1606,641
1606,654
1606,67
1606,687
1606,703
1606,719
1606,736
1606,754
1606,769
1606,786
1606,802
1606,821
1606,839
1606,857
1606,873
1606,891
1606,907
1606,921
1606,936
1606,952
1606,968
1606,984
1606,997
1607,01
1607,024
1607,039
1607,054
1607,068
1607,084
1607,099
1607,112
1607,127
1607,14
1607,154
1607,169
1607,184
1607,2
1607,215
1607,228
1607,24
1607,254
1607,269
1607,285
1607,3
1607,315
1607,329
1607,343
1607,358
1607,374
1607,388
1607,405
1607,42
1607,436
1607,451
1607,467
1607,483
1607,499
1607,514
1607,529
1607,544
1607,559
1607,57
1607,585
1607,603
1607,62
1607,64
1607,658
1607,678
1607,698
1607,716
1607,734
1607,752
1607,771
1607,788
1607,808
1607,826
1607,845
1607,863
1607,881
1607,899
1607,916
1607,932
1607,949
1607,967
1607,985
1608,001
1608,015
1608,029
1608,043
1608,058
1608,073
1608,085
1608,1
1608,115
1608,13
1608,142
1608,154
1608,168
1608,183
1608,196
1608,209
1608,224
1608,236
1608,251
1608,266
1608,28
1608,294
1608,309
1608,322
1608,338
1608,353
1608,369
1608,385
1608,403
1608,419
1608,435
1608,451
1608,47
1608,486
1608,502
1608,52
1608,536
1608,552
1608,567
1608,582
1608,596
1608,608
1608,621
1608,635
1608,648
1608,661
1608,675
1608,687
1608,702
1608,716
1608,731
1608,745
1608,761
1608,778
1608,793
1608,811
1608,829
1608,848
1608,867
1608,888
1608,908
1608,926
1608,943
1608,96
1608,979
1608,997
1609,013
1609,03
1609,047
1609,064
1609,082
1609,099
1609,116
1609,134
1609,153
1609,171
1609,189
1609,208
1609,226
1609,24
1609,253
1609,27
1609,286
1609,301
1609,318
1609,33
1609,345
1609,36
1609,374
1609,387
1609,4
1609,414
1609,427
1609,44
1609,456
1609,467
1609,48
1609,494
1609,507
1609,521
1609,534
1609,548
1609,561
1609,576
1609,591
1609,602
1609,617
1609,631
1609,645
1609,658
1609,67
1609,684
1609,699
1609,712
1609,725
1609,74
1609,753
1609,769
1609,785
1609,8
1609,814
1609,831
1609,847
1609,861
1609,877
1609,891
1609,904
1609,919
1609,932
1609,946
1609,959
1609,974
1609,987
1610
1610,015
1610,028
1610,041
1610,053
1610,068
1610,082
1610,099
1610,113
1610,129
1610,144
1610,159
1610,175
1610,19
1610,206
1610,219
1610,235
1610,25
1610,268
1610,285
1610,301
1610,317
1610,334
1610,351
1610,366
1610,383
1610,402
1610,418
1610,434
1610,45
1610,467
1610,484
1610,501
1610,517
1610,532
1610,546
1610,562
1610,576
1610,591
1610,606
1610,619
1610,633
1610,648
1610,661
1610,676
1610,691
1610,703
1610,717
1610,732
1610,747
1610,763
1610,78
1610,796
1610,812
1610,829
1610,847
1610,863
1610,88
1610,896
1610,91
1610,926
1610,94
1610,951
1610,966
1610,983
1610,997
1611,011
1611,026
1611,04
1611,052
1611,067
1611,084
1611,099
1611,114
1611,13
1611,147
1611,165
1611,183
1611,201
1611,219
1611,238
1611,258
1611,278
1611,296
1611,313
1611,332
1611,35
1611,368
1611,385
1611,402
1611,419
1611,436
1611,453
1611,47
1611,487
1611,503
1611,521
1611,537
1611,554
1611,568
1611,582
1611,597
1611,612
1611,628
1611,645
1611,66
1611,676
1611,692
1611,707
1611,724
1611,74
1611,755
1611,767
1611,783
1611,799
1611,817
1611,834
1611,849
1611,866
1611,881
1611,897
1611,913
1611,93
1611,946
1611,961
1611,978
1611,993
1612,008
1612,02
1612,035
1612,049
1612,064
1612,077
1612,089
1612,101
1612,115
1612,129
1612,143
1612,156
1612,169
1612,184
1612,199
1612,211
1612,225
1612,237
1612,25
1612,266
1612,279
1612,293
1612,308
1612,32
1612,333
1612,349
1612,363
1612,377
1612,391
1612,405
1612,419
1612,433
1612,448
1612,462
1612,476
1612,489
1612,505
1612,52
1612,535
1612,551
1612,568
1612,584
1612,601
1612,617
1612,633
1612,65
1612,666
1612,682
1612,698
1612,714
1612,73
1612,746
1612,761
1612,775
1612,791
1612,808
1612,825
1612,841
1612,857
1612,873
1612,886
1612,9
1612,915
1612,927
1612,942
1612,956
1612,969
1612,983
1612,998
1613,012
1613,03
1613,048
1613,066
1613,085
1613,105
1613,126
1613,143
1613,161
1613,179
1613,196
1613,212
1613,228
1613,245
1613,263
1613,279
1613,295
1613,311
1613,327
1613,344
1613,359
1613,375
1613,391
1613,411
1613,425
1613,436
1613,449
1613,463
1613,479
1613,495
1613,511
1613,527
1613,544
1613,561
1613,579
1613,594
1613,611
1613,628
1613,645
1613,661
1613,678
1613,694
1613,709
1613,723
1613,735
1613,75
1613,765
1613,78
1613,795
1613,813
1613,831
1613,849
1613,867
1613,884
1613,9
1613,917
1613,932
1613,948
1613,965
1613,981
1613,997
1614,011
1614,026
1614,039
1614,052
1614,068
1614,084
1614,1
1614,117
1614,134
1614,15
1614,167
1614,183
1614,2
1614,215
1614,23
1614,242
1614,256
1614,273
1614,289
1614,303
1614,319
1614,334
1614,351
1614,368
1614,385
1614,402
1614,419
1614,436
1614,452
1614,469
1614,486
1614,503
1614,519
1614,536
1614,552
1614,569
1614,583
1614,598
1614,612
1614,626
1614,64
1614,653
1614,666
1614,68
1614,693
1614,708
1614,724
1614,739
1614,751
1614,768
1614,783
1614,797
1614,81
1614,826
1614,843
1614,859
1614,876
1614,894
1614,91
1614,926
1614,943
1614,958
1614,974
1614,988
1615,001
1615,017
1615,032
1615,045
1615,058
1615,072
1615,087
1615,103
1615,118
1615,134
1615,151
1615,167
1615,185
1615,202
1615,22
1615,238
1615,259
1615,277
1615,295
1615,313
1615,331
1615,349
1615,367
1615,385
1615,406
1615,424
1615,442
1615,459
1615,477
1615,495
1615,513
1615,53
1615,546
1615,562
1615,579
1615,597
1615,614
1615,631
1615,646
1615,661
1615,677
1615,692
1615,707
1615,722
1615,736
1615,749
1615,765
1615,779
1615,792
1615,807
1615,824
1615,841
1615,859
1615,876
1615,892
1615,907
1615,923
1615,942
1615,957
1615,973
1615,989
1616,006
1616,019
1616,035
1616,052
1616,069
1616,087
1616,104
1616,123
1616,14
1616,158
1616,175
1616,191
1616,208
1616,225
1616,241
1616,258
1616,273
1616,286
1616,3
1616,315
1616,329
1616,349
1616,367
1616,385
1616,404
1616,422
1616,443
1616,462
1616,48
1616,499
1616,516
1616,535
1616,554
1616,572
1616,591
1616,609
1616,625
1616,643
1616,661
1616,679
1616,696
1616,715
1616,732
1616,75
1616,767
1616,782
1616,796
1616,81
1616,827
1616,844
1616,861
1616,879
1616,896
1616,916
1616,933
1616,95
1616,968
1616,984
1617,001
1617,019
1617,034
1617,05
1617,067
1617,082
1617,098
1617,115
1617,133
1617,151
1617,168
1617,186
1617,203
1617,219
1617,236
1617,252
1617,268
1617,283
1617,297
1617,312
1617,326
1617,34
1617,352
1617,366
1617,384
1617,401
1617,417
1617,433
1617,451
1617,467
1617,484
1617,501
1617,517
1617,533
1617,549
1617,565
1617,579
1617,592
1617,605
1617,62
1617,634
1617,648
1617,662
1617,677
1617,69
1617,702
1617,717
1617,733
1617,75
1617,767
1617,783
1617,799
1617,815
1617,833
1617,851
1617,869
1617,889
1617,903
1617,916
1617,931
1617,947
1617,963
1617,981
1617,998
1618,015
1618,032
1618,049
1618,067
1618,085
1618,101
1618,117
1618,131
1618,146
1618,161
1618,175
1618,188
1618,202
1618,217
1618,234
1618,25
1618,268
1618,285
1618,3
1618,317
1618,333
1618,349
1618,366
1618,382
1618,397
1618,413
1618,429
1618,445
1618,459
1618,473
1618,489
1618,505
1618,52
1618,535
1618,55
1618,566
1618,58
1618,593
1618,607
1618,619
1618,632
1618,647
1618,66
1618,676
1618,688
1618,702
1618,716
1618,73
1618,744
1618,76
1618,775
1618,788
1618,803
1618,818
1618,836
1618,853
1618,871
1618,891
1618,909
1618,926
1618,942
1618,957
1618,973
1618,989
1619,003
1619,017
1619,033
1619,05
1619,065
1619,08
1619,094
1619,109
1619,124
1619,136
1619,15
1619,164
1619,177
1619,19
1619,201
1619,215
1619,228
1619,242
1619,256
1619,27
1619,284
1619,298
1619,311
1619,324
1619,339
1619,351
1619,366
1619,382
1619,396
1619,411
1619,424
1619,436
1619,449
1619,464
1619,477
1619,491
1619,506
1619,519
1619,533
1619,549
1619,562
1619,577
1619,59
1619,605
1619,618
1619,631
1619,645
1619,66
1619,672
1619,689
1619,704
1619,72
1619,735
1619,751
1619,767
1619,783
1619,8
1619,818
1619,835
1619,852
1619,871
1619,888
1619,906
1619,919
1619,932
1619,946
1619,961
1619,977
1619,99
1620,005
1620,018
1620,034
1620,048
1620,064
1620,078
1620,09
1620,102
1620,115
1620,128
1620,141
1620,154
1620,166
1620,18
1620,195
1620,208
1620,224
1620,235
1620,249
1620,266
1620,281
1620,295
1620,309
1620,323
1620,335
1620,349
1620,365
1620,378
1620,391
1620,404
1620,417
1620,431
1620,446
1620,459
1620,473
1620,488
1620,5
1620,513
1620,529
1620,545
1620,562
1620,576
1620,591
1620,606
1620,622
1620,639
1620,655
1620,669
1620,685
1620,7
1620,716
1620,731
1620,744
1620,759
1620,773
1620,785
1620,798
1620,811
1620,828
1620,844
1620,86
1620,876
1620,891
1620,907
1620,921
1620,938
1620,95
1620,968
1620,984
1620,999
1621,015
1621,032
1621,049
1621,064
1621,079
1621,096
1621,111
1621,125
1621,138
1621,152
1621,165
1621,179
1621,193
1621,209
1621,221
1621,234
1621,249
1621,264
1621,278
1621,292
1621,306
1621,321
1621,333
1621,347
1621,361
1621,375
1621,388
1621,402
1621,418
1621,433
1621,449
1621,467
1621,483
1621,499
1621,515
1621,53
1621,547
1621,561
1621,577
1621,593
1621,608
1621,622
1621,635
1621,648
1621,661
1621,675
1621,689
1621,701
1621,714
1621,726
1621,74
1621,754
1621,767
1621,784
1621,797
1621,812
1621,828
1621,843
1621,859
1621,875
1621,89
1621,905
1621,922
1621,935
1621,949
1621,964
1621,978
1621,99
1622,002
1622,015
1622,029
1622,045
1622,058
1622,072
1622,085
1622,098
1622,111
1622,125
1622,139
1622,15
1622,165
1622,178
1622,191
1622,202
1622,215
1622,229
1622,245
1622,26
1622,277
1622,293
1622,307
1622,322
1622,336
1622,352
1622,368
1622,382
1622,398
1622,414
1622,428
1622,443
1622,457
1622,471
1622,483
1622,497
1622,51
1622,523
1622,535
1622,549
1622,563
1622,578
1622,592
1622,607
1622,622
1622,633
1622,649
1622,664
1622,678
1622,691
1622,704
1622,717
1622,731
1622,745
1622,759
1622,775
1622,79
1622,804
1622,817
1622,833
1622,85
1622,866
1622,882
1622,899
1622,915
1622,932
1622,948
1622,965
1622,978
1622,992
1623,006
1623,021
1623,033
1623,046
1623,06
1623,074
1623,09
1623,105
1623,118
1623,134
1623,15
1623,167
1623,183
1623,199
1623,215
1623,233
1623,249
1623,268
1623,289
1623,307
1623,324
1623,342
1623,36
1623,379
1623,398
1623,416
1623,435
1623,453
1623,472
1623,489
1623,507
1623,524
1623,541
1623,558
1623,573
1623,588
1623,604
1623,62
1623,635
1623,651
1623,667
1623,688
1623,703
1623,722
1623,739
1623,755
1623,772
1623,789
1623,806
1623,823
1623,841
1623,858
1623,875
1623,892
1623,909
1623,927
1623,945
1623,963
1623,98
1623,998
1624,015
1624,032
1624,049
1624,066
1624,083
1624,098
1624,114
1624,13
1624,147
1624,16
1624,174
1624,186
1624,198
1624,214
1624,227
1624,24
1624,254
1624,267
1624,28
1624,295
1624,314
1624,332
1624,351
1624,371
1624,388
1624,408
1624,426
1624,443
1624,461
1624,479
1624,497
1624,515
1624,532
1624,55
1624,567
1624,585
1624,6
1624,617
1624,633
1624,65
1624,667
1624,685
1624,7
1624,714
1624,73
1624,744
1624,757
1624,772
1624,783
1624,797
1624,812
1624,829
1624,845
1624,86
1624,873
1624,89
1624,905
1624,923
1624,94
1624,956
1624,972
1624,988
1625
1625,017
1625,033
1625,047
1625,063
1625,08
1625,096
1625,112
1625,127
1625,143
1625,158
1625,174
1625,19
1625,207
1625,222
1625,235
1625,249
1625,267
1625,281
1625,294
1625,307
1625,323
1625,335
1625,349
1625,364
1625,377
1625,392
1625,407
1625,422
1625,435
1625,449
1625,466
1625,48
1625,494
1625,51
1625,522
1625,534
1625,548
1625,564
1625,578
1625,592
1625,607
1625,623
1625,639
1625,654
1625,671
1625,688
1625,705
1625,721
1625,738
1625,751
1625,768
1625,784
1625,8
1625,817
1625,833
1625,851
1625,87
1625,885
1625,902
1625,916
1625,933
1625,951
1625,971
1625,989
1626,008
1626,026
1626,044
1626,061
1626,078
1626,096
1626,114
1626,133
1626,15
1626,168
1626,186
1626,204
1626,221
1626,238
1626,253
1626,272
1626,289
1626,307
1626,326
1626,342
1626,359
1626,375
1626,393
1626,41
1626,428
1626,444
1626,461
1626,479
1626,496
1626,514
1626,531
1626,549
1626,567
1626,584
1626,602
1626,62
1626,637
1626,655
1626,673
1626,692
1626,71
1626,729
1626,747
1626,764
1626,781
1626,8
1626,818
1626,835
1626,852
1626,868
1626,886
1626,901
1626,917
1626,934
1626,951
1626,968
1626,984
1626,999
1627,016
1627,033
1627,056
1627,072
1627,085
1627,101
1627,117
1627,132
1627,15
1627,166
1627,183
1627,2
1627,216
1627,234
1627,251
1627,268
1627,287
1627,305
1627,322
1627,339
1627,355
1627,372
1627,388
1627,405
1627,421
1627,435
1627,45
1627,466
1627,481
1627,497
1627,512
1627,527
1627,542
1627,559
1627,576
1627,594
1627,611
1627,629
1627,648
1627,667
1627,685
1627,704
1627,723
1627,742
1627,759
1627,778
1627,796
1627,813
1627,832
1627,849
1627,868
1627,888
1627,907
1627,925
1627,942
1627,959
1627,979
1627,996
1628,014
1628,029
1628,043
1628,058
1628,07
1628,082
1628,097
1628,11
1628,125
1628,138
1628,15
1628,164
1628,178
1628,191
1628,206
1628,218
1628,232
1628,247
1628,26
1628,272
1628,285
1628,299
1628,315
1628,329
1628,345
1628,359
1628,374
1628,388
1628,4
1628,415
1628,429
1628,442
1628,455
1628,467
1628,481
1628,497
1628,511
1628,527
1628,542
1628,557
1628,573
1628,588
1628,603
1628,703
1628,72
1628,736
1628,75
1628,765
1628,778
1628,794
1628,807
1628,821
1628,833
1628,845
1628,86
1628,875
1628,889
1628,904
1628,917
1628,929
1628,945
1628,959
1628,973
1628,987
1628,998
1629,01
1629,023
1629,038
1629,052
1629,064
1629,077
1629,09
1629,104
1629,119
1629,134
1629,15
1629,163
1629,179
1629,196
1629,212
1629,228
1629,242
1629,256
1629,27
1629,282
1629,296
1629,31
1629,323
1629,337
1629,352
1629,364
1629,377
1629,39
1629,403
1629,417
1629,43
1629,445
1629,462
1629,479
1629,496
1629,514
1629,531
1629,547
1629,564
1629,579
1629,593
1629,607
1629,62
1629,632
1629,645
1629,661
1629,676
1629,691
1629,707
1629,722
1629,737
1629,748
1629,762
1629,778
1629,793
1629,809
1629,824
1629,838
1629,85
1629,864
1629,878
1629,892
1629,906
1629,919
1629,934
1629,949
1629,965
1629,982
1629,999
1630,013
1630,029
1630,044
1630,059
1630,073
1630,086
1630,104
1630,121
1630,14
1630,157
1630,176
1630,195
1630,214
1630,232
1630,253
1630,271
1630,288
1630,308
1630,326
1630,344
1630,363
1630,38
1630,396
1630,413
1630,43
1630,447
1630,464
1630,481
1630,497
1630,515
1630,531
1630,547
1630,563
1630,578
1630,593
1630,607
1630,622
1630,636
1630,648
1630,663
1630,679
1630,694
1630,708
1630,722
1630,733
1630,747
1630,76
1630,774
1630,787
1630,8
1630,813
1630,833
1630,847
1630,863
1630,879
1630,895
1630,913
1630,928
1319,288
1319,306
1319,324
1319,344
1319,362
1319,38
1319,398
1319,417
1319,436
1319,455
1319,474
1319,492
1319,51
1319,529
1319,548
1319,566
1319,585
1319,602
1319,621
1319,64
1319,659
1319,677
1319,696
1319,715
1319,733
1319,754
1319,773
1319,792
1319,81
1319,829
1319,849
1319,867
1319,886
1319,905
1319,922
1319,943
1319,963
1319,982
1320,001
1320,022
1320,04
1320,059
1320,078
1320,098
1320,117
1320,137
1320,156
1320,176
1320,195
1320,214
1320,233
1320,251
1320,271
1320,289
1320,308
1320,327
1320,346
1320,366
1320,386
1320,405
1320,423
1320,442
1320,459
1320,48
1320,499
1320,52
1320,54
1320,558
1320,577
1320,595
1320,614
1320,631
1320,651
1320,67
1320,689
1320,707
1320,726
1320,743
1320,761
1320,781
1320,8
1320,82
1320,838
1320,857
1320,875
1320,894
1320,914
1320,933
1320,952
1320,972
1320,99
1321,009
1321,027
1321,045
1321,063
1321,082
1321,1
1321,121
1321,139
1321,157
1321,174
1321,193
1321,211
1321,228
1321,248
1321,266
1321,284
1321,302
1321,32
1321,338
1321,355
1321,372
1321,389
1321,407
1321,426
1321,444
1321,463
1321,482
1321,499
1321,518
1321,538
1321,558
1321,577
1321,595
1321,614
1321,633
1321,651
1321,669
1321,687
1321,706
1321,724
1321,744
1321,762
1321,78
1321,799
1321,817
1321,834
1321,852
1321,87
1321,888
1321,906
1321,925
1321,943
1321,962
1321,981
1321,999
1322,016
1322,034
1322,052
1322,069
1322,088
1322,105
1322,123
1322,14
1322,158
1322,176
1322,194
1322,212
1322,23
1322,249
1322,267
1322,286
1322,305
1322,322
1322,34
1322,357
1322,375
1322,391
1322,409
1322,426
1322,441
1322,457
1322,474
1322,491
1322,51
1322,528
1322,546
1322,563
1322,581
1322,599
1322,617
1322,635
1322,653
1322,671
1322,688
1322,705
1322,721
1322,738
1322,755
1322,772
1322,789
1322,807
1322,823
1322,841
1322,859
1322,877
1322,895
1322,912
1322,929
1322,948
1322,965
1322,981
1322,999
1323,016
1323,034
1323,051
1323,069
1323,089
1323,108
1323,125
1323,143
1323,162
1323,18
1323,201
1323,219
1323,238
1323,257
1323,276
1323,295
1323,314
1323,332
1323,35
1323,368
1323,385
1323,402
1323,42
1323,438
1323,456
1323,473
1323,49
1323,509
1323,527
1323,544
1323,562
1323,58
1323,599
1323,618
1323,635
1323,653
1323,671
1323,689
1323,706
1323,724
1323,742
1323,76
1323,777
1323,796
1323,814
1323,833
1323,851
1323,871
1323,889
1323,907
1323,926
1323,945
1323,965
1323,983
1324,002
1324,022
1324,041
1324,06
1324,077
1324,096
1324,114
1324,134
1324,154
1324,173
1324,193
1324,211
1324,229
1324,248
1324,267
1324,288
1324,307
1324,326
1324,344
1324,363
1324,383
1324,403
1324,422
1324,442
1324,461
1324,479
1324,498
1324,517
1324,537
1324,558
1324,576
1324,595
1324,614
1324,634
1324,655
1324,676
1324,694
1324,713
1324,732
1324,75
1324,768
1324,787
1324,806
1324,825
1324,844
1324,863
1324,882
1324,9
1324,918
1324,936
1324,954
1324,973
1324,99
1325,009
1325,028
1325,047
1325,066
1325,084
1325,105
1325,124
1325,142
1325,162
1325,18
1325,198
1325,217
1325,239
1325,257
1325,276
1325,295
1325,314
1325,333
1325,352
1325,371
1325,39
1325,41
1325,428
1325,447
1325,465
1325,491
1325,515
1325,535
1325,555
1325,573
1325,593
1325,611
1325,63
1325,647
1325,665
1325,685
1325,704
1325,723
1325,741
1325,758
1325,778
1325,796
1325,815
1325,834
1325,854
1325,873
1325,893
1325,912
1325,93
1325,949
1325,968
1325,986
1326,004
1326,023
1326,041
1326,059
1326,077
1326,095
1326,112
1326,131
1326,149
1326,167
1326,185
1326,203
1326,22
1326,237
1326,256
1326,274
1326,292
1326,311
1326,329
1326,349
1326,367
1326,383
1326,401
1326,418
1326,433
1326,449
1326,466
1326,482
1326,5
1326,517
1326,533
1326,549
1326,566
1326,585
1326,602
1326,619
1326,636
1326,655
1326,672
1326,689
1326,706
1326,723
1326,741
1326,757
1326,774
1326,79
1326,808
1326,827
1326,846
1326,866
1326,889
1326,911
1326,932
1326,953
1326,974
1326,996
1327,015
1327,033
1327,05
1327,068
1327,086
1327,103
1327,12
1327,139
1327,156
1327,173
1327,191
1327,209
1327,226
1327,244
1327,262
1327,28
1327,297
1327,314
1327,332
1327,349
1327,366
1327,383
1327,401
1327,418
1327,436
1327,454
1327,472
1327,49
1327,508
1327,526
1327,545
1327,562
1327,578
1327,597
1327,614
1327,632
1327,65
1327,669
1327,689
1327,707
1327,725
1327,743
1327,761
1327,779
1327,796
1327,814
1327,832
1327,849
1327,865
1327,882
1327,9
1327,918
1327,934
1327,951
1327,971
1327,989
1328,006
1328,023
1328,04
1328,059
1328,078
1328,095
1328,114
1328,131
1328,148
1328,166
1328,183
1328,202
1328,219
1328,235
1328,253
1328,271
1328,288
1328,307
1328,326
1328,343
1328,362
1328,38
1328,398
1328,417
1328,435
1328,452
1328,467
1328,483
1328,502
1328,519
1328,536
1328,553
1328,569
1328,587
1328,602
1328,617
1328,634
1328,649
1328,665
1328,681
1328,697
1328,715
1328,731
1328,749
1328,766
1328,782
1328,798
1328,815
1328,832
1328,85
1328,868
1328,886
1328,903
1328,921
1328,938
1328,956
1328,973
1328,988
1329,006
1329,024
1329,043
1329,061
1329,078
1329,096
1329,114
1329,132
1329,15
1329,169
1329,187
1329,204
1329,222
1329,239
1329,257
1329,274
1329,291
1329,308
1329,325
1329,343
1329,361
1329,379
1329,396
1329,413
1329,431
1329,449
1329,466
1329,482
1329,499
1329,516
1329,532
1329,55
1329,567
1329,586
1329,604
1329,621
1329,639
1329,656
1329,674
1329,692
1329,709
1329,726
1329,744
1329,761
1329,779
1329,797
1329,815
1329,832
1329,849
1329,949
1329,965
1329,982
1329,996
1330,013
1330,032
1330,052
1330,071
1330,088
1330,104
1330,12
1330,136
1330,152
1330,169
1330,185
1330,201
1330,216
1330,232
1330,249
1330,265
1330,282
1330,298
1330,316
1330,333
1330,35
1330,366
1330,382
1330,4
1330,417
1330,433
1330,452
1330,47
1330,488
1330,506
1330,524
1330,543
1330,562
1330,58
1330,598
1330,615
1330,632
1330,65
1330,668
1330,685
1330,703
1330,721
1330,739
1330,76
1330,778
1330,796
1330,813
1330,832
1330,852
1330,872
1330,891
1330,909
1330,926
1330,945
1330,962
1330,981
1330,999
1331,017
1331,035
1331,053
1331,071
1331,089
1331,106
1331,124
1331,142
1331,16
1331,178
1331,196
1331,213
1331,23
1331,248
1331,265
1331,281
1331,299
1331,316
1331,333
1331,351
1331,37
1331,387
1331,404
1331,422
1331,44
1331,458
1331,476
1331,494
1331,512
1331,53
1331,548
1331,566
1331,584
1331,601
1331,619
1331,635
1331,653
1331,671
1331,688
1331,706
1331,722
1331,738
1331,755
1331,771
1331,789
1331,806
1331,823
1331,84
1331,859
1331,877
1331,895
1331,912
1331,929
1331,947
1331,964
1331,984
1332,001
1332,019
1332,036
1332,054
1332,071
1332,089
1332,107
1332,123
1332,138
1332,153
1332,17
1332,186
1332,202
1332,219
1332,235
1332,25
1332,267
1332,282
1332,298
1332,315
1332,333
1332,348
1332,362
1332,377
1332,395
1332,411
1332,43
1332,448
1332,464
1332,482
1332,499
1332,516
1332,533
1332,552
1332,57
1332,588
1332,605
1332,623
1332,642
1332,659
1332,677
1332,696
1332,712
1332,729
1332,746
1332,763
1332,781
1332,799
1332,816
1332,832
1332,851
1332,868
1332,887
1332,905
1332,924
1332,942
1332,961
1332,979
1332,996
1333,013
1333,029
1333,047
1333,064
1333,081
1333,099
1333,116
1333,133
1333,151
1333,168
1333,185
1333,203
1333,221
1333,238
1333,256
1333,275
1333,292
1333,31
1333,327
1333,347
1333,365
1333,383
1333,4
1333,417
1333,434
1333,452
1333,47
1333,488
1333,506
1333,524
1333,541
1333,56
1333,577
1333,594
1333,611
1333,629
1333,646
1333,664
1333,681
1333,699
1333,717
1333,734
1333,751
1333,769
1333,786
1333,804
1333,821
1333,838
1333,856
1333,873
1333,89
1333,909
1333,926
1333,943
1333,961
1333,979
1333,997
1334,015
1334,034
1334,052
1334,07
1334,087
1334,106
1334,121
1334,139
1334,156
1334,173
1334,189
1334,205
1334,222
1334,238
1334,255
1334,272
1334,29
1334,308
1334,326
1334,342
1334,361
1334,378
1334,394
1334,411
1334,43
1334,446
1334,462
1334,478
1334,495
1334,512
1334,529
1334,549
1334,566
1334,583
1334,6
1334,618
1334,635
1334,654
1334,672
1334,692
1334,71
1334,729
1334,745
1334,762
1334,779
1334,797
1334,815
1334,833
1334,851
1334,871
1334,888
1334,906
1334,925
1334,943
1334,96
1334,979
1334,995
1335,014
1335,031
1335,05
1335,068
1335,086
1335,104
1335,122
1335,14
1335,157
1335,175
1335,193
1335,21
1335,228
1335,245
1335,263
1335,279
1335,295
1335,312
1335,33
1335,346
1335,363
1335,381
1335,4
1335,418
1335,437
1335,454
1335,473
1335,492
1335,51
1335,528
1335,545
1335,563
1335,583
1335,601
1335,618
1335,635
1335,653
1335,671
1335,689
1335,705
1335,722
1335,74
1335,758
1335,775
1335,793
1335,811
1335,828
1335,847
1335,864
1335,881
1335,899
1335,916
1335,934
1335,952
1335,969
1335,988
1336,004
1336,021
1336,038
1336,055
1336,073
1336,09
1336,108
1336,124
1336,141
1336,158
1336,174
1336,191
1336,208
1336,226
1336,242
1336,257
1336,273
1336,288
1336,306
1336,323
1336,34
1336,356
1336,374
1336,391
1336,408
1336,425
1336,442
1336,459
1336,475
1336,492
1336,509
1336,527
1336,543
1336,56
1336,578
1336,596
1336,612
1336,629
1336,649
1336,667
1336,685
1336,703
1336,721
1336,738
1336,756
1336,773
1336,791
1336,808
1336,826
1336,843
1336,861
1336,878
1336,897
1336,914
1336,932
1336,949
1336,968
1336,985
1337,002
1337,02
1337,038
1337,056
1337,073
1337,091
1337,108
1337,125
1337,141
1337,159
1337,178
1337,196
1337,214
1337,231
1337,251
1337,27
1337,288
1337,307
1337,327
1337,344
1337,362
1337,381
1337,399
1337,416
1337,434
1337,451
1337,468
1337,486
1337,503
1337,521
1337,539
1337,558
1337,577
1337,596
1337,614
1337,632
1337,651
1337,668
1337,684
1337,703
1337,721
1337,738
1337,757
1337,776
1337,794
1337,811
1337,831
1337,848
1337,868
1337,885
1337,902
1337,92
1337,938
1337,955
1337,972
1337,99
1338,007
1338,025
1338,044
1338,061
1338,078
1338,094
1338,111
1338,127
1338,144
1338,161
1338,176
1338,192
1338,209
1338,227
1338,245
1338,262
1338,279
1338,296
1338,314
1338,331
1338,349
1338,366
1338,384
1338,402
1338,42
1338,437
1338,454
1338,471
1338,489
1338,506
1338,524
1338,541
1338,559
1338,576
1338,593
1338,61
1338,63
1338,648
1338,665
1338,682
1338,7
1338,718
1338,734
1338,753
1338,771
1338,788
1338,806
1338,824
1338,842
1338,86
1338,878
1338,897
1338,915
1338,934
1338,952
1338,97
1338,988
1339,005
1339,023
1339,041
1339,058
1339,077
1339,094
1339,111
1339,129
1339,148
1339,166
1339,184
1339,201
1339,22
1339,238
1339,256
1339,275
1339,293
1339,311
1339,33
1339,347
1339,364
1339,382
1339,399
1339,417
1339,433
1339,45
1339,468
1339,485
1339,502
1339,52
1339,537
1339,554
1339,572
1339,589
1339,607
1339,624
1339,642
1339,66
1339,677
1339,695
1339,711
1339,729
1339,747
1339,764
1339,78
1339,797
1339,815
1339,832
1339,851
1339,869
1339,888
1339,907
1339,925
1339,944
1339,961
1339,979
1339,996
1340,014
1340,032
1340,05
1340,067
1340,085
1340,102
1340,12
1340,137
1340,154
1340,171
1340,188
1340,205
1340,221
1340,237
1340,253
1340,27
1340,287
1340,304
1340,321
1340,339
1340,356
1340,374
1340,392
1340,411
1340,428
1340,446
1340,462
1340,478
1340,496
1340,513
1340,531
1340,549
1340,566
1340,583
1340,6
1340,617
1340,633
1340,65
1340,667
1340,685
1340,701
1340,72
1340,738
1340,756
1340,775
1340,793
1340,811
1340,829
1340,848
1340,866
1340,885
1340,903
1340,922
1340,939
1340,956
1340,974
1340,992
1341,01
1341,028
1341,045
1341,062
1341,08
1341,097
1341,114
1341,132
1341,15
1341,167
1341,183
1341,2
1341,217
1341,235
1341,252
1341,271
1341,288
1341,306
1341,325
1341,343
1341,362
1341,381
1341,401
1341,419
1341,436
1341,454
1341,472
1341,49
1341,507
1341,524
1341,542
1341,56
1341,577
1341,594
1341,612
1341,629
1341,647
1341,665
1341,682
1341,701
1341,721
1341,739
1341,757
1341,774
1341,792
1341,81
1341,828
1341,844
1341,862
1341,882
1341,9
1341,919
1341,937
1341,956
1341,974
1341,991
1342,01
1342,027
1342,044
1342,063
1342,081
1342,098
1342,114
1342,13
1342,146
1342,161
1342,178
1342,197
1342,214
1342,23
1342,244
1342,259
1342,276
1342,292
1342,309
1342,328
1342,344
1342,362
1342,378
1342,397
1342,415
1342,433
1342,453
1342,473
1342,496
1342,515
1342,533
1342,552
1342,568
1342,587
1342,604
1342,622
1342,639
1342,657
1342,674
1342,691
1342,708
1342,726
1342,744
1342,763
1342,781
1342,8
1342,818
1342,835
1342,854
1342,872
1342,89
1342,909
1342,927
1342,943
1342,96
1342,979
1342,997
1343,017
1343,037
1343,056
1343,075
1343,094
1343,113
1343,132
1343,152
1343,171
1343,19
1343,208
1343,227
1343,245
1343,264
1343,281
1343,299
1343,315
1343,333
1343,351
1343,368
1343,386
1343,404
1343,423
1343,441
1343,459
1343,476
1343,494
1343,513
1343,532
1343,549
1343,567
1343,585
1343,602
1343,619
1343,638
1343,656
1343,673
1343,691
1343,709
1343,728
1343,745
1343,763
1343,781
1343,8
1343,819
1343,839
1343,859
1343,878
1343,898
1343,917
1343,935
1343,954
1343,971
1343,989
1344,006
1344,027
1344,046
1344,064
1344,083
1344,101
1344,12
1344,137
1344,154
1344,171
1344,189
1344,206
1344,223
1344,241
1344,259
1344,277
1344,295
1344,314
1344,332
1344,349
1344,367
1344,39
1344,406
1344,424
1344,442
1344,459
1344,475
1344,493
1344,51
1344,529
1344,545
1344,563
1344,583
1344,6
1344,619
1344,637
1344,656
1344,675
1344,694
1344,712
1344,731
1344,75
1344,768
1344,786
1344,806
1344,824
1344,842
1344,861
1344,881
1344,897
1344,915
1344,934
1344,952
1344,968
1344,986
1345,003
1345,021
1345,039
1345,058
1345,076
1345,092
1345,11
1345,129
1345,148
1345,166
1345,185
1345,202
1345,222
1345,239
1345,258
1345,276
1345,295
1345,312
1345,331
1345,348
1345,366
1345,384
1345,401
1345,419
1345,435
1345,454
1345,472
1345,49
1345,508
1345,526
1345,545
1345,563
1345,581
1345,599
1345,616
1345,635
1345,653
1345,672
1345,689
1345,707
1345,729
1345,747
1345,764
1345,782
1345,8
1345,819
1345,838
1345,856
1345,874
1345,891
1345,909
1345,927
1345,945
1345,963
1345,979
1345,997
1346,015
1346,032
1346,05
1346,068
1346,085
1346,101
1346,118
1346,135
1346,153
1346,171
1346,19
1346,208
1346,226
1346,244
1346,262
1346,279
1346,297
1346,312
1346,327
1346,342
1346,359
1346,377
1346,393
1346,409
1346,425
1346,442
1346,459
1346,476
1346,495
1346,513
1346,53
1346,548
1346,566
1346,584
1346,602
1346,621
1346,639
1346,658
1346,676
1346,694
1346,712
1346,732
1346,75
1346,767
1346,786
1346,802
1346,82
1346,839
1346,858
1346,876
1346,892
1346,91
1346,928
1346,945
1346,963
1346,981
1347
1347,019
1347,036
1347,054
1347,072
1347,09
1347,109
1347,126
1347,145
1347,163
1347,182
1347,201
1347,218
1347,234
1347,251
1347,267
1347,283
1347,302
1347,321
1347,34
1347,358
1347,376
1347,393
1347,412
1347,43
1347,449
1347,466
1347,484
1347,502
1347,519
1347,537
1347,553
1347,571
1347,589
1347,606
1347,624
1347,642
1347,66
1347,679
1347,696
1347,714
1347,732
1347,75
1347,767
1347,785
1347,802
1347,821
1347,839
1347,856
1347,874
1347,892
1347,91
1347,928
1347,947
1347,964
1347,982
1348
1348,016
1348,034
1348,051
1348,068
1348,084
1348,102
1348,119
1348,135
1348,152
1348,169
1348,185
1348,202
1348,219
1348,236
1348,252
1348,268
1348,284
1348,299
1348,316
1348,332
1348,35
1348,368
1348,385
1348,403
1348,42
1348,44
1348,459
1348,478
1348,494
1348,512
1348,53
1348,547
1348,565
1348,582
1348,599
1348,617
1348,634
1348,653
1348,67
1348,688
1348,705
1348,722
1348,739
1348,756
1348,773
1348,791
1348,808
1348,825
1348,844
1348,861
1348,88
1348,899
1348,916
1348,934
1348,952
1348,969
1348,986
1349,004
1349,021
1349,039
1349,057
1349,076
1349,094
1349,112
1349,13
1349,149
1349,168
1349,185
1349,204
1349,222
1349,239
1349,257
1349,275
1349,292
1349,309
1349,328
1349,345
1349,362
1349,379
1349,397
1349,416
1349,433
1349,451
1349,469
1349,486
1349,503
1349,522
1349,538
1349,556
1349,573
1349,591
1349,609
1349,626
1349,643
1349,659
1349,677
1349,693
1349,711
1349,728
1349,745
1349,763
1349,78
1349,798
1349,814
1349,833
1349,85
1349,867
1349,885
1349,901
1349,92
1349,937
1349,955
1349,973
1349,99
1350,007
1350,027
1350,045
1350,063
1350,08
1350,094
1350,11
1350,126
1350,143
1350,161
1350,177
1350,195
1350,212
1350,229
1350,246
1350,263
1350,279
1350,297
1350,314
1350,33
1350,348
1350,364
1350,381
1350,397
1350,412
1350,428
1350,442
1350,458
1350,474
1350,492
1350,511
1350,529
1350,547
1350,565
1350,585
1350,604
1350,623
1350,641
1350,659
1350,676
1350,693
1350,71
1350,727
1350,744
1350,762
1350,78
1350,799
1350,818
1350,835
1350,853
1350,871
1350,89
1350,908
1350,927
1350,945
1350,963
1350,981
1351
1351,019
1351,037
1351,056
1351,076
1351,093
1351,11
1351,127
1351,145
1351,163
1351,181
1351,199
1351,216
1351,232
1351,248
1351,265
1351,282
1351,298
1351,315
1351,332
1351,349
1351,366
1351,382
1351,4
1351,417
1351,435
1351,451
1351,469
1351,487
1351,505
1351,522
1351,541
1351,558
1351,575
1351,596
1351,612
1351,63
1351,646
1351,663
1351,68
1351,697
1351,714
1351,731
1351,747
1351,763
1351,78
1351,797
1351,813
1351,83
1351,848
1351,865
1351,883
1351,9
1351,917
1351,935
1351,953
1351,971
1351,989
1352,007
1352,024
1352,042
1352,06
1352,078
1352,096
1352,115
1352,133
1352,15
1352,169
1352,186
1352,203
1352,22
1352,237
1352,254
1352,271
1352,288
1352,304
1352,321
1352,342
1352,36
1352,377
1352,393
1352,411
1352,428
1352,444
1352,459
1352,475
1352,493
1352,51
1352,528
1352,545
1352,564
1352,581
1352,599
1352,615
1352,633
1352,652
1352,67
1352,689
1352,707
1352,725
1352,746
1352,764
1352,782
1352,8
1352,818
1352,836
1352,854
1352,871
1352,889
1352,906
1352,924
1352,942
1352,958
1352,975
1352,993
1353,011
1353,029
1353,047
1353,066
1353,083
1353,101
1353,119
1353,136
1353,155
1353,174
1353,191
1353,208
1353,226
1353,244
1353,26
1353,278
1353,296
1353,314
1353,331
1353,349
1353,366
1353,383
1353,401
1353,419
1353,436
1353,454
1353,472
1353,49
1353,509
1353,527
1353,545
1353,563
1353,581
1353,598
1353,616
1353,632
1353,649
1353,666
1353,683
1353,702
1353,719
1353,737
1353,755
1353,772
1353,79
1353,808
1353,826
1353,846
1353,865
1353,882
1353,899
1353,917
1353,935
1353,952
1353,97
1353,988
1354,006
1354,024
1354,041
1354,059
1354,074
1354,091
1354,107
1354,122
1354,138
1354,154
1354,169
1354,185
1354,2
1354,219
1354,237
1354,254
1354,271
1354,289
1354,307
1354,325
1354,343
1354,36
1354,379
1354,396
1354,413
1354,432
1354,45
1354,467
1354,487
1354,503
1354,521
1354,537
1354,554
1354,57
1354,588
1354,605
1354,623
1354,64
1354,661
1354,678
1354,696
1354,714
1354,73
1354,748
1354,766
1354,784
1354,801
1354,818
1354,837
1354,854
1354,874
1354,891
1354,909
1354,926
1354,942
1354,96
1354,976
1354,994
1355,01
1355,027
1355,045
1355,062
1355,079
1355,097
1355,113
1355,131
1355,148
1355,166
1355,184
1355,202
1355,22
1355,238
1355,256
1355,276
1355,293
1355,311
1355,327
1355,345
1355,362
1355,379
1355,398
1355,417
1355,435
1355,452
1355,471
1355,489
1355,506
1355,525
1355,543
1355,562
1355,579
1355,598
1355,615
1355,632
1355,65
1355,667
1355,685
1355,703
1355,72
1355,738
1355,756
1355,775
1355,793
1355,811
1355,828
1355,847
1355,865
1355,884
1355,902
1355,92
1355,938
1355,956
1355,973
1355,991
1356,008
1356,025
1356,041
1356,057
1356,074
1356,09
1356,106
1356,123
1356,14
1356,157
1356,174
1356,192
1356,209
1356,228
1356,245
1356,263
1356,28
1356,298
1356,316
1356,333
1356,35
1356,369
1356,388
1356,407
1356,423
1356,44
1356,457
1356,472
1356,489
1356,507
1356,524
1356,541
1356,558
1356,576
1356,594
1356,611
1356,629
1356,648
1356,665
1356,682
1356,7
1356,718
1356,736
1356,754
1356,772
1356,79
1356,808
1356,825
1356,844
1356,862
1356,88
1356,899
1356,917
1356,935
1356,953
1356,971
1356,992
1357,011
1357,03
1357,046
1357,065
1357,083
1357,102
1357,12
1357,137
1357,155
1357,172
1357,19
1357,208
1357,226
1357,243
1357,259
1357,277
1357,296
1357,315
1357,334
1357,352
1357,37
1357,388
1357,406
1357,426
1357,443
1357,461
1357,479
1357,498
1357,516
1357,534
1357,552
1357,57
1357,587
1357,603
1357,62
1357,637
1357,656
1357,674
1357,692
1357,709
1357,727
1357,745
1357,762
1357,78
1357,797
1357,815
1357,833
1357,852
1357,87
1357,887
1357,905
1357,922
1357,941
1357,959
1357,977
1357,996
1358,014
1358,032
1358,049
1358,068
1358,086
1358,104
1358,121
1358,14
1358,158
1358,175
1358,193
1358,209
1358,224
1358,241
1358,258
1358,275
1358,293
1358,31
1358,327
1358,342
1358,36
1358,378
1358,393
1358,41
1358,426
1358,442
1358,458
1358,475
1358,493
1358,51
1358,528
1358,545
1358,562
1358,58
1358,597
1358,615
1358,631
1358,648
1358,665
1358,682
1358,7
1358,718
1358,736
1358,754
1358,772
1358,791
1358,809
1358,827
1358,844
1358,863
1358,882
1358,901
1358,919
1358,936
1358,953
1358,97
1358,987
1359,003
1359,022
1359,04
1359,058
1359,078
1359,096
1359,115
1359,132
1359,15
1359,169
1359,187
1359,205
1359,222
1359,239
1359,256
1359,274
1359,292
1359,31
1359,327
1359,343
1359,36
1359,378
1359,396
1359,413
1359,431
1359,447
1359,464
1359,481
1359,499
1359,517
1359,534
1359,552
1359,571
1359,588
1359,606
1359,623
1359,642
1359,66
1359,677
1359,695
1359,712
1359,729
1359,747
1359,764
1359,781
1359,8
1359,818
1359,835
1359,852
1359,87
1359,886
1359,905
1359,922
1359,94
1359,957
1359,975
1359,993
1360,01
1360,028
1360,044
1360,06
1360,08
1360,096
1360,113
1360,129
1360,145
1360,159
1360,178
1360,195
1360,213
1360,23
1360,247
1360,263
1360,279
1360,297
1360,313
1360,33
1360,346
1360,362
1360,379
1360,396
1360,413
1360,431
1360,449
1360,466
1360,484
1360,502
1360,52
1360,538
1360,557
1360,575
1360,593
1360,611
1360,629
1360,647
1360,665
1360,683
1360,702
1360,721
1360,739
1360,757
1360,776
1360,794
1360,812
1360,829
1360,846
1360,864
1360,881
1360,899
1360,917
1360,934
1360,951
1360,969
1360,987
1361,005
1361,022
1361,041
1361,06
1361,08
1361,098
1361,116
1361,134
1361,153
1361,171
1361,189
1361,208
1361,225
1361,246
1361,263
1361,281
1361,299
1361,316
1361,334
1361,352
1361,37
1361,388
1361,406
1361,423
1361,441
1361,46
1361,477
1361,496
1361,514
1361,532
1361,549
1361,567
1361,584
1361,603
1361,621
1361,639
1361,656
1361,676
1361,697
1361,716
1361,733
1361,75
1361,768
1361,787
1361,805
1361,823
1361,841
1361,86
1361,877
1361,893
1361,911
1361,929
1361,948
1361,967
1361,985
1362,003
1362,021
1362,039
1362,057
1362,075
1362,09
1362,107
1362,123
1362,14
1362,155
1362,172
1362,188
1362,207
1362,226
1362,244
1362,259
1362,275
1362,291
1362,31
1362,326
1362,342
1362,361
1362,379
1362,396
1362,412
1362,429
1362,446
1362,463
1362,479
1362,496
1362,514
1362,532
1362,55
1362,567
1362,585
1362,605
1362,623
1362,641
1362,658
1362,675
1362,692
1362,709
1362,726
1362,745
1362,762
1362,779
1362,797
1362,813
1362,831
1362,849
1362,866
1362,884
1362,9
1362,918
1362,936
1362,954
1362,972
1362,989
1363,007
1363,024
1363,042
1363,058
1363,074
1363,092
1363,109
1363,127
1363,145
1363,162
1363,181
1363,199
1363,217
1363,236
1363,254
1363,273
1363,292
1363,311
1363,329
1363,347
1363,364
1363,381
1363,399
1363,416
1363,436
1363,456
1363,473
1363,491
1363,509
1363,527
1363,543
1363,561
1363,578
1363,595
1363,612
1363,629
1363,647
1363,664
1363,682
1363,698
1363,716
1363,734
1363,751
1363,77
1363,789
1363,806
1363,825
1363,843
1363,861
1363,879
1363,897
1363,916
1363,934
1363,952
1363,971
1364,071
1364,085
1364,1
1364,113
1364,129
1364,143
1364,167
1364,187
1364,205
1364,221
1364,24
1364,257
1364,275
1364,292
1364,309
1364,328
1364,345
1364,363
1364,38
1364,398
1364,416
1364,435
1364,454
1364,472
1364,49
1364,51
1364,528
1364,547
1364,567
1364,585
1364,603
1364,621
1364,639
1364,656
1364,673
1364,69
1364,709
1364,726
1364,743
1364,761
1364,779
1364,796
1364,814
1364,833
1364,85
1364,866
1364,884
1364,902
1364,919
1364,937
1364,955
1364,972
1364,991
1365,009
1365,026
1365,044
1365,06
1365,077
1365,094
1365,111
1365,128
1365,145
1365,162
1365,181
1365,198
1365,215
1365,231
1365,248
1365,265
1365,284
1365,302
1365,322
1365,339
1365,355
1365,372
1365,39
1365,407
1365,426
1365,444
1365,461
1365,478
1365,495
1365,511
1365,53
1365,547
1365,563
1365,581
1365,598
1365,615
1365,632
1365,649
1365,668
1365,685
1365,703
1365,722
1365,741
1365,759
1365,776
1365,793
1365,81
1365,827
1365,844
1365,859
1365,874
1365,891
1365,91
1365,927
1365,944
1365,961
1365,979
1365,996
1366,012
1366,027
1366,042
1366,059
1366,073
1366,09
1366,108
1366,125
1366,143
1366,159
1366,174
1366,189
1366,207
1366,225
1366,245
1366,262
1366,28
1366,298
1366,316
1366,333
1366,352
1366,371
1366,391
1366,409
1366,427
1366,447
1366,465
1366,483
1366,5
1366,518
1366,536
1366,554
1366,573
1366,591
1366,609
1366,625
1366,642
1366,66
1366,677
1366,695
1366,713
1366,731
1366,749
1366,767
1366,786
1366,805
1366,824
1366,843
1366,861
1366,88
1366,898
1366,916
1366,934
1366,953
1366,971
1366,99
1367,008
1367,026
1367,045
1367,061
1367,078
1367,095
1367,113
1367,131
1367,15
1367,168
1367,186
1367,204
1367,222
1367,24
1367,26
1367,279
1367,296
1367,313
1367,331
1367,349
1367,367
1367,386
1367,403
1367,421
1367,439
1367,457
1367,475
1367,492
1367,51
1367,527
1367,544
1367,56
1367,577
1367,594
1367,611
1367,629
1367,647
1367,665
1367,682
1367,7
1367,717
1367,734
1367,753
1367,77
1367,788
1367,804
1367,821
1367,839
1367,856
1367,874
1367,891
1367,908
1367,924
1367,94
1367,957
1367,973
1367,991
1368,004
1368,021
1368,039
1368,057
1368,074
1368,092
1368,109
1368,126
1368,142
1368,16
1368,176
1368,194
1368,212
1368,23
1368,248
1368,266
1368,283
1368,301
1368,319
1368,336
1368,354
1368,372
1368,391
1368,407
1368,425
1368,442
1368,459
1368,477
1368,495
1368,513
1368,532
1368,551
1368,568
1368,584
1368,602
1368,619
1368,638
1368,656
1368,674
1368,692
1368,711
1368,729
1368,747
1368,765
1368,781
1368,798
1368,814
1368,832
1368,85
1368,867
1368,885
1368,902
1368,92
1368,938
1368,955
1368,971
1368,989
1369,006
1369,023
1369,04
1369,059
1369,076
1369,094
1369,112
1369,13
1369,149
1369,168
1369,186
1369,204
1369,221
1369,24
1369,258
1369,276
1369,294
1369,311
1369,329
1369,347
1369,365
1369,383
1369,4
1369,418
1369,436
1369,453
1369,47
1369,489
1369,506
1369,524
1369,542
1369,56
1369,577
1369,595
1369,612
1369,63
1369,646
1369,663
1369,679
1369,697
1369,714
1369,731
1369,748
1369,766
1369,782
1369,799
1369,815
1369,831
1369,848
1369,865
1369,88
1369,897
1369,912
1369,929
1369,946
1369,963
1369,981
1369,998
1370,015
1370,033
1370,05
1370,069
1370,088
1370,106
1370,123
1370,139
1370,156
1370,175
1370,192
1370,21
1370,228
1370,246
1370,264
1370,282
1370,3
1370,318
1370,336
1370,354
1370,372
1370,39
1370,408
1370,425
1370,442
1370,459
1370,477
1370,494
1370,513
1370,531
1370,549
1370,568
1370,586
1370,604
1370,623
1370,64
1370,658
1370,677
1370,695
1370,713
1370,731
1370,748
1370,766
1370,782
1370,8
1370,817
1370,836
1370,854
1370,873
1370,891
1370,909
1370,927
1370,944
1370,961
1370,979
1370,996
1371,014
1371,032
1371,052
1371,07
1371,088
1371,108
1371,126
1371,143
1371,16
1371,179
1371,196
1371,213
1371,231
1371,248
1371,266
1371,283
1371,303
1371,321
1371,339
1371,357
1371,375
1371,392
1371,41
1371,428
1371,445
1371,463
1371,481
1371,499
