606,1327
606,1537
606,1724
606,1894
606,2068
606,2223
606,2388
606,2542
606,2678
606,2825
606,2965
606,3093
606,324
606,3373
606,3507
606,3655
606,3802
606,3953
606,4111
606,4265
606,4409
606,4525
606,4656
606,4849
606,5001
606,5158
606,5322
606,5503
606,5665
606,5828
606,5983
606,614
606,629
606,6454
606,6615
606,6789
606,6944
606,7087
606,7258
606,7441
606,7607
606,7768
606,793
606,8081
606,8223
606,834
606,8476
606,8618
606,8762
606,889
606,9024
606,9152
606,9294
606,9438
606,9575
606,9691
606,9836
607,0009
607,0178
607,0342
607,0486
607,0648
607,0809
607,0981
607,1151
607,1334
607,1517
607,1713
607,1898
607,2097
607,2282
607,2466
607,2635
607,2826
607,3014
607,3199
607,3387
607,3575
607,3745
607,3922
607,4105
607,4278
607,4461
607,4642
607,483
607,5007
607,5197
607,537
607,5532
607,5701
607,5891
607,6065
607,6241
607,6415
607,6589
607,6761
607,694
607,7117
607,7319
607,7492
607,7675
607,7863
607,8064
607,8244
607,8428
607,8605
607,8782
607,8962
607,9139
607,9306
607,9463
607,9623
607,9782
607,9947
608,012
608,0286
608,0446
608,0614
608,0779
608,0945
608,1102
608,1276
608,1454
608,1643
608,1832
608,2067
608,2245
608,2416
608,2592
608,2758
608,2941
608,3123
608,3304
608,3485
608,3663
608,3842
608,4035
608,4235
608,4423
608,46
608,4771
608,4955
608,5135
608,5311
608,55
608,5673
608,5853
608,6016
608,616
608,6312
608,6453
608,6598
608,6739
608,6879
608,7031
608,7202
608,7372
608,7551
608,7722
608,7909
608,808
608,8246
608,8413
608,8569
608,8701
608,8836
608,8998
608,9145
608,929
608,9444
608,9607
608,977
608,9921
609,0082
609,0253
609,0417
609,0587
609,0742
609,0912
609,1098
609,127
609,1453
609,1639
609,1842
609,2026
609,223
609,2411
609,2586
609,2769
609,2957
609,3134
609,3325
609,3512
609,3696
609,387
609,4056
609,4235
609,4413
609,4579
609,4748
609,4925
609,5098
609,5252
609,5436
609,5598
609,5756
609,5923
609,6084
609,6249
609,6416
609,6579
609,675
609,6894
609,7028
609,719
609,735
609,7509
609,7676
609,785
609,8005
609,8166
609,8327
609,8491
609,8662
609,884
609,9022
609,9188
609,936
609,9525
609,9697
609,9867
610,0034
610,0223
610,0399
610,0566
610,0724
610,0859
610,102
610,1183
610,1356
610,1528
610,1719
610,1896
610,2103
610,2288
610,2466
610,2643
610,2817
610,2994
610,3175
610,3355
610,3555
610,3736
610,3908
610,4096
610,4261
610,4437
610,4611
610,4793
610,4981
610,516
610,5344
610,5521
610,5696
610,5874
610,6045
610,6223
610,6398
610,6559
610,6727
610,6899
610,7052
610,722
610,7391
610,756
610,7736
610,7906
610,8079
610,8241
610,8392
610,8549
610,871
610,8869
610,9034
610,9178
610,934
610,95
610,9668
610,9812
610,9968
611,0111
611,027
611,0428
611,0579
611,0701
611,0862
611,1017
611,1185
611,1338
611,1506
611,1676
611,1846
611,2016
611,2195
611,2357
611,2519
611,2694
611,2859
611,302
611,3152
611,3284
611,3431
611,3566
611,3716
611,3855
611,4009
611,4176
611,4341
611,4505
611,4669
611,4844
611,5002
611,5173
611,5329
611,5496
611,5647
611,5783
611,5914
611,6061
611,618
611,6323
611,6482
611,6625
611,6754
611,6892
611,7015
611,7142
611,7291
611,7472
611,7637
611,7809
611,798
611,8136
611,83
611,8461
611,862
611,8779
611,8906
611,9024
611,9158
611,9291
611,9434
611,9586
611,9723
611,9885
612,0035
612,0197
612,0381
612,0563
612,074
612,0908
612,1066
612,1229
612,1402
612,1559
612,1727
612,1887
612,2054
612,2188
612,2334
612,2496
612,2655
612,2811
612,2946
612,3099
612,3257
612,3406
612,356
612,3712
612,3853
612,4003
612,4158
612,4322
612,4484
612,4645
612,4774
612,4911
612,5029
612,5165
612,5305
612,544
612,5573
612,5723
612,5842
612,5986
612,6128
612,6292
612,6452
612,6581
612,6714
612,6851
612,7006
612,7177
612,7382
612,7553
612,7723
612,7913
612,8087
612,825
612,8427
612,8596
612,8766
612,8932
612,9097
612,9261
612,9418
612,9553
612,9683
612,9841
612,9995
613,0151
613,0311
613,0479
613,0653
613,0828
613,0992
613,1154
613,1324
613,1475
613,1643
613,1791
613,194
613,2089
613,2242
613,2407
613,257
613,2721
613,2872
613,3019
613,3186
613,3339
613,3494
613,3657
613,3828
613,4004
613,4189
613,4351
613,4515
613,4673
613,4833
613,4996
613,5168
613,5327
613,5491
613,5634
613,5771
613,5908
613,6054
613,6192
613,6324
613,647
613,6615
613,6752
613,6881
613,7032
613,7169
613,735
613,7526
613,7719
613,7895
613,8096
613,8284
613,8467
613,8648
613,883
613,9028
613,9222
613,9399
613,9582
613,9771
613,9965
614,014
614,0316
614,0493
614,0685
614,0887
614,1066
614,1239
614,1398
614,1558
614,1727
614,1854
614,1994
614,214
614,2293
614,2438
614,2578
614,2713
614,2839
614,2975
614,311
614,325
614,3384
614,3517
614,3661
614,3804
614,3946
614,4078
614,4245
614,4402
614,4559
614,4697
614,4849
614,5003
614,5173
614,5333
614,5498
614,567
614,5838
614,6006
614,6169
614,6325
614,6481
614,6635
614,6782
614,6923
614,7081
614,7249
614,7419
614,7592
614,7772
614,796
614,8145
614,8351
614,8554
614,8735
614,8915
614,9092
614,9279
614,9466
614,965
614,9841
615,0024
615,023
615,0411
615,0582
615,075
615,0931
615,1101
615,126
615,1422
615,1591
615,1752
615,1917
615,2077
615,2249
615,2408
615,2568
615,2725
615,2889
615,3055
615,3215
615,3356
615,3506
615,3664
615,3829
615,3995
615,4138
615,4292
615,4433
615,4601
615,4753
615,4908
615,5098
615,5266
615,5437
615,5601
615,5773
615,5951
615,6113
615,6274
615,6423
615,6585
615,6719
615,6846
615,698
615,7138
615,7321
615,7489
615,7654
615,7819
615,798
615,8138
615,8278
615,8422
615,8576
615,8729
615,8892
615,9055
615,9184
615,9338
615,9491
615,9656
615,982
615,9991
616,0135
616,0272
616,0407
616,0542
616,0663
616,0812
616,0982
616,1141
616,1307
616,1474
616,1608
616,1758
616,1886
616,202
616,2157
616,2308
616,2456
616,2626
616,2788
616,2942
616,3109
616,3255
616,3413
616,356
616,3709
616,3871
616,4041
616,4214
616,4359
616,4507
616,4669
616,4827
616,5005
616,5159
616,5325
616,5493
616,5651
616,5826
616,5973
616,6116
616,6262
616,6405
616,6542
616,6658
616,6802
616,6938
616,7092
616,7267
616,7427
616,7598
616,7746
616,7926
616,8087
616,8236
616,8397
616,8552
616,8704
616,8881
616,9055
616,9212
616,9381
616,9517
616,9667
616,9828
616,9997
617,0165
617,033
617,0502
617,0658
617,0828
617,0987
617,1168
617,1345
617,1509
617,1685
617,1843
617,1997
617,215
617,2314
617,2465
617,2609
617,2754
617,2916
617,3077
617,324
617,3398
617,3553
617,3716
617,3886
617,406
617,4234
617,4403
617,4568
617,4743
617,491
617,5071
617,5217
617,5381
617,5545
617,5676
617,5801
617,5934
617,6072
617,6224
617,6345
617,6489
617,6635
617,6756
617,6888
617,7021
617,7184
617,7354
617,7533
617,7711
617,7902
617,8057
617,8211
617,8341
617,8503
617,8649
617,8795
617,8942
617,9095
617,927
617,9433
617,9561
617,9686
617,9825
617,9974
618,0125
618,0283
618,0454
618,0628
618,0817
618,1007
618,1218
618,1406
618,1596
618,176
618,1934
618,2117
618,2296
618,2482
618,2674
618,2881
618,3064
618,3243
618,3419
618,3576
618,3741
618,3906
618,408
618,4251
618,4415
618,4578
618,4738
618,4892
618,5018
618,5146
618,5287
618,5443
618,5573
618,5704
618,583
618,5973
618,6107
618,6243
618,6384
618,6515
618,6652
618,6794
618,6935
618,7074
618,7218
618,7389
618,7563
618,7736
618,7925
618,8094
618,8271
618,845
618,862
618,8785
618,8945
618,9121
618,9273
618,9424
618,9569
618,9728
618,9884
619,0015
619,0165
619,0331
619,0481
619,0637
619,0768
619,0902
619,1056
619,1218
619,1406
619,1597
619,1773
619,1963
619,2139
619,2325
619,251
619,2712
619,2893
619,3076
619,324
619,3412
619,3566
619,3727
619,3904
619,4066
619,4246
619,4401
619,457
619,474
619,4895
619,5062
619,5229
619,5373
619,5532
619,5663
619,5815
619,5981
619,6132
619,6267
619,6418
619,6551
619,6685
619,6827
619,6963
619,7088
619,7239
619,7405
619,7563
619,7707
619,7875
619,8009
619,8148
619,83
619,8453
619,8621
619,8773
619,8931
619,9095
619,9249
619,9406
619,9568
619,9725
619,9879
620,0049
620,0214
620,0378
620,0514
620,0649
620,0794
620,0936
620,1089
620,1235
620,139
620,1519
620,1718
620,1899
620,2078
620,226
620,2444
620,2639
620,2816
620,3006
620,3188
620,3371
620,356
620,3723
620,39
620,4064
620,4229
620,4393
620,4563
620,4739
620,4908
620,5104
620,5257
620,5421
620,5586
620,5729
620,5874
620,5996
620,6148
620,6308
620,6477
620,6632
620,6788
620,6935
620,7095
620,7269
620,7438
620,7613
620,7789
620,7939
620,8082
620,8221
620,8342
620,8473
620,8619
620,8757
620,8898
620,904
620,9169
620,9307
620,9451
620,9606
620,9741
620,9882
621,0009
621,0149
621,031
621,047
621,0613
621,0771
621,0921
621,1078
621,1235
621,1391
621,1552
621,1738
621,19
621,2067
621,2227
621,2386
621,2546
621,2694
621,2825
621,2971
621,31
621,3242
621,337
621,3495
621,366
621,3813
621,3973
621,4119
621,4254
621,4406
621,4558
621,4685
621,4841
621,4992
621,5148
621,5309
621,5452
621,5588
621,5743
621,5953
621,6108
621,6257
621,6417
621,6577
621,6712
621,6834
621,6976
621,7131
621,73
621,7472
621,7651
621,7816
621,801
621,8181
621,8357
621,8564
621,8747
621,8932
621,9106
621,928
621,9455
621,9638
621,9813
621,9988
622,0156
622,0335
622,051
622,0687
622,0861
622,1044
622,1183
622,1343
622,1526
622,1716
622,1893
622,2037
622,2147
622,2309
622,2462
622,2609
622,2778
622,2953
622,3131
622,3312
622,3489
622,3663
622,3835
622,4009
622,4169
622,4312
622,447
622,4633
622,4774
622,491
622,5056
622,5178
622,5319
622,5499
622,5672
622,5827
622,5974
622,613
622,6277
622,6431
622,6592
622,6721
622,6846
622,6978
622,711
622,7283
622,7445
622,7599
622,7753
622,7905
622,804
622,8187
622,8318
622,8465
622,8604
622,8738
622,8889
622,9048
622,9176
622,9308
622,9462
622,9625
622,9768
622,9899
623,0036
623,0173
623,0306
623,0444
623,058
623,0714
623,0851
623,0993
623,1141
623,1293
623,1467
623,1649
623,183
623,1991
623,2141
623,2311
623,2467
623,2641
623,2808
623,2979
623,3139
623,3298
623,3445
623,3596
623,3725
623,3873
623,4
623,4141
623,4274
623,4413
623,4541
623,4665
623,4842
623,5015
623,5201
623,5382
623,5566
623,5742
623,593
623,6119
623,6298
623,648
623,6664
623,6841
623,7039
623,7225
623,7412
623,7576
623,7751
623,7936
623,8105
623,8267
623,8419
623,858
623,8725
623,887
623,8989
623,9126
623,9287
623,9421
623,9569
623,9703
623,9827
623,9965
624,0103
624,0237
624,0374
624,0488
624,0637
624,0781
624,0923
624,1075
624,1229
624,1398
624,1564
624,1735
624,1916
624,2083
624,224
624,2399
624,254
624,2679
624,2835
624,2997
624,3162
624,3315
624,3486
624,3639
624,3784
624,3916
624,4048
624,4163
624,4304
624,4437
624,4579
624,4712
624,4844
624,5048
624,5224
624,54
624,5591
624,5773
624,5948
624,6128
624,6302
624,6489
624,6673
624,6841
624,702
624,719
624,7375
624,7558
624,7748
624,7912
624,8077
624,8228
624,8389
624,8559
624,8737
624,8929
624,9086
624,9225
624,9391
624,9543
624,9683
624,9837
625,0003
625,0153
625,0302
625,0449
625,0611
625,0777
625,0942
625,1109
625,1268
625,1429
625,1589
625,1761
625,1931
625,2093
625,2256
625,2417
625,2559
625,2681
625,2825
625,2979
625,3129
625,3265
625,342
625,3555
625,3674
625,3804
625,3948
625,4086
625,4241
625,4412
625,457
625,4738
625,4931
625,5106
625,5278
625,5443
625,5619
625,5753
625,5894
625,6024
625,6166
625,6323
625,6475
625,6624
625,6805
625,6967
625,7101
625,7272
625,7446
625,7619
625,7791
625,7957
625,8129
625,8297
625,8453
625,8622
625,8793
625,8972
625,9149
625,9335
625,9538
625,9711
625,9876
626,0067
626,024
626,0386
626,0523
626,0709
626,0886
626,1064
626,1255
626,1445
626,1638
626,1824
626,2009
626,2198
626,2386
626,2565
626,275
626,2913
626,3066
626,3225
626,3396
626,3554
626,3713
626,3883
626,4045
626,4186
626,4364
626,4542
626,4669
626,4805
626,4962
626,5101
626,5247
626,5399
626,5533
626,565
626,5804
626,5966
626,6104
626,6239
626,6395
626,6514
626,6657
626,6808
626,6976
626,714
626,7313
626,7498
626,7662
626,7839
626,8038
626,8201
626,8349
626,8496
626,8632
626,8785
626,8921
626,9058
626,9175
626,9313
626,9466
626,9619
626,9766
626,9904
627,0041
627,0154
627,0302
627,0449
627,0587
627,0737
627,0877
627,0998
627,1129
627,1286
627,1431
627,1576
627,1729
627,1884
627,2035
627,218
627,2319
627,2451
627,2593
627,2726
627,2845
627,2988
627,3121
627,3283
627,3428
627,358
627,3729
627,3876
627,4032
627,4153
627,4301
627,4446
627,4579
627,473
627,4879
627,5007
627,5151
627,5287
627,5436
627,5578
627,571
627,583
627,5975
627,6129
627,6272
627,6412
627,6578
627,6749
627,6924
627,7122
627,7337
627,7536
627,7712
627,7896
627,8079
627,8257
627,8431
627,8613
627,8807
627,8985
627,9158
627,9348
627,9545
627,9735
627,9916
628,0093
628,0287
628,0475
628,0652
628,0821
628,1
628,1179
628,1351
628,1517
628,1688
628,1839
628,2006
628,2197
628,237
628,2507
628,2644
628,2813
628,2979
628,3137
628,3305
628,3464
628,3629
628,3784
628,3932
628,4091
628,4232
628,4384
628,4514
628,464
628,4777
628,4917
628,5051
628,5194
628,5309
628,5467
628,5608
628,5748
628,5886
628,6035
628,6171
628,6321
628,6483
628,6645
628,6813
628,7007
628,7199
628,7379
628,7565
628,7775
628,7965
628,8149
628,8331
628,8513
628,8706
628,8882
628,9061
628,9249
628,9446
628,9628
628,9808
628,999
629,0181
629,0342
629,0506
629,0674
629,0865
629,103
629,1202
629,1331
629,1484
629,1653
629,1834
629,1992
629,2163
629,2341
629,2512
629,2665
629,2822
629,2991
629,3155
629,3303
629,3459
629,3597
629,3755
629,3887
629,4022
629,4147
629,4302
629,4444
629,4589
629,4728
629,4876
629,4993
629,514
629,5299
629,5443
629,5576
629,5703
629,586
629,6
629,6169
629,6339
629,6544
629,6711
629,6873
629,7038
629,7204
629,7376
629,7545
629,772
629,7847
629,7991
629,8134
629,8284
629,8425
629,8572
629,8708
629,884
629,9003
629,9135
629,9278
629,9422
629,9564
629,9718
629,9847
629,9982
630,0137
630,0277
630,0428
630,0569
630,0723
630,0886
630,1047
630,1196
630,1324
630,148
630,1646
630,1812
630,1989
630,2159
630,2333
630,2484
630,2646
630,2799
630,2949
630,3096
630,3228
630,3363
630,3475
630,3616
630,3759
630,3907
630,4042
630,4169
630,4304
630,4456
630,4606
630,4751
630,4886
630,5045
630,5187
630,5344
630,549
630,5652
630,5814
630,601
630,6163
630,6319
630,6484
630,666
630,6843
630,7004
630,7182
630,7379
630,7552
630,7728
630,789
630,8042
630,8193
630,8313
630,8457
630,8593
630,8722
630,8842
630,8981
630,9141
630,9312
630,9476
630,9647
630,9809
630,997
631,0161
631,0314
631,0482
631,0639
631,079
631,092
631,1057
631,1174
631,1302
631,1481
631,1623
631,1774
631,1914
631,2056
631,2172
631,2308
631,2476
631,2655
631,2803
631,2972
631,313
631,3295
631,345
631,3596
631,374
631,3885
631,4031
631,4175
631,4307
631,4457
631,4614
631,4769
631,4915
631,5066
631,5219
631,537
631,5497
631,5637
631,5792
631,5917
631,6062
631,6213
631,6339
631,6484
631,6617
631,6754
631,6901
631,7047
631,7202
631,7382
631,7549
631,772
631,7878
631,8041
631,8197
631,8328
631,8469
631,8624
631,8757
631,8902
631,9049
631,9203
631,9333
631,9479
631,9623
631,9776
631,9912
632,005
632,0171
632,0306
632,0455
632,0582
632,0731
632,0873
632,0991
632,1132
632,128
632,1415
632,1567
632,1719
632,1871
632,2013
632,2162
632,2313
632,2498
632,2673
632,2841
632,2997
632,316
632,3335
632,3475
632,3641
632,3804
632,3958
632,4116
632,4263
632,4415
632,4566
632,47
632,4826
632,4969
632,5118
632,5256
632,5387
632,551
632,5635
632,5769
632,5901
632,603
632,6179
632,6302
632,6457
632,6591
632,6722
632,6862
632,699
632,7137
632,732
632,7482
632,7646
632,7823
632,7977
632,8139
632,8307
632,8469
632,8629
632,8781
632,893
632,9089
632,9241
632,9389
632,9503
632,9633
632,9789
632,9918
633,0048
633,0167
633,0305
633,045
633,0602
633,0741
633,0871
633,1011
633,1141
633,1282
633,1415
633,1577
633,1725
633,1874
633,2031
633,2151
633,2296
633,2455
633,2625
633,2795
633,2966
633,3134
633,3299
633,3456
633,3609
633,3769
633,3915
633,4067
633,4196
633,4321
633,4482
633,4648
633,4806
633,4963
633,512
633,5274
633,5422
633,558
633,5732
633,5886
633,6027
633,6147
633,6291
633,6443
633,6586
633,6714
633,6862
633,6976
633,7124
633,7271
633,744
633,7601
633,7766
633,7919
633,806
633,821
633,8329
633,8467
633,8648
633,8802
633,8964
633,9119
633,9267
633,9407
633,9539
633,966
633,9806
633,9953
634,0081
634,0223
634,0383
634,0514
634,0645
634,079
634,0917
634,1044
634,1219
634,1337
634,1476
634,1631
634,1799
634,1953
634,2115
634,2281
634,2433
634,2606
634,2789
634,2954
634,3102
634,3253
634,3391
634,3524
634,3641
634,3795
634,3936
634,4084
634,4226
634,4359
634,4471
634,4613
634,4749
634,4877
634,4998
634,5117
634,5254
634,5389
634,5549
634,5688
634,5817
634,5955
634,6088
634,6229
634,6361
634,6478
634,6622
634,6757
634,6902
634,7034
634,7147
634,73
634,7465
634,7625
634,7794
634,795
634,8105
634,8265
634,8436
634,8608
634,8779
634,8942
634,912
634,9292
634,9457
634,9626
634,9815
635,0002
635,0157
635,0317
635,049
635,0641
635,0802
635,0961
635,1124
635,1293
635,1461
635,1635
635,1799
635,1946
635,2086
635,2232
635,2361
635,2492
635,2636
635,2798
635,2963
635,3113
635,325
635,3388
635,3523
635,3657
635,3798
635,3936
635,4083
635,4221
635,4365
635,449
635,4626
635,4787
635,494
635,5094
635,5259
635,5424
635,559
635,5746
635,5907
635,6083
635,6231
635,6392
635,6542
635,6708
635,6873
635,7028
635,7175
635,736
635,7516
635,7681
635,7864
635,7986
635,8135
635,8288
635,8423
635,8569
635,8706
635,8832
635,897
635,9118
635,9263
635,9412
635,9564
635,9711
635,986
636,0026
636,0162
636,0306
636,0466
636,0628
636,0787
636,0922
636,1068
636,1202
636,1327
636,1467
636,1619
636,1781
636,1938
636,2096
636,2245
636,2391
636,2546
636,27
636,2869
636,3043
636,3198
636,3358
636,3519
636,3652
636,3804
636,3959
636,4092
636,4235
636,4368
636,4496
636,4645
636,4802
636,4955
636,5107
636,5262
636,5426
636,5591
636,5751
636,5995
636,616
636,6332
636,6494
636,6656
636,6819
636,697
636,7134
636,7313
636,7484
636,7636
636,7781
636,7924
636,8069
636,8207
636,8337
636,8473
636,8619
636,877
636,8904
636,9038
636,918
636,9308
636,9451
636,9609
636,9767
636,9917
637,0067
637,0219
637,037
637,0522
637,0662
637,0819
637,0975
637,1124
637,1272
637,1408
637,1538
637,1687
637,181
637,1948
637,2099
637,2252
637,2399
637,2553
637,2692
637,2856
637,3019
637,316
637,3313
637,3453
637,3594
637,3743
637,39
637,4053
637,4188
637,4312
637,5312
637,5464
637,5588
637,5743
637,5869
637,6405
637,656
637,6732
637,6884
637,7043
637,7209
637,7349
637,7487
637,764
637,7803
637,797
637,8136
637,8306
637,847
637,8643
637,8822
637,8998
637,9168
637,9346
637,9523
637,9714
637,9892
638,0079
638,0255
638,0436
638,0609
638,0767
638,0919
638,1084
638,1243
638,14
638,1566
638,1716
638,1876
638,2006
638,2175
638,2339
638,2491
638,2649
638,2807
638,2944
638,3094
638,3253
638,3396
638,3526
638,3658
638,3788
638,3926
638,4053
638,418
638,4313
638,4468
638,46
638,4722
638,4883
638,5043
638,5202
638,5341
638,5513
638,5647
638,5795
638,5942
638,6105
638,626
638,6417
638,6571
638,6725
638,6877
638,7038
638,7188
638,7346
638,7489
638,7645
638,781
638,7968
638,8094
638,8232
638,8353
638,8486
638,8628
638,8771
638,8909
638,9052
638,9173
638,93
638,9435
638,9592
638,9734
638,9882
639,0007
639,0134
639,0254
639,0396
639,0551
639,0715
639,0848
639,0991
639,1139
639,1282
639,144
639,1575
639,1707
639,1828
639,1973
639,2123
639,2263
639,2408
639,2546
639,2667
639,2816
639,2961
639,3099
639,3237
639,3376
639,3495
639,3643
639,3777
639,3903
639,4034
639,4197
639,4338
639,4492
639,4652
639,4841
639,5006
639,5175
639,5344
639,5538
639,5709
639,5831
639,5977
639,6136
639,6281
639,642
639,6557
639,6675
639,6812
639,6972
639,7117
639,7266
639,7429
639,7567
639,7703
639,7828
639,7961
639,8094
639,8229
639,8367
639,8486
639,8649
639,8795
639,894
639,9102
639,9242
639,9374
639,9501
639,9651
639,9804
639,9953
640,0085
640,0222
640,0343
640,0491
640,0654
640,0821
640,0975
640,1111
640,1248
640,1393
640,155
640,1672
640,18
640,1931
640,2062
640,2209
640,2363
640,2495
640,2655
640,2838
640,3008
640,317
640,3329
640,3497
640,3666
640,3818
640,3975
640,4113
640,4254
640,4385
640,4495
640,4634
640,4803
640,4978
640,5148
640,5319
640,5487
640,5651
640,5819
640,5977
640,6124
640,6281
640,6437
640,6585
640,6721
640,6853
640,6989
640,713
640,7273
640,7407
640,7532
640,7642
640,7791
640,794
640,8079
640,8223
640,8388
640,8541
640,8707
640,8838
640,8995
640,9158
640,9323
640,9478
640,9636
640,9801
640,995
641,009
641,025
641,0399
641,0568
641,0744
641,0918
641,1092
641,1268
641,1434
641,1592
641,1754
641,1914
641,2072
641,2222
641,2344
641,2495
641,2656
641,2825
641,2983
641,316
641,3341
641,3491
641,3657
641,3826
641,3995
641,4138
641,4282
641,4428
641,4582
641,4722
641,4886
641,5048
641,5189
641,5341
641,5508
641,5651
641,5803
641,5942
641,6092
641,623
641,6368
641,6502
641,6643
641,6801
641,6957
641,7102
641,7267
641,7437
641,7589
641,7787
641,7951
641,8121
641,8279
641,8449
641,8605
641,8766
641,8937
641,9097
641,9229
641,9366
641,9479
641,9617
641,975
641,9877
642,0018
642,0167
642,0336
642,0521
642,0709
642,0889
642,1071
642,1247
642,1437
642,1624
642,1818
642,2001
642,2171
642,2338
642,2542
642,2722
642,2912
642,3083
642,3246
642,3437
642,3607
642,3784
642,3953
642,4127
642,4304
642,4475
642,4661
642,4839
642,5007
642,5179
642,5353
642,5546
642,5695
642,5872
642,6038
642,618
642,6342
642,6508
642,6669
642,6839
642,701
642,7197
642,7342
642,7486
642,7632
642,7767
642,7905
642,8052
642,8178
642,8313
642,8457
642,8594
642,8746
642,8879
642,9014
642,9153
642,9282
642,9416
642,9548
642,9662
642,9801
642,9977
643,0151
643,0322
643,05
643,0662
643,0835
643,1017
643,1205
643,1372
643,154
643,1675
643,1849
643,1992
643,215
643,2315
643,2468
643,2608
643,2766
643,2889
643,3051
643,3199
643,3312
643,3458
643,359
643,3733
643,3871
643,3997
643,4131
643,4259
643,4398
643,4544
643,4685
643,4856
643,5015
643,5172
643,5347
643,5496
643,566
643,5813
643,5968
643,6116
643,627
643,6421
643,6558
643,6672
643,6812
643,6956
643,7083
643,7214
643,737
643,7499
643,7654
643,7813
643,7974
643,8131
643,8297
643,8467
643,863
643,8806
643,8984
643,9169
643,9379
643,9578
643,9771
643,9954
644,0134
644,0319
644,051
644,0698
644,0884
644,1064
644,1247
644,1414
644,1581
644,1747
644,1926
644,2089
644,2267
644,243
644,2601
644,2769
644,2933
644,3081
644,3234
644,3383
644,3494
644,3641
644,3793
644,3941
644,4101
644,4241
644,4384
644,4532
644,4667
644,4836
644,5002
644,5168
644,5328
644,5488
644,5648
644,5816
644,5975
644,6138
644,6293
644,6447
644,6595
644,674
644,6887
644,7048
644,7197
644,7318
644,7456
644,7592
644,7725
644,787
644,8005
644,8162
644,8299
644,8447
644,8596
644,8741
644,8877
644,9031
644,9176
644,9324
644,9483
644,9642
644,9783
644,9921
645,0071
645,0217
645,034
645,0475
645,0629
645,0764
645,0914
645,1074
645,1239
645,1384
645,154
645,1667
645,1802
645,1937
645,207
645,2211
645,235
645,2476
645,2621
645,2764
645,2891
645,3028
645,3151
645,3297
645,3432
645,3572
645,3701
645,3839
645,3987
645,4144
645,4296
645,4437
645,4588
645,4761
645,4936
645,5103
645,528
645,5442
645,5599
645,5753
645,591
645,6081
645,6245
645,6403
645,6566
645,6716
645,6866
645,7004
645,7156
645,73
645,7461
645,7629
645,7781
645,7927
645,8074
645,8225
645,8382
645,8536
645,8699
645,8831
645,8987
645,9141
645,9283
645,9411
645,9539
645,9653
645,9796
645,9948
646,0087
646,0235
646,0366
646,0483
646,0641
646,0781
646,0943
646,112
646,1299
646,1456
646,1614
646,1779
646,1932
646,2088
646,2239
646,2393
646,2542
646,2657
646,282
646,2958
646,3079
646,321
646,3333
646,3467
646,3607
646,3746
646,3884
646,4036
646,4163
646,429
646,4429
646,4566
646,4716
646,4877
646,5038
646,5212
646,5375
646,5555
646,5712
646,5872
646,6047
646,6218
646,6379
646,6541
646,6714
646,6871
646,7031
646,7155
646,731
646,7453
646,7586
646,7716
646,7842
646,798
646,8125
646,8262
646,8395
646,8507
646,8654
646,879
646,8926
646,9068
646,9202
646,9346
646,9494
646,963
646,9781
646,9918
647,0052
647,0212
647,036
647,0496
647,0656
647,0807
647,0966
647,1146
647,1329
647,1494
647,1643
647,1789
647,192
647,2056
647,2198
647,2412
647,2556
647,2691
647,2828
647,2978
647,3126
647,3271
647,3426
647,3591
647,3762
647,3931
647,41
647,4261
647,4415
647,4577
647,4756
647,4928
647,5102
647,5275
647,5424
647,5568
647,5703
647,583
647,5972
647,6125
647,6276
647,6431
647,6578
647,6743
647,6898
647,7051
647,7201
647,7355
647,7488
647,7634
647,7778
647,793
647,8077
647,8221
647,8364
647,848
647,8633
647,8773
647,89
647,9053
647,9196
647,9334
647,9497
647,9647
647,9791
647,9931
648,0066
648,021
648,0348
648,0485
648,0649
648,0793
648,0936
648,1071
648,1222
648,1387
648,1553
648,1671
648,1816
648,196
648,2119
648,2285
648,2433
648,2592
648,2751
648,2913
648,3077
648,3237
648,34
648,3563
648,3726
648,3885
648,4046
648,4196
648,4355
648,4495
648,463
648,4795
648,4961
648,5123
648,5299
648,5464
648,5609
648,5741
648,5895
648,6041
648,6166
648,6293
648,6437
648,6576
648,6708
648,6847
648,6976
648,7119
648,7257
648,7396
648,7531
648,7656
648,7789
415,0794
415,0992
415,119
415,1386
415,157
415,1754
415,1949
415,2147
415,2333
415,2527
415,2724
415,2903
415,3078
415,327
415,3457
415,3643
415,383
415,4019
415,4207
415,4393
415,4576
415,4751
415,4923
415,5122
415,5305
415,5481
415,5656
415,584
415,6023
415,6204
415,6396
415,6582
415,6762
415,695
415,7132
415,7324
415,752
415,7704
415,7889
415,8083
415,8271
415,8463
415,8654
415,8846
415,904
415,9245
415,9447
415,9622
415,9815
415,9994
416,017
416,0361
416,054
416,0726
416,0915
416,1099
416,1282
416,1465
416,1649
416,1835
416,2018
416,2202
416,239
416,257
416,2763
416,2954
416,314
416,3336
416,3521
416,3713
416,3878
416,4055
416,4239
416,4411
416,459
416,4762
416,4945
416,512
416,5285
416,5449
416,5627
416,5801
416,5984
416,6168
416,635
416,6523
416,67
416,6879
416,7054
416,723
416,7403
416,7585
416,7764
416,7952
416,8126
416,8329
416,8508
416,8686
416,8856
416,9006
416,9173
416,9352
416,953
416,9705
416,9879
417,0065
417,0256
417,0439
417,0635
417,0811
417,1002
417,1194
417,1377
417,1577
417,1767
417,1957
417,2142
417,2327
417,2516
417,2701
417,2881
417,3064
417,3251
417,3442
417,3636
417,3825
417,402
417,4206
417,4411
417,4591
417,4765
417,4946
417,5127
417,5312
417,549
417,5677
417,5866
417,605
417,6231
417,6418
417,6613
417,6802
417,6985
417,7169
417,7348
417,7538
417,7722
417,7911
417,8089
417,8257
417,8445
417,8639
417,8828
417,9012
417,9196
417,938
417,9562
417,9767
417,9959
418,0143
418,0326
418,0509
418,0698
418,0872
418,1059
418,1244
418,1407
418,1582
418,1763
418,1941
418,2128
418,2305
418,2486
418,2654
418,2831
418,3001
418,3183
418,3368
418,3549
418,372
418,3928
418,411
418,4286
418,4464
418,4645
418,4825
418,5001
418,5186
418,5345
418,5514
418,5683
418,5852
418,6008
418,6179
418,634
418,65
418,6667
418,682
418,6984
418,7142
418,7303
418,7464
418,7628
418,7797
418,7954
418,8127
418,8317
418,8502
418,8685
418,8856
418,9029
418,9215
418,9404
418,9581
418,9757
418,9937
419,0123
419,0296
419,0497
419,0673
419,0844
419,1023
419,1201
419,1384
419,1559
419,1728
419,1897
419,2074
419,2241
419,2421
419,2603
419,2781
419,2952
419,3127
419,3298
419,3457
419,3615
419,3794
419,3982
419,4156
419,433
419,4521
419,4689
419,4875
419,5078
419,5262
419,5452
419,5649
419,584
419,603
419,6208
419,6396
419,66
419,6795
419,6986
419,7167
419,7347
419,7523
419,7699
419,7879
419,8055
419,8239
419,8414
419,8588
419,8777
419,8961
419,9129
419,9294
419,9478
419,9654
419,984
420,0028
420,0212
420,0405
420,0595
420,0786
420,0982
420,1171
420,1368
420,1553
420,1739
420,1931
420,2114
420,2299
420,248
420,2656
420,2846
420,3046
420,3247
420,3461
420,3643
420,3823
420,4015
420,4221
420,4414
420,4594
420,4777
420,4953
420,5143
420,5313
420,5494
420,5674
420,5853
420,6047
420,6226
420,6413
420,6596
420,6784
420,6962
420,7135
420,7307
420,748
420,7657
420,7823
420,7997
420,8167
420,8331
420,8511
420,8682
420,8844
420,9018
420,9193
420,9371
420,9576
420,9758
420,9961
421,0146
421,0329
421,0523
421,0703
421,0884
421,1056
421,1238
421,1408
421,1596
421,1769
421,1938
421,2123
421,2307
421,2484
421,2672
421,2848
421,3034
421,3236
421,3424
421,3604
421,3783
421,3976
421,4168
421,4351
421,4542
421,4729
421,4908
421,5086
421,5266
421,5443
421,5621
421,5826
421,601
421,621
421,642
421,662
421,6808
421,7001
421,7188
421,7374
421,7563
421,7744
421,7917
421,8105
421,8291
421,8484
421,868
421,8861
421,905
421,9256
421,9449
421,9631
421,981
421,9991
422,0175
422,0372
422,0561
422,0736
422,0918
422,1116
422,1298
422,1497
422,1693
422,19
422,2121
422,2322
422,2512
422,2694
422,2889
422,3069
422,3248
422,3427
422,3612
422,3799
422,3994
422,4185
422,4368
422,4557
422,4741
422,492
422,5107
422,529
422,5468
422,565
422,5825
422,601
422,6183
422,6364
422,6541
422,6736
422,6903
422,7055
422,7237
422,7411
422,758
422,7748
422,7909
422,8072
422,8235
422,8409
422,859
422,8758
422,8991
422,9155
422,9343
422,953
422,971
422,9889
423,0072
423,0264
423,0447
423,0623
423,0802
423,0988
423,1161
423,1333
423,1493
423,1683
423,1848
423,2019
423,2209
423,2383
423,2563
423,2743
423,2925
423,3109
423,3297
423,3481
423,3663
423,3836
423,4018
423,4188
423,4363
423,4536
423,4714
423,4893
423,5077
423,526
423,5434
423,5619
423,5804
423,5989
423,6172
423,6359
423,6545
423,6739
423,6911
423,709
423,7276
423,7471
423,7658
423,7851
423,8026
423,8205
423,8392
423,8565
423,8741
423,8912
423,9088
423,9267
423,9442
423,9641
423,9831
424,0014
424,0193
424,039
424,0579
424,0763
424,0959
424,1138
424,1324
424,1496
424,168
424,1856
424,204
424,2217
424,24
424,257
424,2758
424,2944
424,3124
424,3301
424,348
424,3662
424,3824
424,4005
424,4178
424,4374
424,456
424,4742
424,4932
424,5114
424,5289
424,548
424,5664
424,585
424,604
424,6208
424,6381
424,655
424,6727
424,6899
424,7094
424,7271
424,747
424,7642
424,7809
424,7974
424,8167
424,8343
424,8529
424,8708
424,8872
424,9038
424,9219
424,9402
424,9582
424,9775
424,9947
425,0134
425,0319
425,0506
425,0698
425,0875
425,1067
425,126
425,1448
425,1635
425,1829
425,2006
425,2195
425,2374
425,2555
425,2736
425,2924
425,31
425,329
425,348
425,3663
425,3849
425,4026
425,4211
425,4397
425,4583
425,4772
425,4952
425,5132
425,5313
425,5493
425,5673
425,585
425,6026
425,6196
425,637
425,6555
425,6741
425,6929
425,7112
425,7302
425,7486
425,7665
425,7847
425,8031
425,8215
425,8391
425,8564
425,8769
425,8951
425,915
425,9341
425,954
425,9721
425,9905
426,0095
426,0291
426,0477
426,0661
426,0839
426,1023
426,1207
426,1388
426,1606
426,1792
426,1964
426,2144
426,2319
426,2504
426,2693
426,2874
426,3052
426,3242
426,3438
426,3626
426,3817
426,4
426,42
426,4369
426,4546
426,4728
426,4903
426,5089
426,5244
426,542
426,5595
426,5764
426,5962
426,6166
426,6345
426,6524
426,6698
426,6879
426,706
426,7231
426,7402
426,7588
426,7776
426,7946
426,8115
426,8299
426,8479
426,8655
426,8826
426,8988
426,9139
426,9316
426,9489
426,9684
426,9883
427,0055
427,0234
427,0406
427,0586
427,077
427,0955
427,1122
427,1296
427,1459
427,1638
427,1823
427,2006
427,2189
427,2368
427,2552
427,2733
427,2912
427,3094
427,3279
427,346
427,3636
427,3818
427,3991
427,4182
427,4355
427,451
427,4695
427,4876
427,5051
427,5229
427,5412
427,5587
427,576
427,5947
427,6121
427,6295
427,6472
427,6662
427,6859
427,7044
427,7238
427,7421
427,7617
427,7816
427,7999
427,818
427,8362
427,8553
427,8737
427,8911
427,9086
427,9271
427,9445
427,9636
427,98
427,9974
428,0168
428,0359
428,0564
428,0779
428,0961
428,1145
428,133
428,1517
428,1696
428,1895
428,2071
428,2252
428,2435
428,2619
428,2795
428,2971
428,3172
428,3362
428,3542
428,3716
428,3899
428,4076
428,425
428,4442
428,4633
428,4811
428,4992
428,5164
428,5352
428,554
428,5714
428,5902
428,6078
428,6245
428,641
428,6577
428,6736
428,6893
428,7067
428,7234
428,7415
428,7577
428,774
428,7924
428,8087
428,8247
428,8409
428,8574
428,8746
428,8907
428,9071
428,9258
428,9439
428,962
428,9804
428,9984
429,017
429,0353
429,0527
429,0732
429,1732
429,1894
429,207
429,2209
429,2397
429,2591
429,274
429,2986
429,3173
429,3346
429,351
429,3737
429,3914
429,4096
429,4283
429,4461
429,4652
429,4843
429,5024
429,5206
429,5389
429,5578
429,5755
429,5937
429,6107
429,6284
429,6458
429,6644
429,6837
429,7021
429,7206
429,7398
429,7579
429,7771
429,796
429,8151
429,8344
429,8533
429,872
429,8894
429,9079
429,9255
429,9439
429,9622
429,9805
429,9984
430,0176
430,0366
430,0566
430,0751
430,0932
430,1121
430,1314
430,1478
430,166
430,1836
430,2022
430,2189
430,2353
430,2529
430,2688
430,2863
430,3042
430,323
430,3401
430,3573
430,375
430,3916
430,4083
430,4247
430,4427
430,4583
430,4746
430,4923
430,5082
430,5251
430,5416
430,5588
430,5782
430,5966
430,6153
430,6347
430,6533
430,6718
430,6909
430,7108
430,7303
430,75
430,7679
430,7862
430,8045
430,8205
430,8376
430,8574
430,8763
430,8934
430,912
430,9299
430,9478
430,9659
430,9841
431,0022
431,0215
431,039
431,0563
431,0755
431,0958
431,1139
431,1316
431,1507
431,1684
431,1861
431,204
431,2227
431,2414
431,2598
431,2776
431,2957
431,3137
431,3313
431,3486
431,3678
431,3863
431,4042
431,4228
431,4402
431,4578
431,4762
431,495
431,5139
431,5313
431,5493
431,5687
431,5874
431,6063
431,6255
431,6445
431,6631
431,6812
431,7006
431,7193
431,7374
431,7551
431,772
431,79
431,8076
431,8258
431,8436
431,8613
431,879
431,8967
431,9142
431,9322
431,9504
431,9695
431,9878
432,0059
432,0254
432,0446
432,063
432,0815
432,1006
432,119
432,137
432,1548
432,1736
432,193
432,2107
432,2288
432,2459
432,2614
432,2783
432,2958
432,3118
432,3294
432,345
432,3614
432,3785
432,3947
432,4109
432,428
432,4467
432,4648
432,4807
432,4969
432,5139
432,5308
432,5472
432,5643
432,581
432,5987
432,6163
432,6342
432,6526
432,6726
432,691
432,7106
432,7296
432,7484
432,7668
432,7856
432,8036
432,8199
432,8372
432,854
432,8736
432,8928
432,9106
432,9281
432,9466
432,9649
432,9819
432,9996
433,0176
433,0366
433,0528
433,07
433,0887
433,1059
433,1246
433,1438
433,1602
433,1777
433,1957
433,2133
433,2317
433,251
433,2692
433,2896
433,3082
433,3268
433,3456
433,3636
433,3822
433,4009
433,4185
433,4364
433,4545
433,4737
433,4925
433,5114
433,5284
433,5465
433,5641
433,5826
433,5998
433,6188
433,6368
433,6548
433,6735
433,6929
433,7112
433,7295
433,7472
433,7657
433,7829
433,7997
433,8175
433,834
433,8523
433,8704
433,8882
433,9065
433,9247
433,9423
433,9601
433,9795
433,9972
434,0153
434,0344
434,0526
434,0725
434,0905
434,1086
434,127
434,1467
434,1658
434,185
434,202
434,2192
434,2353
434,2517
434,2669
434,282
434,2984
434,3151
434,3347
434,3604
434,3802
434,4001
434,4213
434,4448
434,4647
434,483
434,5001
434,5167
434,5336
434,5513
434,5685
434,5854
434,6032
434,6221
434,6403
434,6583
434,6753
434,693
434,7106
434,7289
434,7476
434,7686
434,7894
434,8092
434,8276
434,8446
434,8619
434,881
434,8984
434,916
434,9335
434,9514
434,9699
434,988
435,0058
435,0236
435,0415
435,0582
435,0749
435,0942
435,1139
435,1315
435,1488
435,1671
435,1866
435,2044
435,2249
435,2435
435,2624
435,2811
435,3
435,3179
435,336
435,3539
435,3714
435,3894
435,4075
435,4251
435,4435
435,4618
435,4838
435,5013
435,5207
435,5389
435,5568
435,5747
435,5932
435,6116
435,6297
435,6483
435,6651
435,6829
435,7011
435,7194
435,7377
435,7557
435,776
435,7954
435,8145
435,8324
435,8514
435,8697
435,8866
435,9053
435,9234
435,9415
435,9598
435,9778
435,9969
436,0154
436,0338
436,0526
436,0711
436,0891
436,1062
436,1235
436,1412
436,1603
436,178
436,1956
436,2126
436,2291
436,2467
436,2647
436,2829
436,3005
436,3174
436,3346
436,3516
436,3676
436,3843
436,4008
436,4183
436,4376
436,4545
436,4728
436,4905
436,5088
436,5273
436,5459
436,5641
436,5827
436,6014
436,6191
436,636
436,6529
436,6709
436,6897
436,708
436,7278
436,7456
436,7631
436,7808
436,7996
436,8187
436,837
436,8551
436,8715
436,8906
436,9089
436,9279
436,9462
436,9642
436,9821
437,0002
437,0182
437,0375
437,0551
437,0739
437,0919
437,1111
437,1309
437,149
437,1667
437,1837
437,2006
437,2198
437,2382
437,2559
437,2728
437,29
437,3079
437,3253
437,3436
437,3618
437,3794
437,3957
437,4128
437,4314
437,448
437,4666
437,4846
437,5017
437,5194
437,538
437,5571
437,5751
437,5922
437,6099
437,6273
437,6466
437,6659
437,6836
437,7013
437,7195
437,7383
437,7562
437,7744
437,7925
437,8104
437,8296
437,8499
437,8703
437,8905
437,9085
437,9269
437,9457
437,9644
437,9821
438,0002
438,0181
438,0374
438,0565
438,0772
438,0966
438,1153
438,1333
438,1526
438,1708
438,1871
438,2038
438,2188
438,2347
438,2494
438,2676
438,2855
438,3041
438,321
438,3388
438,3564
438,3742
438,3912
438,4084
438,4264
438,445
438,463
438,4811
438,4992
438,5175
438,5355
438,554
438,5718
438,5886
438,6072
438,6253
438,6415
438,6584
438,6763
438,6948
438,7113
438,7281
438,7452
438,7624
438,7801
438,7985
438,8164
438,8329
438,8501
438,8687
438,8871
438,9055
438,925
438,9439
438,9623
438,9797
438,9961
439,0149
439,0338
439,0519
439,0703
439,0883
439,107
439,1247
439,1413
439,1595
439,1769
439,1954
439,2131
439,231
439,2494
439,2683
439,2867
439,3055
439,3237
439,3424
439,3608
439,3789
439,3969
439,415
439,4325
439,4502
439,4685
439,4875
439,5058
439,5232
439,5407
439,5588
439,5767
439,5946
439,6123
439,6312
439,6499
439,6672
439,6851
439,7031
439,7205
439,7381
439,7569
439,7748
439,7928
439,8104
439,8268
439,8441
439,862
439,8807
439,8992
439,9168
439,9348
439,9543
439,9719
439,9914
440,009
440,0274
440,047
440,0659
440,0837
440,1015
440,1198
440,1384
440,1569
440,175
440,1945
440,2123
440,2307
440,2488
440,2675
440,2859
440,3044
440,3206
440,337
440,3525
440,3688
440,3851
440,4025
440,4219
440,4401
440,4583
440,4762
440,4933
440,5117
440,5293
440,5481
440,5636
440,5795
440,5957
440,6132
440,6326
440,6506
440,6693
440,6878
440,7087
440,7271
440,7464
440,7646
440,783
440,8015
440,8203
440,8387
440,8578
440,8769
440,8952
440,9134
440,9324
440,9505
440,9685
440,9868
441,0043
441,0222
441,041
441,0589
441,0776
441,0957
441,1134
441,1309
441,1485
441,1676
441,1865
441,2047
441,2232
441,2412
441,2594
441,2772
441,295
441,3131
441,331
441,35
441,3686
441,3872
441,4059
441,4231
441,4407
441,4594
441,4782
441,4969
441,5156
441,5333
441,5521
441,5699
441,588
441,6064
441,625
441,6445
441,6637
441,6819
441,7013
441,724
441,7446
441,7627
441,782
441,8009
441,8203
441,8391
441,8571
441,8752
441,8933
441,9116
441,9299
441,9469
441,9658
441,9835
442,001
442,0182
442,0363
442,054
442,0715
442,0894
442,1065
442,1252
442,1432
442,1607
442,1791
442,197
442,2152
442,2325
442,251
442,2702
442,2881
442,3069
442,326
442,3438
442,363
442,3814
442,3988
442,4168
442,4339
442,4503
442,4669
442,484
442,4999
442,5187
442,5344
442,5522
442,5703
442,5886
442,6061
442,6239
442,6417
442,6596
442,6779
442,6953
442,714
442,7328
442,7518
442,7712
442,7903
442,8084
442,8263
442,8437
442,8601
442,8787
442,8968
442,9151
442,9329
442,9521
442,9706
442,9882
443,0067
443,0259
443,0445
443,0632
443,083
443,1035
443,1218
443,1418
443,1593
443,1769
443,195
443,2128
443,2306
443,2492
443,2672
443,2853
443,3029
443,3203
443,3378
443,3557
443,3721
443,391
443,4086
443,427
443,4446
443,4624
443,4801
443,4976
443,5162
443,534
443,55
443,5674
443,5858
443,6047
443,6218
443,6397
443,6573
443,6759
443,6943
443,7135
443,7324
443,7512
443,7701
443,7886
443,8071
443,8253
443,8431
443,8604
443,8788
443,8978
443,9151
443,9318
443,9494
443,9676
443,9854
444,0027
444,0197
444,0369
444,0557
444,0733
444,0901
444,1089
444,1279
444,1458
444,1638
444,181
444,1981
444,2148
444,2303
444,2479
444,2657
444,2841
444,3034
444,3228
444,3416
444,3608
444,3807
444,4002
444,4197
444,4386
444,4576
444,4791
444,4986
444,5158
444,5369
444,5552
444,5738
444,5921
444,6108
444,6296
444,6474
444,6674
444,6891
444,7082
444,7276
444,7467
444,7654
444,785
444,8043
444,8258
444,8448
444,8636
444,8818
444,8994
444,9178
444,9355
444,9535
444,9735
444,9916
445,0099
445,0284
445,0465
445,0648
445,084
445,1046
445,1227
445,1412
445,1598
445,1787
445,1973
445,216
445,2358
445,2548
445,273
445,2924
445,3118
445,3305
445,349
445,3685
445,3886
445,4081
445,4267
445,4442
445,4625
445,4816
445,5002
445,5191
445,5378
445,5567
445,575
445,5921
445,6104
445,6285
445,6469
445,6651
445,6839
445,7015
445,7213
445,7414
445,7614
445,7801
445,7984
445,8172
445,8353
445,852
445,8703
445,8875
445,9061
445,9237
445,9411
445,9587
445,9763
445,9942
446,0128
446,0313
446,0503
446,07
446,0887
446,1069
446,1262
446,1448
446,1625
446,1807
446,1969
446,2133
446,2289
446,247
446,2644
446,2809
446,2963
446,313
446,329
446,3455
446,3616
446,3776
446,3942
446,4127
446,4308
446,4483
446,4657
446,4827
446,502
446,5223
446,5417
446,5597
446,5777
446,5958
446,6158
446,6361
446,6542
446,6714
446,6896
446,7076
446,7252
446,7421
446,7593
446,7767
446,7953
446,8135
446,8323
446,8509
446,8686
446,8892
446,908
446,9276
446,9453
446,9635
446,9798
446,9974
447,0143
447,0341
447,0531
447,0714
447,0897
447,1077
447,1257
447,1451
447,1626
447,1815
447,1995
447,218
447,2359
447,2542
447,2714
447,2893
447,3083
447,3266
447,3446
447,3622
447,3798
447,3975
447,4156
447,4336
447,4518
447,4698
447,4874
447,506
447,5234
447,5409
447,5591
447,5761
447,5939
447,6116
447,6299
447,6476
447,6654
447,6836
447,7017
447,7191
447,7364
447,7541
447,7716
447,7887
447,807
447,8248
447,8433
447,8615
447,8791
447,8956
447,9142
447,9316
447,9487
447,9661
447,9836
448,0023
448,0198
448,0373
448,0555
448,0728
448,0899
448,1082
448,1268
448,144
448,1614
448,1795
448,1983
448,2163
448,2342
448,2512
448,2686
448,285
448,301
448,3193
448,3371
448,3538
448,3714
448,3884
448,4059
448,4225
448,4394
448,4565
448,4742
448,4914
448,5085
448,5258
448,5414
448,558
448,5742
448,5922
448,6102
448,6289
448,648
448,666
448,6833
448,7009
448,7188
448,737
448,7544
448,7724
448,7907
448,808
448,8263
448,8445
448,8624
448,8796
448,8972
448,9158
448,9341
448,9524
448,9713
448,9895
449,0075
449,0275
449,046
449,0659
449,0851
449,1026
449,1204
449,1375
449,1559
449,1742
449,1919
449,2103
449,2285
449,2464
449,2642
449,2826
449,3
449,3193
449,3374
449,3548
449,3723
449,3901
449,4069
449,4252
449,4416
449,4588
449,4767
449,4944
449,5114
449,5269
449,5445
449,5629
449,5805
449,5981
449,6162
449,6353
449,6518
449,6681
449,6851
449,7028
449,7214
449,7401
449,7583
449,7775
449,7955
449,8142
449,8312
449,8477
449,8654
449,8825
449,9003
449,9178
449,9353
449,9529
449,9703
449,9879
450,006
450,0238
450,0422
450,0612
450,0795
450,0987
450,1195
450,1372
450,1562
450,1737
450,1918
450,2099
450,2272
450,2431
450,2598
450,2776
450,295
450,313
450,3304
450,3483
450,3662
450,3838
450,4011
450,4188
450,4363
450,4527
450,4696
450,4865
450,5043
450,5206
450,5375
450,5544
450,5709
450,5885
450,6061
450,6241
450,6423
450,6585
450,6762
450,6945
450,7122
450,7306
450,749
450,7674
450,786
450,8046
450,8224
450,8407
450,8603
450,8788
450,8976
450,916
450,9344
450,9522
450,9703
450,9883
451,0056
451,0231
451,0411
451,0597
451,0771
451,0939
451,1101
451,1275
451,1449
451,1629
451,1805
451,1964
451,2143
451,2321
451,251
451,2693
451,2866
451,3054
451,3229
451,3409
451,3601
451,3788
451,3973
451,4153
451,4333
451,4515
451,4698
451,4886
451,5067
451,5249
451,5434
451,561
451,5766
451,5945
451,6129
451,6311
451,6503
451,6685
451,6866
451,7062
451,7247
451,7437
451,7616
451,7798
451,798
451,8167
451,8347
451,8532
451,8714
451,8899
451,908
451,9255
451,9459
451,9639
451,9829
452,0014
452,0214
452,038
452,0552
452,0737
452,0922
452,1114
452,1295
452,1485
452,1664
452,1846
452,2025
452,2191
452,2343
452,2498
452,2668
452,2836
452,2997
452,315
452,3314
452,3492
452,3656
452,3806
452,3965
452,4136
452,4301
452,4481
452,4659
452,4835
452,4995
452,517
452,5334
452,5525
452,5677
452,5858
452,6046
452,6225
452,6398
452,6587
452,6799
452,6967
452,7152
452,7336
452,7523
452,7725
452,7924
452,8117
452,83
452,8484
452,8668
452,8846
452,9035
452,9218
452,9402
452,9596
452,9777
452,9959
453,013
453,0312
453,0476
453,0663
453,0877
453,1054
453,1239
453,1431
453,1601
453,1794
453,1984
453,2189
453,2367
453,2545
453,2731
453,2914
453,3099
453,3284
453,347
453,3654
453,3837
453,4016
453,4195
453,4384
453,4563
453,4746
453,4926
453,5103
453,5273
453,5455
453,5634
453,5815
453,5998
453,6173
453,6344
453,6524
453,6701
453,6884
453,7054
453,7227
453,7404
453,7581
453,7759
453,7942
453,8117
453,828
453,8456
453,8635
453,8826
453,901
453,9192
453,9378
453,9561
453,9752
453,993
454,011
454,0293
454,0476
454,0659
454,0844
454,103
454,1219
454,1393
454,1565
454,1738
454,1918
454,2086
454,2249
454,2419
454,2574
454,2733
454,2903
454,3064
454,3221
454,3386
454,3551
454,3706
454,3867
454,4032
454,4203
454,4363
454,4521
454,4688
454,4838
454,4998
454,5163
454,5355
454,5514
454,5688
454,5866
454,6049
454,6219
454,6394
454,6568
454,6753
454,6931
454,7109
454,7289
454,7472
454,7658
454,7831
454,8013
454,8201
454,8378
454,8557
454,8742
454,8916
454,9093
454,9259
454,9446
454,9623
454,9803
454,9978
455,0159
455,0333
455,0524
455,0706
455,0894
455,108
455,1264
455,1452
455,1642
455,1827
455,2013
455,2197
455,2375
455,2555
455,2737
455,2921
455,3106
455,3289
455,3473
455,3666
455,3848
455,4032
455,4227
455,4421
455,459
455,4766
455,4937
455,5119
455,5287
455,5462
455,5634
455,5816
455,5998
455,6181
455,6357
455,6537
455,6723
455,6913
455,7094
455,7269
455,7451
455,7639
455,7829
455,7998
455,8183
455,8362
455,8549
455,8727
455,8913
455,9093
455,9267
455,9452
455,9623
455,9806
455,9989
456,0163
456,0334
456,052
456,0706
456,0889
456,1075
456,1261
456,1447
456,1632
456,1815
456,1994
456,2167
456,2355
456,2535
456,2707
456,2871
456,304
456,3198
456,3362
456,3532
456,3696
456,3861
456,4037
456,4209
456,4383
456,4558
456,472
456,4885
456,5066
456,5237
456,5418
456,561
456,5786
456,5962
456,6143
456,632
456,6506
456,6687
456,6873
456,706
456,7238
456,7424
456,7616
456,7795
456,7991
456,819
456,8379
456,8569
456,8772
456,8955
456,9145
456,9339
456,9527
456,9722
456,9907
457,0095
457,0279
457,0474
457,0653
457,083
457,1013
457,1194
457,138
457,1565
457,1739
457,1921
457,2095
457,2289
457,248
457,2675
457,2856
457,3039
457,3211
457,3389
457,357
457,3754
457,3942
457,4121
457,4299
457,4485
457,4663
457,484
457,5014
457,5189
457,5376
457,5548
457,5724
457,5908
457,608
457,6259
457,6439
457,662
457,6795
457,6971
457,7153
457,7339
457,7528
457,7709
457,789
457,8068
457,8255
457,8438
457,8617
457,8801
457,8981
457,9168
457,9353
457,9534
457,9726
457,9899
458,0086
458,0262
458,0439
458,0619
458,0783
458,0955
458,1127
458,1305
458,1488
458,1662
458,183
458,1985
458,2153
458,2314
458,2487
458,2654
458,2807
458,2975
458,3134
458,3297
458,347
458,3647
458,3829
458,401
458,4198
458,4379
458,4554
458,4746
458,493
458,5127
458,5308
458,5495
458,5667
458,586
458,6057
458,6256
458,6425
458,6604
458,6789
458,6967
458,7141
458,731
458,7545
458,7726
458,7911
458,8097
458,8273
458,8462
458,8654
458,8859
458,9069
458,9256
458,9456
458,9643
458,9843
459,0031
459,0215
459,0403
459,0594
459,078
459,098
459,119
459,1377
459,1574
459,1747
459,1936
459,2126
459,2316
459,252
459,2709
459,2891
459,3086
459,3281
459,3477
459,3662
459,3869
459,4055
459,4249
459,4431
459,4615
459,4798
459,4985
459,5186
459,5372
459,5554
459,5746
459,5913
459,6099
459,6285
459,6475
459,6664
459,6855
459,7032
459,7216
459,7393
459,7584
459,7762
459,7951
459,8133
459,83
459,8466
459,864
459,8813
459,8988
459,9156
459,9336
459,9526
459,9707
459,9879
460,0052
460,0233
460,0414
460,059
460,0772
460,0951
460,1133
460,1309
460,1483
460,166
460,1837
460,2005
460,2185
460,2359
460,2534
460,2693
460,2862
460,3021
460,3175
460,3332
460,3516
460,3693
460,3874
460,4056
460,424
460,4423
460,4615
460,479
460,496
460,5126
460,5294
460,5448
460,5612
460,5772
460,5954
460,6134
460,6309
460,6486
460,667
460,6847
460,7027
460,7206
460,7382
460,7557
460,7735
460,7908
460,8086
460,8257
460,8427
460,8607
460,8782
460,8958
460,9131
460,9316
460,9497
460,9678
460,9865
461,0042
461,0217
461,0396
461,0573
461,076
461,0941
461,1126
461,1304
461,148
461,1666
461,1845
461,2021
461,2206
461,2379
461,255
461,2726
461,2901
461,3088
461,326
461,344
461,3611
461,3789
461,3976
461,4168
461,4348
461,4531
461,4708
461,4881
461,5086
461,5273
461,5472
461,5667
461,5867
461,6047
461,6236
461,643
461,6615
461,68
461,6986
461,7162
461,7347
461,7524
461,7701
461,7893
461,8074
461,8259
461,8431
461,8612
461,8784
461,8962
461,9143
461,932
461,9513
461,9703
461,988
462,0057
462,0234
462,0428
462,061
462,0796
462,0977
462,1164
462,1343
462,1518
462,17
462,1882
462,2055
462,223
462,241
462,2589
462,2772
462,2957
462,3142
462,3322
462,3503
462,3688
462,3873
462,4059
462,4237
