-0,02325316;       -0,01227604;      1023,947
-0,01398564;       0,001857959;      1023,968
-0,02166791;       0,003789477;      1023,989
-0,02859145;       -0,002843521;      1024,01
-0,02381512;       -0,0001661085;      1024,029
-0,01578663;       -0,01256494;      1024,048
-0,02238874;       -0,01639012;      1024,067
-0,01514428;       -0,006074741;      1024,087
-0,03133192;       -0,006942899;      1024,105
-0,03611352;       0,002262208;      1024,125
-0,02011758;       -0,008216403;      1024,144
-0,02043733;       -0,001308729;      1024,162
-0,0232846;       0,002164168;      1024,181
-0,03159687;       -0,006844094;      1024,2
-0,017994;       -0,006673779;      1024,219
-0,01415397;       -0,01026865;      1024,238
-0,01441021;       -0,003269801;      1024,256
-0,01995012;       -0,004040087;      1024,278
-0,01999694;       -0,007224704;      1024,296
-0,0162573;       -0,004309375;      1024,316
-0,02656928;       0,007159297;      1024,335
-0,01524543;       -0,0004966555;      1024,354
-0,01524543;       -0,005411227;      1024,372
-0,01488881;       -0,01056033;      1024,39
-0,01867841;       -0,003259081;      1024,409
-0,02133352;       -0,007017286;      1024,426
-0,05424577;       -0,05345819;      1024,444
0,01016153;       0,08293059;      1024,463
-0,01165073;       -0,02567549;      1024,481
-0,009290381;       0,03155797;      1024,5
-0,03961343;       0,006310802;      1024,517
-0,01349652;       0,02587149;      1024,535
-0,01349652;       -0,02428473;      1024,551
-0,02991602;       0,002837237;      1024,569
-0,02400743;       -0,03350849;      1024,587
-0,03035726;       -0,0173809;      1024,604
-0,01583207;       -0,01545001;      1024,621
-0,01339005;       -0,0209095;      1024,64
-0,02148843;       -0,002491905;      1024,658
-0,01779989;       0,01525252;      1024,676
-0,01383598;       -0,0006484346;      1024,694
-0,01383598;       -0,00671671;      1024,711
-0,02808125;       0,0004550867;      1024,73
-0,0293672;       -0,009489974;      1024,748
-0,01856463;       -0,001615894;      1024,768
-0,008709408;       0,00817022;      1024,786
-0,02497712;       -0,0120668;      1024,804
-0,03036924;       -0,009297932;      1024,823
-0,02616038;       0,004407518;      1024,84
-0,02228696;       -0,001165044;      1024,858
-0,01272997;       0,002178356;      1024,876
-0,02218227;       -0,01400633;      1024,895
-0,02218227;       -0,00660145;      1024,913
-0,01967019;       -0,007446775;      1024,931
-0,01651051;       0,006855741;      1024,951
-0,01561249;       -0,004212286;      1024,969
-0,02045107;       -0,01242804;      1024,987
-0,02406208;       0,006493562;      1025,005
-0,03099268;       0,005025436;      1025,024
-0,01682915;       0,008383431;      1025,043
-0,0304753;       -4,993775E-05;      1025,061
-0,02472517;       -0,007245164;      1025,08
-0,01956756;       -0,0008307305;      1025,099
-0,01968418;       0,005624337;      1025,117
-0,019226;       -0,002355917;      1025,135
-0,02018322;       -0,009126833;      1025,152
-0,02018322;       -0,0005424432;      1025,17
-0,01635506;       0,00263199;      1025,189
-0,01638479;       -0,006513997;      1025,206
-0,01858555;       -0,007639539;      1025,223
-0,01795961;       -0,004656412;      1025,24
-0,02346996;       -0,004771979;      1025,258
-0,01580945;       0,00526756;      1025,275
-0,01655377;       0,03234603;      1025,296
-0,01655377;       0,06400283;      1025,314
-0,004034162;       0,1383335;      1025,334
-0,01960592;       0,09563725;      1025,352
-0,01960592;       0,02681989;      1025,369
-0,01011611;       -0,04069615;      1025,387
-0,02847268;       -0,06537572;      1025,405
-0,02530207;       -0,01485147;      1025,424
-0,0496689;       -0,04732445;      1025,443
-0,01831625;       -0,09795673;      1025,461
-0,03553624;       -0,06887671;      1025,479
-0,01959855;       -0,04820414;      1025,498
-0,01510857;       -0,03250556;      1025,517
-0,02361341;       0,001344437;      1025,536
0,03828177;       0,04655752;      1025,555
0,1733787;       0,05195783;      1025,573
0,1733787;       0,01099126;      1025,592
0,3871478;       0,05611962;      1025,611
-0,1383697;       0,2212118;      1025,629
-0,5909131;       0,5320584;      1025,647
-0,04230025;       0,4451654;      1025,666
0,3852058;       0,3143597;      1025,684
-0,2291113;       0,2488163;      1025,703
-0,1163698;       0,374317;      1025,721
0,1088356;       0,4273938;      1025,738
-0,1193967;       0,2783314;      1025,757
-0,1649099;       0,2413134;      1025,775
-0,1649099;       0,2334907;      1025,792
-0,02585872;       0,07344221;      1025,81
-0,0304153;       -0,07234863;      1025,83
-0,04231697;       -0,1260738;      1025,848
-0,05436595;       -0,1681383;      1025,865
0,05268766;       -0,1733005;      1025,884
0,05418241;       -0,0456628;      1025,902
-0,07970084;       -0,1354775;      1025,92
-0,04741795;       -0,295099;      1025,938
-0,05932615;       -0,3670074;      1025,956
-0,0316853;       -0,2243276;      1025,974
-0,07650733;       -0,2243276;      1025,992
-0,07650733;       -0,2470342;      1026,01
-0,06796097;       -0,2799605;      1026,028
0,006244697;       -0,2270208;      1026,046
0,02801406;       -0,134685;      1026,065
-0,003286591;       -0,09470452;      1026,084
0,0448733;       -0,05977936;      1026,102
0,02217795;       -0,05165184;      1026,121
-0,03925353;       -0,0756357;      1026,139
-0,008831114;       -0,04832353;      1026,158
0,007934909;       -0,02988363;      1026,177
-0,03451598;       0,009426087;      1026,196
-0,06164099;       0,007424334;      1026,214
-0,06164099;       -0,03771317;      1026,233
-0,05480275;       -0,06430025;      1026,251
-0,03229408;       -0,07626978;      1026,27
-0,01529593;       -0,0339694;      1026,289
-0,02198271;       -0,01757399;      1026,308
-0,0184607;       0,01388983;      1026,326
-0,0205021;       0,007045233;      1026,344
-0,03788108;       -0,004329767;      1026,362
-0,04929331;       -0,01953587;      1026,381
-0,02043855;       -0,0320316;      1026,401
-0,02043855;       -0,03865635;      1026,419
-0,007923105;       -0,03788158;      1026,438
-0,01230483;       -0,007166388;      1026,456
-0,01403844;       0,003584021;      1026,474
-0,01403844;       -0,01053963;      1026,492
-0,03023035;       -0,02577541;      1026,51
-0,001119913;       -0,02325606;      1026,527
0,01371439;       -0,0186878;      1026,544
-0,03652094;       -0,01797963;      1026,562
-0,03512109;       -0,03065732;      1026,578
-0,01368998;       -0,0310581;      1026,595
-0,01368998;       -0,0240393;      1026,612
0,001453147;       -0,004457387;      1026,628
-0,02556528;       0,01455476;      1026,645
-0,009868334;       0,01015845;      1026,662
-0,01968337;       -0,007944673;      1026,679
-0,01378749;       0,000785067;      1026,696
-0,01378749;       0,00394988;      1026,712
-0,03097922;       -0,00953695;      1026,729
-0,0312867;       -0,02477001;      1026,746
-0,04405978;       -0,01922795;      1026,762
-0,02769202;       -0,02411644;      1026,779
-0,003684337;       -0,008234671;      1026,796
-0,003684337;       0,001176885;      1026,813
-0,00534595;       -0,002204129;      1026,831
-0,04007962;       -0,01644652;      1026,849
-0,01817462;       -0,01457041;      1026,872
-0,02388662;       -0,01863018;      1026,89
-0,01389857;       -0,0163946;      1026,91
-0,008218134;       -0,008606511;      1026,93
-0,02098968;       -0,01210064;      1026,949
-0,03871257;       -0,01517642;      1026,969
-0,02077746;       0,01585361;      1026,988
-0,007859701;       0,0460471;      1027,006
-0,006841871;       0,04411325;      1027,025
-0,03015083;       0,02206635;      1027,042
-0,05093709;       -0,01275628;      1027,06
-0,02667489;       -0,006100522;      1027,078
-0,01900163;       0,01052022;      1027,095
-0,01900163;       0,006569645;      1027,112
-0,03808501;       0,005086544;      1027,13
-0,0292665;       0,002961493;      1027,148
-0,04572557;       -0,01387288;      1027,166
-0,00817625;       0,0318929;      1027,185
0,0005882344;       0,02175488;      1027,203
-0,04154703;       -0,004661049;      1027,22
-0,00968549;       0,0117646;      1027,24
-0,009880271;       0,04037996;      1027,257
-0,03219286;       0,04078124;      1027,275
-0,03219286;       0,05434406;      1027,292
-0,02325797;       0,0352524;      1027,311
-0,04080975;       -0,0007628016;      1027,331
-0,03758037;       0,0007521664;      1027,349
-0,0233234;       0,006391171;      1027,367
-0,02946329;       0,01009571;      1027,385
-0,02946408;       0,01676754;      1027,403
-0,01914376;       0,02062569;      1027,422
-0,01630497;       0,01801898;      1027,439
-0,02962547;       0,02365395;      1027,456
-0,01563032;       0,02287754;      1027,474
-0,03411247;       0,005669434;      1027,493
-0,02254855;       -0,001510272;      1027,513
-0,02254855;       0,01302974;      1027,531
-0,01351892;       0,01518648;      1027,549
-0,02348294;       0,003052097;      1027,567
-0,03084785;       -0,008598235;      1027,587
-0,02431186;       -0,01193045;      1027,608
-0,01845907;       0,0005580093;      1027,626
-0,02551536;       -0,007792735;      1027,645
-0,03097982;       -0,02329531;      1027,663
-0,02649377;       -0,02893669;      1027,681
-0,00318862;       -0,02130423;      1027,698
0,004166734;       -0,03461632;      1027,716
-0,007383975;       -0,03759364;      1027,732
-0,01002776;       -0,01503281;      1027,75
-0,01722573;       0,002426866;      1027,768
-0,02389257;       -0,00256821;      1027,786
-0,02503156;       -0,01583645;      1027,804
-0,02398495;       -0,03292106;      1027,822
-0,006226765;       -0,006036581;      1027,839
-0,006226765;       -0,005705576;      1027,857
-0,01599353;       -0,01457873;      1027,874
-0,02875144;       -0,01000498;      1027,892
-0,02451346;       -0,01670228;      1027,91
-0,02995976;       -0,02271278;      1027,928
-0,03511992;       -0,03481768;      1027,945
-0,03896075;       -0,03481768;      1027,963
-0,04158213;       -0,06016809;      1027,98
-0,05061921;       -0,1018295;      1027,998
-0,05034811;       -0,1283862;      1028,016
-0,03159436;       -0,1591172;      1028,033
-0,03159436;       -0,203648;      1028,05
0,01821388;       -0,1232592;      1028,068
0,1356986;       -0,0315854;      1028,085
0,0789185;       -0,03026637;      1028,103
-0,0970974;       -0,1315874;      1028,121
-0,1261319;       -0,2390576;      1028,139
-0,02730803;       -0,2625076;      1028,156
0,03865486;       -0,239967;      1028,174
0,03865486;       -0,1810452;      1028,191
0,004788065;       -0,05650068;      1028,209
4,273839E-05;       -0,006715532;      1028,227
0,03383704;       -0,0329529;      1028,245
-0,006958931;       0,03869989;      1028,261
-0,09674039;       0,1449967;      1028,279
-0,09883446;       0,04617747;      1028,296
-0,07913412;       -0,05379623;      1028,313
-0,07913412;       -0,2487419;      1028,331
-0,06588094;       -0,3062382;      1028,348
-0,06817941;       0,02717689;      1028,366
0,01037515;       0,2307686;      1028,383
-0,02798022;       0,401905;      1028,401
-0,02836557;       0,2070391;      1028,418
0,01841753;       0,06463836;      1028,436
-0,01755544;       0,06883453;      1028,454
-0,01755544;       0,1489937;      1028,471
-0,01359056;       0,1951698;      1028,49
0,002582075;       0,23479;      1028,506
-0,02541518;       0,2437761;      1028,524
-0,04952458;       0,1585577;      1028,542
-0,03996126;       0,04780191;      1028,56
-0,006984515;       0,007561664;      1028,576
0,002809274;       0,08995855;      1028,594
0,002809274;       0,2119674;      1028,611
-0,00525118;       0,1208414;      1028,627
-0,06412512;       -0,04368295;      1028,644
-0,02791631;       -0,08909012;      1028,661
-0,04997965;       -0,06124731;      1028,678
-0,05332309;       0,0634487;      1028,694
-0,05332309;       0,07704671;      1028,711
-0,04905557;       -0,01209679;      1028,728
-0,04600862;       -0,02275907;      1028,744
0,00216902;       -0,03867055;      1028,759
0,00216902;       -0,07069963;      1028,775
-0,0002665119;       -0,05268942;      1028,792
-0,01177176;       0,04548022;      1028,809
-0,01045773;       0,1164195;      1028,827
-0,02264867;       0,1544024;      1028,843
-0,0166077;       0,1876406;      1028,86
-0,04240493;       -0,07301732;      1028,875
-0,04240493;       -0,1339684;      1028,891
-0,02387144;       -0,08755618;      1028,909
0,0206275;       0,1075515;      1028,926
-0,02488341;       0,01641201;      1028,944
-0,08191165;       -0,0387648;      1028,962
-0,04167493;       -0,07240918;      1028,98
0,03359316;       -0,01615618;      1028,998
0,04903784;       0,04054491;      1029,016
0,008585334;       0,03710328;      1029,04
-0,05278404;       0,01646653;      1029,058
-0,05912936;       0,028262;      1029,076
-0,01931017;       -0,007933498;      1029,095
-0,003197169;       0,00675725;      1029,115
-0,01105918;       -0,005632704;      1029,134
-0,01894329;       -0,04231535;      1029,154
-0,01496773;       -0,02807856;      1029,172
-0,008084642;       -0,001453445;      1029,19
-0,0281506;       -0,003731637;      1029,208
-0,02868796;       0,002792966;      1029,227
-0,005549767;       -0,007445823;      1029,246
-0,01159563;       -0,003902878;      1029,264
-0,02434239;       -0,0001887567;      1029,281
-0,02113596;       0,01688522;      1029,3
-0,02481046;       0,001419698;      1029,318
-0,02130777;       -0,002677631;      1029,336
-0,03154662;       -0,003017172;      1029,354
-0,03154662;       -0,01055025;      1029,372
-0,02561165;       -0,02973529;      1029,39
-0,01979186;       -0,003751773;      1029,407
-0,01990826;       0,004946831;      1029,425
-0,02533988;       0,004946831;      1029,444
-0,01255045;       0,003415374;      1029,461
-0,001528819;       0,0158668;      1029,48
-0,01475318;       0,007344278;      1029,497
-0,02517953;       0,005768987;      1029,514
-0,02517953;       -0,01347749;      1029,531
-0,02702206;       -0,01100703;      1029,549
-0,02596501;       -0,01518792;      1029,566
-0,02011903;       -0,002017201;      1029,586
-0,007000441;       -0,001400973;      1029,604
-0,03865924;       -0,0009399173;      1029,625
-0,03173807;       0,000783667;      1029,644
-0,0197058;       -0,004157383;      1029,663
-0,0166724;       -0,002542682;      1029,682
-0,009155067;       0,005316322;      1029,7
-0,02585453;       -0,008022079;      1029,717
-0,02815957;       -0,002364651;      1029,735
-0,02824569;       -0,00711395;      1029,754
-0,02824569;       -0,003568877;      1029,771
-0,02618759;       0,0007192809;      1029,789
-0,01853511;       -0,007118999;      1029,806
-0,01680048;       0,001396112;      1029,824
-0,01230613;       -0,002735426;      1029,841
-0,02691754;       -0,004391824;      1029,859
-0,03043945;       -0,005620142;      1029,877
-0,01690301;       -0,009846102;      1029,896
-0,01690301;       -0,009901278;      1029,913
-0,01507665;       -0,0002461903;      1029,929
-0,01574817;       -0,004294542;      1029,946
-0,02626908;       -0,001174226;      1029,965
-0,01770741;       -0,005541859;      1029,983
-0,02213405;       -0,01380882;      1030,001
-0,02320775;       -0,009871263;      1030,02
-0,01027745;       -0,003637315;      1030,037
-0,01027745;       0,0114074;      1030,055
-0,02369925;       0,008472721;      1030,072
-0,0196805;       0,002927848;      1030,09
-0,01855951;       -0,006613755;      1030,108
-0,01571802;       -0,0158129;      1030,125
-0,02002046;       -0,01277136;      1030,143
-0,02896678;       -0,01117985;      1030,16
-0,01954808;       -0,0112719;      1030,177
-0,01675645;       0,0002386107;      1030,196
-0,02957525;       0,006159008;      1030,216
-0,01609591;       0,00393467;      1030,235
-0,0130967;       -0,01094846;      1030,252
-0,01576663;       -0,007486845;      1030,27
-0,02213177;       -0,0005174993;      1030,288
-0,02358167;       -0,005303263;      1030,305
-0,02524593;       -0,005781891;      1030,323
-0,01337942;       0,00353644;      1030,34
-0,01328923;       0,001683868;      1030,359
-0,01970252;       -0,01237561;      1030,377
-0,0279368;       2,095642E-05;      1030,395
-0,0279368;       0,002346864;      1030,413
-0,02442502;       -0,008864197;      1030,431
-0,01660594;       -0,002467536;      1030,449
-0,008042367;       -0,01272705;      1030,467
-0,02448798;       0,004334197;      1030,485
-0,02803233;       0,009573963;      1030,501
-0,02803233;       0,006112955;      1030,52
-0,02103744;       -0,0003053157;      1030,537
-0,02022198;       -0,009123585;      1030,553
-0,02022198;       -0,005016449;      1030,57
-0,02354541;       -0,002442443;      1030,587
-0,01598111;       -0,006783877;      1030,603
-0,01813783;       0,004595038;      1030,621
-0,02323168;       -0,005622203;      1030,637
-0,02931699;       0,001351866;      1030,653
-0,02931699;       0,00656707;      1030,672
-0,01111823;       -0,004817836;      1030,688
-0,02040572;       -0,002280505;      1030,704
-0,01224493;       0,002854371;      1030,72
-0,01435598;       0,001062497;      1030,735
-0,01435598;       0,02213846;      1030,751
-0,008775743;       -0,01378034;      1030,767
-0,04287373;       -0,0247773;      1030,783
-0,03288376;       -0,02538812;      1030,8
-0,02751038;       -0,02001716;      1030,819
-0,01616001;       -0,01102013;      1030,837
-0,006126875;       -0,01798525;      1030,854
-0,006126875;       0,001238268;      1030,871
-0,02201774;       0,00106407;      1030,888
-0,01600386;       0,006050593;      1030,905
-0,02894769;       0,01372396;      1030,922
-0,01650381;       -0,01627321;      1030,939
-0,01279011;       -0,01332414;      1030,957
-0,02020528;       0,0001678796;      1030,976
-0,02886171;       -0,001650966;      1030,994
-0,02886171;       0,001388132;      1031,012
-0,01929956;       0,01049429;      1031,029
-0,01842691;       -0,00569423;      1031,047
-0,01654159;       -0,007011706;      1031,065
-0,03048281;       0,004468597;      1031,084
-0,02140538;       0,002653706;      1031,104
-0,01698397;       -0,004413175;      1031,122
-0,02286809;       -0,01407569;      1031,14
-0,024745;       -0,01339551;      1031,157
-0,02214029;       -0,002147239;      1031,174
-0,02214029;       0,003958829;      1031,192
-0,01648605;       -0,0001408732;      1031,21
-0,02405366;       -0,008807752;      1031,229
-0,0198851;       0,001000182;      1031,247
-0,03323547;       -0,006410547;      1031,267
-0,01908217;       0,001207681;      1031,284
-0,01270959;       -0,007602233;      1031,301
-0,01271702;       -0,0008022441;      1031,318
-0,01926131;       0,01297619;      1031,336
-0,02533871;       -0,002974249;      1031,355
-0,02111393;       0,001769458;      1031,373
-0,02111393;       -0,01039584;      1031,39
-0,02361691;       -0,01391227;      1031,409
-0,01057254;       -0,004637144;      1031,427
-0,02136566;       -0,002640788;      1031,446
-0,02771317;       -0,0141541;      1031,464
-0,02922723;       0,00463276;      1031,483
-0,007500031;       -0,003868089;      1031,501
-0,02080325;       0,003262923;      1031,52
-0,01843705;       -0,00300782;      1031,539
-0,02762397;       -0,001915857;      1031,557
-0,02616795;       -0,01189721;      1031,576
-0,01937159;       0,001561298;      1031,595
-0,0124705;       0,007833227;      1031,614
-0,02208287;       -0,000503186;      1031,632
-0,02208287;       -0,003082461;      1031,65
-0,03645657;       0,001351691;      1031,669
-0,01308342;       -0,00781536;      1031,687
-0,01600965;       -0,003556858;      1031,704
-0,02353901;       -0,002837005;      1031,722
-0,02553226;       -0,0008599113;      1031,74
-0,02016884;       -0,007305045;      1031,757
-0,02615167;       0,002843725;      1031,774
-0,02615167;       -0,00443442;      1031,792
-0,01235642;       0,001969702;      1031,811
-0,02201992;       0,004153897;      1031,83
-0,02424037;       -0,003957991;      1031,848
-0,02189332;       -0,009446885;      1031,866
-0,02226233;       -0,00587104;      1031,885
-0,01017374;       -0,007963645;      1031,902
-0,02594155;       -0,0009395226;      1031,919
-0,01923512;       -0,003272886;      1031,937
-0,01785847;       -0,002118952;      1031,954
-0,01785847;       -0,006776979;      1031,971
-0,02012647;       -0,002901282;      1031,991
-0,0178901;       -0,01648224;      1032,009
-0,02093175;       -0,001994096;      1032,027
-0,04376591;       -0,001330452;      1032,045
-0,01344944;       -0,001255526;      1032,064
-0,00837854;       0,00524338;      1032,08
-0,03328855;       -0,01463614;      1032,098
-0,02851967;       -0,01107728;      1032,116
-0,01479021;       -0,001637025;      1032,134
-0,01612717;       -1,626089E-06;      1032,155
-0,01970752;       0,005880498;      1032,173
-0,02987971;       -0,002304795;      1032,192
-0,02987971;       -0,005957805;      1032,211
-0,0295605;       -0,009316524;      1032,229
-0,02223187;       -0,003614478;      1032,248
-0,0108805;       -0,005104739;      1032,266
-0,02269124;       0,001040618;      1032,282
-0,02889163;       0,004802448;      1032,3
-0,01405148;       -0,005787782;      1032,318
-0,01756925;       -0,01233002;      1032,336
-0,007676615;       -0,000837764;      1032,356
-0,02124636;       -0,01541997;      1032,376
-0,0306596;       -0,007226267;      1032,395
-0,0306596;       0,001182306;      1032,412
-0,01419809;       -0,001327946;      1032,431
-0,0255277;       -0,007729873;      1032,45
-0,01854122;       0,002411824;      1032,467
-0,01019425;       4,092231E-05;      1032,486
-0,02904084;       -0,002106013;      1032,502
-0,02194519;       -0,00913344;      1032,52
-0,02341996;       -0,00885059;      1032,535
-0,02341996;       -0,01474356;      1032,551
-0,01463415;       -0,009061448;      1032,568
-0,01859055;       -0,00394353;      1032,584
-0,02188917;       -0,0008513366;      1032,602
-0,01898449;       0,007957318;      1032,618
-0,02551381;       0,0003158194;      1032,635
-0,02421518;       -0,003270851;      1032,653
-0,02421518;       -0,0007484832;      1032,671
-0,01412951;       -0,007037313;      1032,69
-0,02615253;       -0,01563361;      1032,708
-0,02446504;       0,001655899;      1032,726
-0,02353958;       -0,006056917;      1032,745
-0,01804485;       0,003988979;      1032,763
-0,01586634;       -0,007327593;      1032,78
-0,03279266;       -0,01157592;      1032,797
-0,02001517;       -0,004620158;      1032,815
-0,01652565;       -0,0001698865;      1032,834
-0,01652565;       0,001192046;      1032,85
-0,02773825;       -0,002288666;      1032,868
-0,02098976;       -0,003645364;      1032,884
-0,02290968;       -0,00567006;      1032,9
-0,02156677;       -0,00345994;      1032,916
-0,02156677;       -0,01031874;      1032,932
-0,0183484;       -0,006171753;      1032,951
-0,02188082;       0,001375067;      1032,967
-0,02262328;       0,002430751;      1032,984
-0,0225233;       -0,002092303;      1033,003
-0,02290347;       -0,006068557;      1033,02
-0,01681609;       -0,01253962;      1033,039
-0,01872877;       -0,004695825;      1033,056
-0,02402329;       0,001462496;      1033,074
-0,02402329;       -0,007315726;      1033,092
-0,02142274;       0,002922598;      1033,11
-0,0180888;       -0,01065996;      1033,129
-0,02696723;       0,002057828;      1033,147
-0,02186309;       0,003436254;      1033,165
-0,02564376;       -0,00247245;      1033,183
-0,01507622;       4,35065E-05;      1033,201
-0,02037762;       -0,003920831;      1033,222
-0,02552913;       -0,004424702;      1033,239
-0,02492006;       -0,0116821;      1033,258
-0,01501426;       -0,005889932;      1033,276
-0,01250742;       0,0006835214;      1033,295
0,04024013;       0,007563394;      1033,313
0,04024013;       0,002548253;      1033,331
0,09390295;       0,005119111;      1033,349
0,03336597;       -0,01181267;      1033,368
-0,1103332;       0,01360354;      1033,385
-0,1521847;       0,02136356;      1033,403
-0,06501196;       -0,01240641;      1033,421
-0,02562545;       -0,01497066;      1033,438
-0,008667946;       -0,012053;      1033,456
-0,02881599;       -0,01856186;      1033,473
-0,02881599;       0,002530269;      1033,489
-0,02748687;       0,01483468;      1033,507
0,04316825;       0,006978567;      1033,525
0,01968199;       0,001296853;      1033,542
-0,05753148;       0,007833432;      1033,559
-0,02949499;       0,03760283;      1033,576
0,05322435;       0,01188789;      1033,594
0,05322435;       -0,007238643;      1033,612
-0,02881014;       0,01568219;      1033,631
-0,05678168;       0,08248532;      1033,649
0,04227432;       0,09026295;      1033,667
0,0161021;       0,08833802;      1033,685
-0,08939965;       0,13306;      1033,703
-0,01944813;       0,1955993;      1033,721
-0,001148399;       0,2290352;      1033,74
-0,01533511;       0,2065217;      1033,757
-0,01927461;       0,1815716;      1033,775
-0,06017105;       0,172832;      1033,793
-0,06017105;       0,1377745;      1033,811
-0,02870354;       0,1259326;      1033,83
-0,03707118;       0,08161291;      1033,848
-0,05877091;       0,08227581;      1033,866
-0,02417431;       0,08433234;      1033,883
-0,02163668;       0,07263646;      1033,901
-0,009466693;       0,07218221;      1033,919
-0,03502279;       0,002289651;      1033,937
-0,02491014;       -0,00351062;      1033,955
-0,02628773;       -0,01970873;      1033,973
-0,02628773;       -0,0848797;      1033,991
-0,04021937;       -0,09783041;      1034,009
-0,05559587;       -0,04489429;      1034,027
-0,02434857;       -0,07497741;      1034,044
-0,05241431;       -0,1120721;      1034,062
-0,02930703;       -0,1607148;      1034,08
0,006643632;       -0,08191024;      1034,095
0,005271452;       -0,04395645;      1034,114
0,005271452;       -0,07957202;      1034,131
-0,07027417;       -0,1614404;      1034,149
-0,05721547;       -0,1330541;      1034,166
-0,02818098;       -0,09527259;      1034,185
-0,01552866;       -0,08928906;      1034,202
-0,02882339;       -0,09933842;      1034,219
-0,02205995;       -0,1209563;      1034,237
-0,01088238;       -0,1050128;      1034,256
0,01131207;       -0,108336;      1034,275
0,01708389;       -0,09026649;      1034,293
0,01708389;       -0,0523947;      1034,312
-0,02019275;       -0,06624809;      1034,329
-0,05253847;       -0,1028856;      1034,346
-0,0261573;       -0,0907858;      1034,364
0,007351236;       -0,05390296;      1034,382
0,007808872;       -0,004726303;      1034,402
-0,02279682;       -0,008667151;      1034,42
-0,06471818;       -0,05323736;      1034,437
-0,03450539;       -0,05185108;      1034,455
-0,03450539;       -0,04130109;      1034,472
-0,007967131;       -0,02405098;      1034,489
-0,02086929;       -0,0008050763;      1034,506
-0,01551566;       -0,001517156;      1034,522
-0,02648658;       -0,02840916;      1034,54
-0,01779999;       -0,01381568;      1034,557
-0,02175886;       -0,005194495;      1034,573
-0,02175886;       -0,009337932;      1034,59
-0,02740665;       -0,007328398;      1034,607
-0,008456803;       0,004436104;      1034,622
-0,01522644;       0,02540304;      1034,638
-0,04002277;       0,02290245;      1034,654
-0,04002277;       0,01998;      1034,669
-0,0346476;       -0,01107486;      1034,686
-0,02563739;       -0,01166389;      1034,701
-0,02564964;       -0,002816887;      1034,717
-0,01175942;       0,02206448;      1034,733
-0,01175942;       0,03584646;      1034,748
-0,02093937;       0,0316494;      1034,764
-0,02248397;       0,02605153;      1034,782
-0,02920084;       0,0017573;      1034,798
-0,03199379;       -0,02004287;      1034,815
-0,02125753;       -0,006994424;      1034,836
-0,01215633;       0,02000292;      1034,854
-0,01215633;       0,01507928;      1034,871
-0,0295808;       -0,006722223;      1034,89
-0,0165193;       -0,01041058;      1034,907
-0,01932827;       -0,01189469;      1034,925
-0,02403779;       0,00654854;      1034,944
-0,02107921;       0,002004654;      1034,963
-0,02387969;       0,01353878;      1034,981
-0,02394313;       0,002784406;      1034,998
-0,04301704;       -0,005313725;      1035,016
-0,01516744;       0,01074116;      1035,034
-0,01516744;       0,008463079;      1035,052
-0,01398666;       0,003866459;      1035,068
-0,03347649;       -0,0008785015;      1035,086
-0,01234632;       -0,002695521;      1035,103
-0,01630312;       -0,004159824;      1035,121
-0,02338031;       0,007224406;      1035,138
-0,006099124;       0,02587168;      1035,156
-0,02163417;       0,01502014;      1035,175
-0,04204875;       0,007343872;      1035,193
-0,04204875;       -0,02050248;      1035,21
-0,02076392;       -0,005775349;      1035,227
-0,01621009;       0,008198634;      1035,244
-0,0351395;       0,01678471;      1035,26
-0,02839983;       -0,00060632;      1035,278
-0,01272572;       -0,0008890278;      1035,294
-0,01272572;       -0,0002363268;      1035,312
-0,02267592;       -0,009119285;      1035,33
-0,02005511;       -0,01302673;      1035,347
-0,01085505;       -0,009051139;      1035,365
-0,01606141;       -0,01256987;      1035,384
-0,02153805;       -0,01283719;      1035,402
-0,01766723;       -0,01375292;      1035,419
-0,01813926;       -0,005896645;      1035,438
-0,03069243;       -0,004356583;      1035,456
-0,03384924;       -0,0110693;      1035,473
-0,03384924;       -0,00874641;      1035,49
-0,02321534;       -0,006554541;      1035,508
-0,007716784;       6,509334E-05;      1035,525
-0,01452057;       -0,002490193;      1035,543
-0,03464166;       -0,003154716;      1035,561
-0,03736088;       -0,01297593;      1035,579
-0,02431862;       -0,003082808;      1035,598
-0,01433551;       0,01072208;      1035,615
-0,01433551;       0,008388823;      1035,634
0,002904844;       0,009865464;      1035,652
-0,02949716;       -0,002687851;      1035,67
-0,02775579;       -0,01918941;      1035,688
-0,0246731;       -0,009963837;      1035,705
-0,02259006;       -0,00484241;      1035,723
-0,0275391;       0,007669229;      1035,74
-0,01145614;       -0,00772733;      1035,758
-0,01788268;       0,001363685;      1035,775
-0,03065637;       0,002655515;      1035,793
-0,03065637;       -0,01268804;      1035,809
-0,02529542;       -0,0115907;      1035,827
-0,01725913;       -0,0145881;      1035,846
-0,01782749;       -0,01094794;      1035,864
0,008212788;       -0,01101508;      1035,88
0,00258036;       0,001201991;      1035,899
-0,03432251;       0,01374175;      1035,915
-0,0544441;       0,002195549;      1035,932
-0,0544441;       0,001052445;      1035,95
-0,03857171;       0,01475879;      1035,967
-0,01892965;       0,004827655;      1035,984
-0,02073877;       0,01617543;      1036,001
-0,02632585;       0,01649066;      1036,02
-0,02076908;       0,01899572;      1036,038
-0,03489111;       0,01236962;      1036,055
-0,02610931;       0,009752785;      1036,073
-0,02610931;       0,005347195;      1036,089
-0,02041234;       -0,002992339;      1036,107
-0,01387288;       0,0006766531;      1036,125
-0,01244063;       -0,0006765071;      1036,142
-0,02988519;       -0,007780566;      1036,159
-0,02111863;       -0,007678754;      1036,176
-0,03259555;       -0,005633214;      1036,194
-0,03259555;       -0,01841016;      1036,212
-0,02182751;       -0,007782647;      1036,229
-0,004078297;       0,004706775;      1036,247
-0,02052998;       0,0004049181;      1036,266
-0,02206241;       0,004617276;      1036,284
-0,03739174;       0,004560019;      1036,301
-0,03285944;       0,001794839;      1036,319
-0,0161101;       0,003497077;      1036,337
-0,01794061;       0,01190464;      1036,353
-0,0247186;       0,007557532;      1036,372
-0,02182143;       0,003138602;      1036,391
-0,02245328;       -0,008477014;      1036,41
-0,01822728;       0,005186242;      1036,428
-0,01775635;       -0,00560428;      1036,446
-0,02630587;       -0,008145051;      1036,464
-0,02718681;       -0,003141013;      1036,482
-0,01203533;       0,004716216;      1036,501
-0,01550988;       0,0144553;      1036,519
-0,03822136;       0,003459048;      1036,536
-0,04338064;       -0,006299888;      1036,555
-0,04338064;       -0,0001077747;      1036,571
-0,02045998;       -0,0112522;      1036,587
-0,01593507;       0,001032583;      1036,604
-0,02210282;       -0,001593087;      1036,621
-0,02639413;       -0,008697333;      1036,637
-0,02130532;       -0,001778951;      1036,653
-0,02130532;       0,002561854;      1036,67
-0,01206712;       0,0001977275;      1036,686
-0,02095246;       -0,002241555;      1036,702
-0,02981334;       0,001630232;      1036,719
-0,01998435;       0,002690367;      1036,736
-0,01998435;       -0,008121965;      1036,752
-0,01923842;       0,0046278;      1036,769
-0,02800336;       -0,003054894;      1036,787
-0,01569881;       0,004204942;      1036,802
-0,02348417;       0,002946137;      1036,819
-0,03392925;       2,068083E-05;      1036,836
-0,02686123;       -0,009546613;      1036,853
-0,02686123;       -0,005222659;      1036,869
-0,02261207;       -0,006559123;      1036,883
-0,02159417;       0,004247727;      1036,901
-0,01596461;       0,003797645;      1036,919
-0,01090673;       -0,003315312;      1036,937
-0,03810827;       0,006851136;      1036,954
-0,03810827;       0,004872715;      1036,972
-0,02587988;       -0,001342433;      1036,99
-0,01665044;       0,002949269;      1037,007
-0,02633365;       -0,002038386;      1037,025
-0,02437568;       0,001896053;      1037,043
-0,02003014;       0,00703406;      1037,059
-0,02064469;       -0,003850049;      1037,078
-0,02756551;       0,01533155;      1037,095
-0,02756551;       0,01623059;      1037,113
-0,0295173;       0,00739629;      1037,13
-0,02579665;       0,01670703;      1037,148
-0,01654808;       -0,0006800346;      1037,165
-0,02371912;       -0,01573123;      1037,183
-0,03780546;       -0,0131218;      1037,2
-0,0325104;       -0,008993;      1037,219
-0,01198981;       -0,008544233;      1037,236
-0,02562307;       -5,774293E-05;      1037,252
-0,02562307;       0,001607979;      1037,269
-0,02687104;       0,0003332561;      1037,287
-0,02463416;       -0,02450875;      1037,305
-0,006415449;       -0,02321316;      1037,322
-0,02350653;       -0,01376385;      1037,34
-0,03024502;       -0,0003173815;      1037,357
-0,03088772;       -0,003988596;      1037,375
-0,03088772;       -0,009954787;      1037,392
-0,03218947;       -0,02127841;      1037,409
-0,01557201;       -0,02282885;      1037,427
-0,0174844;       -0,01036688;      1037,446
-0,01855571;       -0,01157802;      1037,463
-0,02409412;       -0,01914358;      1037,481
-0,02493489;       -0,001153364;      1037,5
-0,02585636;       -0,001155966;      1037,516
-0,0193834;       -0,0009979093;      1037,536
-0,02156072;       0,01153553;      1037,554
-0,02004133;       0,01580947;      1037,576
-0,02258255;       0,009390876;      1037,594
-0,02258255;       0,01176137;      1037,612
-0,02180364;       0,01111245;      1037,63
-0,02490272;       0,00785904;      1037,649
-0,03058;       0,006853756;      1037,668
-0,02816364;       -0,006539859;      1037,685
-0,02370248;       0,01127253;      1037,704
-0,01714786;       -0,001842836;      1037,72
-0,03324266;       0,002708043;      1037,738
-0,01994084;       -0,005302126;      1037,754
-0,01638501;       0,01083929;      1037,772
-0,01977129;       -0,005884457;      1037,789
-0,03695986;       -0,02858116;      1037,806
-0,01642672;       -0,03071902;      1037,823
-0,02039374;       -0,03256344;      1037,841
-0,02106839;       -0,0437629;      1037,858
-0,03165077;       -0,05838092;      1037,874
-0,03165077;       -0,06818688;      1037,892
-0,03842063;       -0,09826078;      1037,911
-0,040147;       -0,1128062;      1037,927
-0,02056781;       -0,1504225;      1037,946
-0,01905596;       -0,1785558;      1037,964
-0,02348216;       -0,1955238;      1037,982
-0,0002352657;       -0,1822098;      1038
-0,03515453;       -0,1832161;      1038,018
-0,02696128;       -0,1727029;      1038,035
0,03815746;       -0,1730875;      1038,052
0,03815746;       -0,133071;      1038,069
-0,002726264;       -0,1549499;      1038,087
0,01487069;       -0,2004664;      1038,105
-0,03147146;       -0,1589439;      1038,122
-0,04201449;       -0,03153109;      1038,139
-0,02552168;       -0,01591643;      1038,157
-0,03462251;       -0,01054909;      1038,174
-0,03462251;       -0,09864066;      1038,191
-0,06837414;       -0,1040383;      1038,209
-0,02297844;       0,02026272;      1038,227
0,01228467;       0,116843;      1038,245
-0,03843486;       0,07243896;      1038,263
-0,06948733;       0,003292781;      1038,28
0,004493557;       0,01377507;      1038,297
-0,04151339;       0,03937509;      1038,316
-0,07750889;       0,04485922;      1038,334
-0,07750889;       0,02338861;      1038,351
-0,05586515;       0,08323535;      1038,369
-0,04278905;       0,291902;      1038,387
0,02872783;       1,472669;      1038,404
-0,04998881;       1,555315;      1038,423
0,02405453;       -0,5692788;      1038,441
0,09308792;       -1,13505;      1038,459
-0,07346609;       -0,2805446;      1038,475
-0,07346609;       0,06910034;      1038,492
-0,1945926;       0,7224525;      1038,51
-0,004241668;       0,1227129;      1038,526
0,1168583;       0,1841614;      1038,54
0,01197491;       -0,209621;      1038,557
-0,04790165;       -0,1513731;      1038,574
-0,04790165;       0,08693109;      1038,59
-0,04928208;       0,1151803;      1038,607
0,004687497;       0,005063185;      1038,625
0,007716445;       -0,05436903;      1038,643
-0,02811219;       -0,01873225;      1038,663
-0,03298455;       -0,02507053;      1038,681
-0,02096334;       -0,01724562;      1038,698
-0,02656628;       -0,001718692;      1038,798
-0,02290371;       -0,01309014;      1038,812
-0,01966086;       0,002073549;      1038,83
-0,02321956;       -0,003903385;      1038,843
-0,02321956;       -0,009546859;      1038,86
-0,02722429;       -0,007835287;      1038,875
-0,02360089;       0,01796324;      1038,898
-0,01704541;       -0,00709623;      1038,918
-0,02990033;       -0,01529223;      1038,935
-0,02361676;       -0,009357771;      1038,954
-0,02163991;       0,003450996;      1038,974
-0,01611111;       -0,005268395;      1038,992
-0,02604659;       0,01514358;      1039,009
-0,02842728;       0,005451459;      1039,027
-0,02668782;       -0,02120402;      1039,045
-0,02462286;       -0,02631717;      1039,062
-0,02462286;       -0,01199231;      1039,079
-0,01751933;       0,01470747;      1039,098
-0,008882599;       0,001307965;      1039,115
-0,02601212;       -0,0009449327;      1039,134
-0,03403225;       -0,01185573;      1039,152
-0,02101311;       0,001118049;      1039,168
-0,01508521;       0,008651251;      1039,187
-0,01759108;       0,01064606;      1039,205
-0,01759108;       0,01064606;      1039,219
-0,02546537;       -0,00819098;      1039,237
-0,03241345;       0,02381064;      1039,256
-0,01203674;       0,03765628;      1039,275
-0,01405649;       0,02960765;      1039,293
-0,02997923;       0,0007503573;      1039,309
-0,02462358;       0,001747026;      1039,328
-0,0185262;       -0,03891933;      1039,345
-0,02271232;       -0,03400517;      1039,364
-0,0172055;       -0,04967763;      1039,383
-0,0251645;       -0,05597886;      1039,401
-0,02394824;       -0,03460599;      1039,419
-0,02055673;       -0,01350027;      1039,437
-0,01597851;       -0,00699123;      1039,456
-0,01436627;       0,00823376;      1039,474
-0,01878019;       0,01487456;      1039,491
-0,01972641;       0,01017497;      1039,51
-0,02049434;       -0,0005712416;      1039,529
-0,02504575;       -0,002087529;      1039,546
-0,02766782;       -0,01889072;      1039,564
-0,01763516;       -0,01565249;      1039,582
-0,01763516;       -0,01770571;      1039,601
-0,01548399;       -0,00822599;      1039,619
-0,0303163;       0,00206847;      1039,637
-0,0205876;       0,002386889;      1039,654
-0,02360474;       -0,002409519;      1039,672
-0,01881853;       -0,008248976;      1039,69
-0,01471148;       -0,01260806;      1039,707
-0,02483643;       -0,006717641;      1039,725
-0,02490417;       -0,006649229;      1039,742
-0,02490417;       -0,003410991;      1039,76
-0,02014264;       -0,005482859;      1039,779
-0,01704441;       -0,01543489;      1039,797
-0,02055458;       -0,009180893;      1039,813
-0,02374983;       -0,003911395;      1039,83
-0,02617258;       0,005994044;      1039,848
-0,02370015;       -0,01717658;      1039,865
-0,01927444;       -0,006233112;      1039,883
-0,01927444;       -0,003661793;      1039,901
-0,01630343;       -0,01114237;      1039,919
-0,01728782;       0,00825084;      1039,938
-0,02455816;       -0,008948918;      1039,957
-0,04187601;       -0,008644072;      1039,976
-0,0186585;       -0,01262852;      1039,994
-0,0159533;       -0,008515653;      1040,011
-0,01482232;       -0,01522206;      1040,029
-0,0225359;       0,002055397;      1040,046
-0,01893227;       0,006853656;      1040,064
-0,02352218;       -0,001278667;      1040,082
-0,02352218;       -0,01288167;      1040,1
-0,0226394;       -0,0119524;      1040,117
-0,0112206;       -0,01614619;      1040,135
-0,01751674;       -0,000247403;      1040,153
-0,01512;       0,008890167;      1040,171
-0,02255096;       0,007723467;      1040,188
-0,02213522;       -0,005027025;      1040,205
-0,01885539;       -0,009563167;      1040,223
