899,6423
899,6581
899,6711
899,6863
899,7008
899,7146
899,7306
899,7443
899,7575
899,7713
899,7853
899,7991
899,8135
899,8281
899,8404
899,8552
899,8694
899,8837
899,8984
899,9133
899,9259
899,9397
899,9549
899,9693
899,9826
899,9957
900,0084
900,0217
900,0366
900,0507
900,0646
900,0784
900,0916
900,1057
900,1202
900,1359
900,15
900,1642
900,1783
900,1903
900,2062
900,2238
900,2415
900,2572
900,2739
900,2907
900,3073
900,3232
900,341
900,3577
900,3752
900,3908
900,4071
900,4223
900,4391
900,4553
900,4719
900,4866
900,5011
900,5162
900,5315
900,5438
900,5569
900,5708
900,5845
900,5993
900,6129
900,6247
900,6394
900,654
900,6692
900,6828
900,6964
900,7089
900,7239
900,7388
900,7535
900,7683
900,7824
900,7964
900,8079
900,822
900,837
900,8517
900,8663
900,8807
900,8928
900,9061
900,921
900,9343
900,9468
900,9622
900,9756
900,9893
901,004
901,0176
901,0323
901,0454
901,0576
901,0709
901,0853
901,0991
901,114
901,1277
901,1409
901,1553
901,1691
901,1843
901,1986
901,2141
901,2317
901,2491
901,2668
901,2844
901,301
901,3157
901,331
901,3463
901,3644
901,3796
901,3954
901,4089
901,4234
901,4404
901,4572
901,4713
901,4874
901,5023
901,5174
901,5315
901,5456
901,5573
901,5718
901,5863
901,6005
901,6148
901,6288
901,6409
901,6553
901,6695
901,6832
901,697
901,7092
901,7242
901,7389
901,754
901,7686
901,7823
901,7962
901,8093
901,8223
901,8369
901,8503
901,8629
901,8745
901,8879
901,9028
901,9169
901,9319
901,949
901,9669
901,9845
902,0011
902,0183
902,0347
902,0504
902,0666
902,0822
902,0989
902,1133
902,129
902,1445
902,1573
902,1703
902,1839
902,1994
902,212
902,23
902,2479
902,2645
902,2789
902,2928
902,3084
902,3235
902,3399
902,3574
902,3754
902,3929
902,4108
902,431
902,4494
902,4686
902,4863
902,5032
902,5215
902,5399
902,5583
902,576
902,592
902,6073
902,6232
902,6406
902,6571
902,6727
902,6891
902,706
902,7233
902,7402
902,7566
902,7736
902,7902
902,8066
902,8226
902,8386
902,8553
902,8725
902,8889
902,9068
902,9258
902,9429
902,9606
902,9793
902,9968
903,0141
903,0314
903,0506
903,0669
903,0844
903,1012
903,1166
903,1315
903,1454
903,1582
903,1735
903,1885
903,2034
903,2173
903,2333
903,2503
903,2685
903,2842
903,2994
903,3121
903,3248
903,3423
903,3619
903,3796
903,3972
903,4168
903,4353
903,4537
903,4705
903,488
903,5062
903,524
903,5423
903,5584
903,5754
903,5915
903,6082
903,6233
903,639
903,6551
903,6713
903,6882
903,7059
903,7245
903,741
903,7585
903,775
903,7916
903,8058
903,8221
903,8376
903,8508
903,8646
903,8781
903,8915
903,9055
903,9199
903,9329
903,9484
903,9625
903,978
903,9916
904,0056
904,0215
904,0369
904,0511
904,0664
904,0813
904,0953
904,1068
904,1211
904,1335
904,149
904,165
904,1795
904,1908
904,2062
904,2235
904,2408
904,2581
904,275
904,2919
904,3063
904,3203
904,3351
904,3488
904,3615
904,3739
904,3896
904,4045
904,4196
904,433
904,4466
904,4589
904,4724
904,4885
904,5047
904,521
904,5376
904,5512
904,567
904,5815
904,5953
904,6064
904,6205
904,634
904,6474
904,6613
904,6736
904,6901
904,7059
904,7227
904,7401
904,7562
904,7714
904,7863
904,8008
904,817
904,8346
904,8525
904,8699
904,8878
904,9071
904,9256
904,9458
904,9636
904,9821
904,9991
905,0155
905,0319
905,049
905,0645
905,0814
905,0975
905,1125
905,1287
905,1436
905,1609
905,1774
905,1937
905,2107
905,2292
905,247
905,2648
905,2826
905,2971
905,3121
905,3259
905,3405
905,3578
905,3742
905,3894
905,4049
905,4218
905,4369
905,4508
905,4648
905,4807
905,4936
905,5059
905,5202
905,5355
905,5477
905,5623
905,5735
905,5886
905,6022
905,6157
905,6286
905,6429
905,6567
905,6702
905,6837
905,706
905,7244
905,7413
905,7582
905,7748
905,7921
905,8089
905,8257
905,8414
905,8577
905,8728
905,8873
905,9019
905,916
905,9296
905,9443
905,957
905,9701
905,9835
905,9976
906,0123
906,0276
906,0392
906,0537
906,0681
906,0834
906,0999
906,1142
906,1305
906,1448
906,1611
906,1755
906,1909
906,2061
906,2203
906,2371
906,2529
906,2694
906,2863
906,3041
906,3199
906,334
906,3495
906,3646
906,3796
906,3941
906,4065
906,4212
906,4359
906,4492
906,4639
906,4777
906,4901
906,5043
906,5195
906,5352
906,5511
906,5667
906,5825
906,5985
906,6158
906,6339
906,6523
906,6713
906,6918
906,7125
906,7307
906,7487
906,767
906,7845
906,8022
906,82
906,838
906,8547
906,8708
906,8884
906,9065
906,9252
906,942
906,96
906,9789
906,9966
907,0143
907,0294
907,0442
907,0575
907,0723
907,0872
907,1004
907,1149
907,1282
907,1415
907,155
907,1678
907,1825
907,1958
907,2067
907,222
907,24
907,2563
907,2731
907,2917
907,3073
907,3215
907,3365
907,3511
907,3654
907,3807
907,3951
907,4079
907,4243
907,4399
907,4562
907,4736
907,4897
907,5066
907,5222
907,5394
907,5547
907,5712
907,5869
907,6002
907,613
907,6247
907,6394
907,6545
907,6722
907,6908
907,7083
907,7281
907,7472
907,7668
907,7852
907,8036
907,8218
907,8408
907,8612
907,8788
907,8964
907,9139
907,9319
907,949
907,9653
907,9832
908,0009
908,0183
908,0361
908,0543
908,0726
908,0913
908,1081
908,1244
908,1409
908,157
908,1732
908,1888
908,2066
908,2227
908,2405
908,2586
908,2756
908,2949
908,3125
908,3312
908,3479
908,3652
908,3817
908,399
908,4155
908,4336
908,45
908,4684
908,4847
908,4999
908,5165
908,534
908,55
908,5651
908,5812
908,5974
908,6123
908,6281
908,6451
908,6604
908,6744
908,6889
908,7045
908,721
908,7372
908,7524
908,7698
908,7906
908,8062
908,8218
908,8378
908,8529
908,8678
908,8825
908,8976
908,9111
908,9243
908,9393
908,9543
908,9709
908,9872
909,0031
909,0179
909,0321
909,048
909,0641
909,0807
909,097
909,1119
909,1282
909,1445
909,1603
909,1752
909,1898
909,2059
909,2223
909,2408
909,2577
909,2756
909,293
909,3135
909,3317
909,348
909,3639
909,3819
909,4001
909,4189
909,4372
909,456
909,4781
909,4977
909,5222
909,5413
909,5619
909,5799
909,5978
909,6156
909,6332
909,6512
909,6692
909,6873
909,7059
909,7249
909,7441
909,7615
909,7784
909,7958
909,8118
909,8273
909,8416
909,8576
909,8713
909,8862
909,8996
909,9126
909,9254
909,9398
909,9529
909,9675
909,9823
909,9968
910,0107
910,0244
910,0383
910,0518
910,0677
910,0812
910,0943
910,1064
910,12
910,1327
910,1486
910,1654
910,1814
910,1975
910,2138
910,2306
910,2473
910,2637
910,2807
910,2987
910,3148
910,3318
910,348
910,3641
910,3798
910,3953
910,4108
910,4244
910,438
910,4509
910,465
910,4797
910,4948
910,5101
910,5237
910,5387
910,5544
910,5686
910,582
910,5962
910,6087
910,6231
910,6371
910,6503
910,6646
910,6788
910,6913
910,7054
910,722
910,737
910,7499
910,7647
910,7777
910,7938
910,8111
910,8287
910,8471
910,8669
910,8855
910,9048
910,9238
910,9473
910,9678
910,9886
911,012
911,0327
911,0515
911,0679
911,0848
911,1014
911,1166
911,1336
911,1512
911,1693
911,188
911,2062
911,2246
911,2436
911,2604
911,2764
911,2946
911,3122
911,3295
911,3467
911,3629
911,3794
911,3948
911,4075
911,4214
911,4374
911,4531
911,4702
911,4835
911,4986
911,5119
911,5267
911,5389
911,5538
911,5698
911,5854
911,5986
911,6119
911,6237
911,6373
911,6508
911,6647
911,6786
911,6905
911,7049
911,7209
911,737
911,7543
911,7693
911,7836
911,7983
911,8116
911,8237
911,8385
911,8531
911,8681
911,8831
911,8972
911,9113
911,9276
911,9435
911,9596
911,9752
911,9905
912,0056
912,022
912,0392
912,0576
912,0756
912,0949
912,1152
912,1344
912,1527
912,1706
912,1928
912,2117
912,2303
912,2464
912,2636
912,2796
912,2975
912,3147
912,3318
912,3495
912,3651
912,3807
912,3975
912,4133
912,4285
912,4424
912,4562
912,4714
912,4866
912,5009
912,5157
912,5337
912,5479
912,5615
912,5744
912,5872
912,6011
912,6169
912,631
912,6461
912,6601
912,6718
912,6863
912,7
912,7131
912,7272
912,7385
912,7526
912,7657
912,7789
912,7908
912,8039
912,8184
912,832
912,8465
912,8602
912,8732
912,888
912,9042
912,9205
912,9362
912,952
912,9673
912,9838
912,9994
913,0142
913,0297
913,045
913,0603
913,0747
913,0894
913,1044
913,118
913,1321
913,1481
913,1622
913,1759
913,1913
913,2079
913,2274
913,2449
913,2621
913,2797
913,2966
913,3123
913,3276
913,3442
913,3619
913,3782
913,3958
913,4119
913,4279
913,4448
913,4605
913,4769
913,4918
913,5073
913,5231
913,538
913,5555
913,5718
913,588
913,6049
913,6226
913,64
913,6581
913,674
913,6906
913,7069
913,7238
913,7402
913,754
913,7706
913,7872
913,8013
913,8151
913,8293
913,8434
913,8576
913,8719
913,8874
913,9025
913,9205
913,9384
913,9563
913,9764
913,9982
914,017
914,0349
914,053
914,0717
914,09
914,1089
914,1274
914,1459
914,1639
914,1814
914,1987
914,2155
914,2322
914,25
914,2681
914,2857
914,3043
914,3206
914,3365
914,3528
914,3704
914,3865
914,4019
914,4177
914,4327
914,4491
914,465
914,4807
914,4958
914,5107
914,5221
914,5372
914,5509
914,5646
914,5796
914,5956
914,6112
914,6281
914,6447
914,6609
914,6764
914,6904
914,7053
914,7216
914,7373
914,7523
914,7689
914,784
914,7988
914,8135
914,828
914,8436
914,8565
914,8725
914,8885
914,9046
914,9235
914,9405
914,9576
914,9771
914,9963
915,0153
915,0328
915,0497
915,067
915,0847
915,1027
915,1205
915,1379
915,1561
915,174
915,1907
915,2076
915,2276
915,2465
915,2632
915,2815
915,2975
915,3123
915,3264
915,3403
915,3564
915,3724
915,3876
915,4037
915,4213
915,4382
915,4554
915,4719
915,4897
915,507
915,5239
915,5406
915,5577
915,574
915,5901
915,6055
915,6198
915,6335
915,6481
915,6618
915,6735
915,6869
915,7012
915,7173
915,7314
915,7458
915,7576
915,7728
915,7864
915,7997
915,8126
915,827
915,8398
915,8542
915,8687
915,8824
915,8965
915,91
915,9231
915,9381
915,9509
915,9643
915,9783
915,9932
916,0077
916,0219
916,037
916,0515
916,066
916,0814
916,0968
916,1107
916,1249
916,1394
916,1555
916,1717
916,1875
916,205
916,2222
916,2394
916,2552
916,2712
916,2874
916,3029
916,3182
916,3319
916,3478
916,3637
916,3802
916,3972
916,4132
916,4301
916,4467
916,4646
916,481
916,4974
916,5113
916,528
916,5453
916,5628
916,58
916,5972
916,6171
916,6356
916,6545
916,674
916,6935
916,7114
916,73
916,7486
916,7661
916,7828
916,7986
916,8155
916,8315
916,8479
916,863
916,8792
916,8951
916,9123
916,9293
916,9469
916,9627
916,9794
916,9943
917,0073
917,0228
917,0386
917,0554
917,0721
917,0892
917,1046
917,1208
917,1371
917,1534
917,1685
917,1835
917,1974
917,2102
917,2271
917,2441
917,2578
917,2726
917,2882
917,3038
917,3171
917,3311
917,3467
917,3631
917,3796
917,3966
917,4136
917,4302
917,447
917,4637
917,4797
917,4944
917,51
917,5234
917,5363
917,5497
917,6497
917,6642
917,6787
917,6956
917,7118
917,7352
917,7523
917,7661
917,7808
917,7945
917,8063
917,8214
917,8367
917,8515
917,8661
917,8801
917,8936
917,9052
917,9205
917,9346
917,9476
917,9614
917,9782
917,994
918,0071
918,0219
918,0378
918,0526
918,0653
918,079
918,0907
918,1041
918,1202
918,1368
918,1526
918,1691
918,1844
918,2018
918,2178
918,2336
918,2488
918,2648
918,2809
918,2961
918,3112
918,325
918,3397
918,3544
918,3696
918,3859
918,4031
918,4178
918,4323
918,4477
918,4636
918,4796
918,495
918,512
918,528
918,5417
918,5579
918,5726
918,5881
918,605
918,6221
918,6382
918,6542
918,6693
918,6852
918,7003
918,717
918,7308
918,746
918,7583
918,7715
918,7854
918,7988
918,8115
918,8259
918,8411
918,8582
918,8726
918,8884
918,9038
918,9202
918,9377
918,9534
918,9713
918,9878
919,004
919,0192
919,0344
919,0486
919,0645
919,0801
919,0944
919,1067
919,121
919,1368
919,1526
919,1697
919,1832
919,1982
919,2119
919,2246
919,2386
919,2516
919,2673
919,2832
919,2984
919,3137
919,3273
919,34
919,3571
919,3752
919,3938
919,4121
919,4309
919,4499
919,4683
919,4873
919,5052
919,5246
919,5421
919,5621
919,5789
919,596
919,6141
919,6312
919,6489
919,6651
919,6815
919,6991
919,7167
919,735
919,753
919,7698
919,7867
919,8017
919,8171
919,8301
919,8442
919,8563
919,8702
919,8854
919,8986
919,912
919,9246
919,9385
919,9537
919,9703
919,9864
920,0038
920,0205
920,0364
920,0515
920,0654
920,079
920,0908
920,1048
920,1216
920,1387
920,1562
920,1744
920,1912
920,2078
920,2267
920,2417
920,2593
920,2746
920,2902
920,306
920,3219
920,3381
920,3515
920,366
920,3792
920,3906
920,4056
920,4216
920,4396
920,4564
920,4719
920,488
920,5035
920,5186
920,5336
920,5488
920,5633
920,5782
920,5908
920,6038
920,6175
920,6308
920,6461
920,6602
920,6744
920,6882
920,7055
920,723
920,7389
920,7568
920,7743
920,7896
920,8058
920,8222
920,8383
920,8561
920,8737
920,8892
920,9047
920,9199
920,9357
920,9513
920,9692
920,9851
921,0009
921,016
921,0306
921,0456
921,0573
921,0725
921,0889
921,1075
921,1223
921,1417
921,161
921,1796
921,1996
921,2188
921,2378
921,2567
921,2762
921,2958
921,3145
921,332
921,3506
921,3694
921,387
921,405
921,4232
921,441
921,4614
921,4797
921,4955
921,5115
921,527
921,541
921,5557
921,5714
921,5875
921,6035
921,6198
921,6349
921,6516
921,6678
921,6837
921,6995
921,715
921,7305
921,7454
921,7609
921,7741
921,7871
921,8029
921,8181
921,8351
921,8523
921,8701
921,888
921,9048
921,9225
921,9401
921,9575
921,9766
921,9937
922,0106
922,0281
922,0445
922,0604
922,0767
922,0938
922,1106
922,1266
922,1415
922,16
922,1793
922,1985
922,2172
922,2366
922,2574
922,2767
922,2946
922,3117
922,3282
922,3469
922,3651
922,3834
922,4017
922,4203
922,4389
922,457
922,4741
922,4923
922,5082
922,524
922,5419
922,5579
922,5748
922,5934
922,6102
922,6248
922,6406
922,6563
922,6724
922,6888
922,7046
922,7211
922,7377
922,752
922,7675
922,783
922,8001
922,8159
922,8297
922,8464
922,8624
922,8795
922,8962
922,9138
922,9307
922,947
922,9641
922,9819
922,9997
923,0166
923,0339
923,0515
923,0692
923,0849
923,0995
923,1124
923,1248
923,1376
923,1516
923,1691
923,1872
923,2054
923,2241
923,2456
923,2623
923,2815
923,2991
923,3168
923,3355
923,3538
923,3727
923,3926
923,4113
923,4287
923,4459
923,4637
923,482
923,4987
923,5167
923,5339
923,5516
923,5702
923,5862
923,6035
923,6201
923,6353
923,6489
923,6638
923,6793
923,6948
923,7107
923,7271
923,7438
923,7607
923,778
923,7944
923,8115
923,828
923,8438
923,8608
923,8771
923,8889
923,905
923,9214
923,9371
923,9529
923,9698
923,9853
924,0018
924,0191
924,035
924,051
924,0663
924,0818
924,0974
924,1121
924,1274
924,1428
924,1572
924,1725
924,1889
924,2059
924,2214
924,2363
924,2491
924,2623
924,2737
924,2862
924,3013
924,3171
924,3306
924,3455
924,3613
924,3775
924,3941
924,4107
924,4273
924,4442
924,4612
924,4789
924,4954
924,5129
924,53
924,5458
924,5624
924,5781
924,593
924,6062
924,6198
924,6335
924,6477
924,6634
924,6802
924,6975
924,7151
924,7335
924,7547
924,7741
924,7941
924,8117
924,8298
924,8482
924,8661
924,8842
924,9029
924,921
924,9393
924,9576
924,9769
924,9954
925,0142
925,0303
925,0458
925,0618
925,0781
925,0934
925,1093
925,1208
925,1359
925,1508
925,166
925,1801
925,1932
925,2069
925,2238
925,24
925,2542
925,2682
925,282
925,2951
925,3104
925,3258
925,3387
925,3544
925,3711
925,3882
925,4052
925,4214
925,4391
925,4561
925,473
925,4901
925,5079
925,5248
925,5408
925,5554
925,5718
925,5878
925,603
925,6202
925,6364
925,6499
925,6652
925,6793
925,6907
925,7042
925,7179
925,7311
925,7448
925,7555
925,7717
925,7894
925,8076
925,8271
925,8464
925,8656
925,8889
925,9058
925,923
925,942
925,9614
925,9796
925,9971
926,0157
926,0333
926,0513
926,0703
926,0895
926,107
926,1231
926,1396
926,1564
926,1718
926,1877
926,2036
926,2209
926,2392
926,2552
926,2712
926,2877
926,3042
926,3207
926,3364
926,3516
926,3677
926,3812
926,3944
926,4081
926,4224
926,4357
926,4489
926,4637
926,4775
926,4929
926,5056
926,5214
926,5375
926,5549
926,5728
926,5895
926,6058
926,6219
926,6396
926,6561
926,6728
926,6909
926,7061
926,7202
926,7353
926,7487
926,7633
926,7767
926,7902
926,8035
926,8173
926,8307
926,8434
926,8553
926,8683
926,8818
926,895
926,9068
926,9208
926,9349
926,9481
926,9655
926,9824
926,999
927,015
927,0308
927,0466
927,0616
927,0765
927,0892
927,1044
927,1196
927,1349
927,1487
927,1637
927,1779
927,1927
927,2061
927,224
927,2418
927,2599
927,2748
927,2887
927,3048
927,3209
927,3385
927,3535
927,3693
927,3848
927,3994
927,4141
927,4287
927,4437
927,4573
927,4733
927,4904
927,5083
927,5272
927,5472
927,566
927,5852
927,6036
927,6218
927,6433
927,6616
927,68
927,6972
927,713
927,7311
927,7484
927,7664
927,7839
927,8014
927,819
927,8373
927,8546
927,8721
927,8882
927,9044
927,92
927,9351
927,9496
927,9663
927,9842
928,0004
928,0162
928,0303
928,0442
928,0572
928,0713
928,0881
928,1046
928,1215
928,1382
928,1548
928,1721
928,1893
928,2068
928,2264
928,2448
928,2618
928,2784
928,2946
928,3109
928,3268
928,342
928,3599
928,3771
928,3943
928,4106
928,4265
928,4403
928,4552
928,4698
928,4865
928,5046
928,5242
928,543
928,5621
928,5809
928,5992
928,6172
928,6346
928,653
928,6711
928,6904
928,7104
928,7278
928,7452
928,7629
928,7798
928,7938
928,8098
928,825
928,8428
928,8568
928,872
928,8893
928,9061
928,923
928,9404
928,9564
928,9734
928,9901
929,0069
929,0266
929,0433
929,0601
929,077
929,0939
929,1089
929,1235
929,1389
929,1547
929,1708
929,1874
929,2036
929,2188
929,2343
929,2521
929,2686
929,2838
929,2985
929,3119
929,3261
929,3381
929,3528
929,3687
929,3831
929,3989
929,4131
929,4274
929,4422
929,4575
929,4734
929,49
929,5065
929,5226
929,5393
929,5546
929,5712
929,5895
929,6053
929,6218
929,6376
929,6539
929,6708
929,6874
929,7039
929,7204
929,7374
929,7539
929,7705
929,7869
929,8028
929,8184
929,8328
929,8487
929,8634
929,8766
929,8887
929,9022
929,9169
929,9317
929,9454
929,9631
929,9835
930,0004
930,017
930,0323
930,0479
930,0629
930,0793
930,0936
930,1068
930,1232
930,1392
930,1557
930,1725
930,1885
930,2043
930,2208
930,2382
930,2559
930,2737
930,2906
930,3067
930,3221
930,3365
930,3497
930,3632
930,3767
930,3892
930,4022
930,4169
930,4309
930,4446
930,4608
930,4734
930,4866
930,501
930,5151
930,5281
930,5433
930,5559
930,5706
930,5858
930,601
930,6146
930,6299
930,6455
930,6603
930,6755
930,6902
930,7034
930,7184
930,7341
930,7499
930,7651
930,7802
930,7966
930,812
930,8282
930,8437
930,8595
930,875
930,8876
930,9025
930,918
930,9323
930,9457
930,9648
930,9838
931,0026
931,0225
931,0416
931,0616
931,0786
931,0955
931,1135
931,1315
931,1501
931,1675
931,1863
931,2037
931,2213
931,241
931,2596
931,2771
931,2949
931,3124
931,3309
931,3474
931,3635
931,3798
931,3964
931,413
931,4277
931,4416
931,4554
931,4684
931,4822
931,4958
931,5093
931,5209
931,5357
931,5498
931,5637
931,5769
931,5894
931,603
931,6169
931,6299
931,644
931,6605
931,6765
931,6899
931,7064
931,7231
931,7425
931,7598
931,7733
931,7885
931,8037
931,8209
931,838
931,8545
931,8716
931,8868
931,9026
931,9186
931,9336
931,9487
931,9661
931,9832
932,0004
932,0167
932,0348
932,0544
932,0733
932,0931
932,1124
932,1312
932,1498
932,1663
932,1841
932,2032
932,2214
932,2399
932,2568
932,2756
932,2943
932,3129
932,3293
932,3457
932,3616
932,3782
932,3952
932,411
932,4229
932,4368
932,453
932,4675
932,4811
932,4958
932,5107
932,5256
932,5406
932,5569
932,5711
932,5884
932,6052
932,6207
932,6377
932,6531
932,6679
932,683
932,6996
932,7128
932,7254
932,7379
932,751
932,7646
932,7783
932,7899
932,8032
932,8174
932,8309
932,8437
932,8586
932,8718
932,8851
932,8997
932,9153
932,9296
932,9427
932,958
932,9739
932,9884
933,0048
933,0208
933,0357
933,0497
933,0633
933,0771
933,0891
933,1025
933,1163
933,1306
933,1442
933,157
933,1709
933,186
933,2007
933,2153
933,2278
933,2418
933,2551
933,2683
933,2834
933,2999
933,3167
933,3326
933,3467
933,3609
933,3761
933,3882
933,4025
933,4163
933,4316
933,4459
933,4617
933,4764
933,4918
933,5063
933,5219
933,5384
933,5535
933,5701
933,5863
933,6021
933,6169
933,6312
933,6478
933,6653
933,6833
933,7016
933,7203
933,7399
933,7604
933,7787
933,7953
933,8129
933,8308
933,8475
933,8661
933,884
933,9008
933,9175
933,9341
933,9521
933,971
933,9887
934,0062
934,0267
934,0419
934,0554
934,0697
934,0833
934,0972
934,1131
934,1289
934,1447
934,1597
934,1729
934,1887
934,2045
934,2202
934,2358
934,2511
934,2645
934,2779
934,2938
934,3087
934,3239
934,3372
934,3502
934,3641
934,377
934,3879
934,4019
934,4146
934,4269
934,4424
934,4595
934,4727
934,4862
934,503
934,5202
934,537
934,5534
934,5694
934,5862
934,6028
934,6187
934,6342
934,6503
934,666
934,6826
934,6981
934,7125
934,728
934,7424
934,7548
934,7682
934,7817
934,796
934,8102
934,8221
934,8357
934,8491
934,8644
934,8778
934,8913
934,9042
934,9194
934,9341
934,9485
934,9636
934,9806
934,9968
935,0118
935,0283
935,0446
935,0602
935,0756
935,088
935,1022
935,1152
935,1281
935,1403
935,1543
935,1699
935,1844
935,1981
935,2114
935,2257
935,2415
935,2547
935,2704
935,2863
935,3028
935,3196
935,3347
935,3527
935,3722
935,3898
935,4097
935,4341
935,454
935,4731
935,4922
935,5104
935,5283
935,5459
935,5628
935,5793
935,5952
935,6121
935,6296
935,6445
935,6611
935,6775
935,694
935,7108
935,7277
935,7431
935,7546
935,7704
935,786
935,8024
935,8188
935,8332
935,8493
935,8646
935,8793
935,8941
935,9081
935,9191
935,9343
935,9484
935,9643
935,9814
935,9963
936,0099
936,0232
936,0418
936,0584
936,0715
936,0883
936,1049
936,122
936,1383
936,1539
936,1697
936,1865
936,2036
936,2204
936,2382
936,2543
936,2703
936,2844
936,2991
936,3146
936,33
936,3448
936,3568
936,3704
936,3856
936,4012
936,4139
936,4276
936,4409
936,4556
936,4702
936,4847
936,498
936,512
936,5256
936,5427
936,5602
936,5781
936,597
936,6164
936,6342
936,6529
936,6709
936,6895
936,7084
936,7265
936,7449
936,7625
936,7785
936,7974
936,815
936,8329
936,8501
936,8679
936,8858
936,9032
936,9199
936,9357
936,9501
936,9657
936,9824
936,9984
937,0143
937,03
937,0447
937,0582
937,0699
937,0847
937,0996
937,1135
937,1265
937,1395
937,1525
937,1683
937,182
937,1956
937,2081
937,2202
937,235
937,2471
937,2615
937,2748
937,2872
937,3015
937,3157
937,3308
937,3483
937,3613
937,3741
937,3854
937,3997
937,4131
937,4263
937,4404
937,4548
937,4686
937,4824
937,4967
937,5095
937,5221
937,5356
937,5486
937,564
937,579
937,5927
937,609
937,6264
937,6429
937,66
937,6758
937,688
937,704
937,7205
937,7368
937,7531
937,7699
937,7852
937,801
937,8162
937,832
937,8469
937,8605
937,8755
937,8869
937,9026
937,9209
937,9399
937,9595
937,9789
937,9976
938,0161
938,0344
938,0529
938,071
938,0892
938,1069
938,1257
938,1439
938,1613
938,1783
938,1951
938,2123
938,2293
938,2456
938,2637
938,2812
938,2977
938,3156
938,3331
938,351
938,3691
938,3854
938,4021
938,4188
938,4351
938,4512
938,4647
938,4781
938,4941
938,5093
938,5221
938,5365
938,5507
938,5654
938,582
938,5972
938,6129
938,6284
938,6442
938,6599
938,674
938,6882
938,7021
938,7168
938,7305
938,7447
938,7579
938,7695
938,784
938,7975
938,8126
938,8264
938,8386
938,8513
938,8677
938,8804
938,8939
938,905
938,9191
938,9329
938,949
938,9646
938,9813
938,9979
939,0128
939,0293
939,0441
939,0573
939,0696
939,0837
939,0977
939,1116
939,1249
939,1375
939,1505
939,1634
939,1766
939,1884
939,2036
939,2208
939,2355
939,2512
939,2687
939,2841
939,3001
939,3143
939,329
939,346
939,3632
939,3798
939,3948
939,4094
939,4229
939,4359
939,4508
939,4637
939,4774
939,4914
939,5062
939,5195
939,5346
939,5488
939,5624
939,577
939,5893
939,6029
939,6187
939,6331
939,6476
939,6617
939,6752
939,6876
939,7023
939,7169
939,7316
939,7453
939,7584
939,7707
939,7852
939,7996
939,8132
939,827
939,8426
939,8578
939,8708
939,8868
939,9015
939,916
939,93
939,9431
939,9585
939,9741
939,9888
940,004
940,021
940,0344
940,0475
940,0613
940,0754
940,0875
940,1011
940,1152
940,1289
940,145
940,1624
940,1796
940,1964
940,2175
940,236
940,2552
940,2754
940,2928
940,3111
940,3287
940,3466
940,3656
940,3846
940,4021
940,4202
940,439
940,4575
940,4766
940,4948
940,5126
940,5292
940,5463
940,5626
940,5769
940,5889
940,6036
940,619
940,6355
940,6513
940,666
940,6802
940,6954
940,7085
940,7204
940,7361
940,7512
940,7646
940,7789
940,7922
940,8052
940,8198
940,8364
940,8537
940,8734
940,8917
940,9091
940,9266
940,9438
940,9605
940,9774
940,9944
941,0112
941,0278
941,0436
941,058
941,0714
941,0849
941,0997
941,1127
941,1254
941,1399
941,1533
941,1694
941,1833
941,2015
941,2197
941,2382
941,2601
941,2798
941,2979
941,316
941,3337
941,3513
941,3699
941,3881
941,4055
941,4217
941,4386
941,4559
941,4731
941,4908
941,5069
941,5217
941,538
941,5544
941,5712
941,5871
941,6024
941,6182
941,6315
941,6457
941,6609
941,6735
941,6879
941,7027
941,7178
941,7302
941,7437
941,7577
941,7698
941,7863
941,8015
941,8171
941,8315
941,8474
941,8643
941,879
941,8942
941,9108
941,9275
941,9442
941,9615
941,9787
941,9957
942,0127
942,0301
942,0466
942,0643
942,0804
942,0973
942,1122
942,128
942,1412
942,1566
942,1694
942,1838
942,199
942,2119
942,2274
942,2419
942,2557
942,2701
942,2852
942,3027
942,3207
942,3401
942,3598
942,3787
942,398
942,4168
942,4354
942,4532
942,4732
942,4918
942,5094
942,5261
942,5428
942,5609
942,5784
942,5939
942,6097
942,6263
942,6438
942,6603
942,6761
942,6924
942,7094
942,7249
942,7419
942,7578
942,7743
942,7886
942,8043
942,8206
942,8358
942,8516
942,8685
942,8837
942,8972
942,91
942,9242
942,9365
942,9508
942,9674
942,9847
943,0004
943,0164
943,0316
943,0471
943,0614
943,0749
943,0865
943,1005
943,1139
943,1274
943,1407
943,1539
943,1678
943,1824
943,196
943,2096
943,2219
943,2357
943,2509
943,266
943,2815
943,2952
943,3091
943,3209
943,3342
943,3484
943,3622
943,3778
943,3936
943,4108
943,4257
943,4391
943,4557
943,4697
943,4878
943,5018
943,5172
943,5319
943,5472
943,5614
943,5762
943,591
943,6053
943,621
943,6364
943,6517
943,668
943,6826
943,7002
943,7173
943,7354
943,7537
943,7742
943,7939
943,8125
943,8309
943,8491
943,8671
943,8859
943,9038
943,9218
943,9415
943,9594
943,9784
943,9968
944,0152
944,0335
944,0512
944,0683
944,085
944,1016
944,1191
944,1339
944,1489
944,1638
944,1778
944,1918
944,2036
944,2181
944,2322
944,2455
944,2613
944,2765
944,2897
944,3026
944,3174
944,3309
944,3456
944,3616
944,3764
944,392
944,41
944,4258
944,4416
944,4576
944,4716
944,4871
944,5026
944,5179
944,5312
944,5461
944,5599
944,5757
944,5917
944,6056
944,6211
944,6369
944,6523
944,6686
944,684
944,6974
944,7104
944,7242
944,7365
944,7516
944,7662
944,7806
944,794
944,8065
944,8195
944,8336
944,8497
944,8637
944,8785
944,892
944,9036
944,9169
944,9305
944,9457
944,9624
944,9781
944,9926
945,0057
945,022
945,0362
945,0508
945,066
945,08
945,0942
945,1057
945,1194
945,1328
945,1474
945,1608
945,1758
945,1873
945,2022
945,2187
945,2339
945,2486
945,2648
945,2822
945,298
945,3131
945,3287
945,343
945,3585
945,3726
945,3875
945,4046
945,4216
945,4402
945,4551
945,4697
945,4849
945,5001
945,5131
945,5266
945,5378
945,5526
945,5668
945,5797
945,5931
945,6066
945,6199
945,634
945,6481
945,6617
945,6763
945,6874
945,7001
945,7139
945,7259
945,7396
945,7523
945,7669
945,7805
945,7941
945,8052
945,819
945,8329
945,8466
945,8602
945,8713
945,8839
945,8971
945,912
945,9265
945,939
945,9519
945,9692
945,9839
945,9982
946,0145
946,0291
946,043
946,0562
946,0695
946,0851
946,0994
946,1136
946,1271
946,1406
946,1547
946,1708
946,1843
946,1992
946,2127
946,2297
946,2462
946,2634
946,2803
946,2968
946,3123
946,3291
946,3447
946,36
946,3741
946,3886
946,4042
946,4216
946,4383
946,4539
946,4683
946,482
946,4963
946,5085
946,5207
946,5352
946,549
946,5635
946,5765
946,5883
946,6013
946,6152
946,63
946,6432
946,6572
946,6693
946,6837
946,6981
946,7119
946,7271
946,7418
946,7582
946,7715
946,7848
946,7996
946,8137
946,8261
946,8396
946,8516
946,8663
946,8805
946,895
946,911
946,926
946,9412
946,9588
946,9759
946,9915
947,0082
947,0278
947,0464
947,0655
947,0836
947,1057
947,1253
947,1431
947,1605
947,1788
947,1974
947,2145
947,2325
947,25
947,2676
947,285
947,3021
947,3179
947,3343
947,351
947,3677
947,3845
947,4008
947,4191
947,4352
947,4518
947,4667
947,4811
947,4943
947,5073
947,5202
947,5345
947,5502
947,5627
947,5763
947,5876
947,6031
947,617
947,6298
947,6449
947,6588
947,6721
947,6859
947,7001
947,714
947,7269
947,7418
947,7539
947,7677
947,7815
947,7952
947,8087
947,8199
947,8353
947,8517
947,8665
947,8814
947,8954
947,91
947,9247
947,9379
947,9526
947,9697
947,9872
948,0038
948,0237
948,0393
948,0529
948,0668
948,0815
948,0953
948,11
948,1245
948,1365
948,1511
948,1663
948,1817
948,1953
948,2103
948,2243
948,237
948,2522
948,2677
948,2836
948,3024
948,3217
948,3396
948,3596
948,3787
948,3965
948,4147
948,4323
948,4504
948,4694
948,4875
948,5049
948,5237
948,5415
948,5586
948,5736
948,588
948,604
948,6216
948,6394
948,658
948,6746
948,6919
948,7061
948,7202
948,7359
948,7518
948,771
948,7863
948,802
948,8168
948,8308
948,8453
948,8594
948,8713
948,8859
948,9004
948,9155
948,9294
948,9449
948,959
948,9753
948,991
949,0059
949,0222
949,0364
949,0504
949,0653
949,08
949,0938
949,1075
949,1207
949,1347
949,1491
949,1648
949,1802
949,1936
949,2058
949,2198
949,2344
949,2487
949,2647
949,2795
949,2931
949,3087
949,3207
949,3347
949,3488
949,3618
949,3763
949,4764
949,4911
949,5052
949,5219
949,5369
949,5544
949,5738
949,5915
949,6085
949,6234
949,6386
949,653
949,67
949,6855
949,7023
949,7191
949,7357
949,7527
949,7711
949,7874
949,8011
949,8164
949,829
949,8431
949,8554
949,8688
949,8827
949,8972
949,9107
949,923
949,9368
949,9493
949,9634
949,9783
949,9905
950,0059
950,0218
950,0383
950,0541
950,0684
950,082
950,0952
950,1071
950,1207
950,1351
950,1486
950,1624
950,178
950,1946
950,2092
950,2214
950,2368
950,2525
950,267
950,2801
950,295
950,3083
950,3253
950,3447
950,364
950,3834
950,4023
950,4212
950,44
950,4581
950,4775
950,4962
950,5139
950,5323
950,5503
950,568
950,5862
950,6035
950,621
950,6404
950,6575
950,6752
950,6956
950,7148
950,7309
950,7477
950,7646
950,7808
950,7968
950,8125
950,8279
950,8436
950,8602
950,8766
950,89
950,9044
950,9196
950,9348
950,95
950,9653
950,9812
950,9974
951,0131
951,0295
951,0472
951,0634
951,0792
951,0942
951,1078
951,123
951,1375
951,1516
951,1664
951,1813
951,1979
951,2142
951,2278
951,2396
951,2554
951,2697
951,2825
951,2964
951,3113
951,3255
951,341
951,36
951,3787
951,3965
951,4152
951,4343
951,4532
951,4709
951,4901
951,5088
951,5283
951,5467
951,565
951,5828
951,601
951,6202
951,6371
951,6548
951,6733
951,6914
951,7117
951,7294
951,7485
951,7676
951,7845
951,8009
951,8157
951,8298
951,8444
951,8564
951,8694
951,8852
951,8987
951,9113
951,9249
951,9384
951,9539
951,9675
951,9807
951,9958
952,0078
952,0212
952,0353
952,0491
952,0621
952,0743
952,0871
952,1021
952,1178
952,132
952,1458
952,1586
952,1727
952,1877
952,2051
952,2216
952,2365
952,2498
952,265
952,2805
952,296
952,3105
952,3275
952,3425
952,3571
952,3708
952,3856
952,3987
952,4119
952,4244
952,4376
952,4517
952,4651
952,4788
952,4938
952,5056
952,5202
952,5379
952,5536
952,5695
952,5859
952,6011
952,619
952,6368
952,6559
952,676
952,6934
952,7122
952,7294
952,7488
952,7667
952,7849
952,8034
952,8215
952,8408
952,8572
952,876
952,8942
952,9103
952,9256
952,9432
952,9594
952,9773
952,9931
953,0101
953,0261
953,0391
953,0523
953,0667
953,0805
953,0952
953,1063
953,1202
953,1347
953,1512
953,1674
953,1837
953,2004
953,2161
953,2302
953,2451
953,2587
953,2728
953,2886
953,3052
953,3218
953,3381
953,3557
953,3716
953,3879
953,405
953,4201
953,4365
953,4512
953,4677
953,4835
953,4985
953,5142
953,529
953,544
953,5563
953,5718
953,5867
953,6009
953,6155
953,6301
953,6444
953,6569
953,6716
953,6879
953,7057
953,7225
953,7386
953,7546
953,77
953,7838
953,7979
953,811
953,8231
953,8367
953,8503
953,8651
953,8802
953,8938
953,9051
953,9192
953,9327
953,9465
953,9592
953,9719
953,9857
954,0023
954,0203
954,0383
954,057
954,0765
954,0964
954,114
954,1316
954,1495
954,167
954,1844
954,2029
954,2224
954,2441
954,2614
954,2792
954,2964
954,3137
954,3306
954,3484
954,3655
954,3833
954,3998
954,4147
954,4296
954,4458
954,46
954,4738
954,4865
954,4993
954,5138
954,5264
954,5392
954,5544
954,5688
954,5825
954,5969
954,61
954,6221
954,6376
954,6525
954,6669
954,6806
954,6979
954,7142
954,7293
954,7444
954,7594
954,7719
954,7859
954,8013
954,816
954,83
954,8446
954,8605
954,8752
954,8894
954,9037
954,9183
954,932
954,9446
954,9565
954,9695
954,9823
954,996
955,0075
955,0203
955,0349
955,048
955,0607
955,0731
955,087
955,1031
955,1198
955,1351
955,1496
955,166
955,1848
955,2036
955,2223
955,2429
955,2604
955,2804
955,2986
955,3157
955,334
955,3525
955,3705
955,3882
955,4055
955,4238
955,4406
955,4572
955,4734
955,4899
955,5068
955,522
955,5392
955,5561
955,5725
955,5879
955,6022
955,6223
955,6379
955,6522
955,6661
955,6793
955,6925
955,7091
955,7249
955,7397
955,7546
955,7698
955,7838
955,7986
955,8116
955,824
955,8373
955,8516
955,8658
955,8791
955,8937
955,9095
955,9232
955,9393
955,9551
955,9722
955,9883
956,0048
956,0217
956,0373
956,0524
956,0682
956,0842
956,098
956,1121
956,1259
956,14
956,1533
956,1664
956,18
956,1945
956,2063
956,2214
956,2378
956,2537
956,2686
956,2828
956,2972
956,3113
956,3246
956,3376
956,3521
956,3661
956,3808
956,3954
956,4097
956,4222
956,4373
956,4518
956,4677
956,4824
956,4964
956,5106
956,5258
956,539
956,5527
956,5656
956,5795
956,5904
956,6038
956,6174
956,6312
956,6451
956,6571
956,671
956,6869
956,7039
956,7202
956,738
956,7533
956,7694
956,7826
956,7977
956,8112
956,8231
956,8372
956,853
956,8691
956,8851
956,8989
956,9147
956,9304
956,9453
956,9619
956,9788
956,9932
957,0087
957,0242
957,0407
957,0562
957,0708
957,0875
957,1039
957,1176
957,1304
957,1433
957,1555
957,1697
957,1852
957,2
957,2126
957,2272
957,2432
957,2569
957,2712
957,2858
957,2983
957,3109
957,326
957,3395
957,3522
957,3658
957,3807
957,3945
957,4067
957,4202
957,4345
957,4471
957,4601
957,4734
957,4879
957,5035
957,5189
957,5357
957,5529
957,5687
957,5844
957,5992
957,6141
957,6289
957,6441
957,6597
957,6723
957,6862
957,7042
957,7209
957,738
957,7532
957,7679
957,7823
957,7968
957,8121
957,826
957,8389
957,853
957,8682
957,884
957,9013
957,9189
957,9368
957,9586
957,9784
957,9974
958,0151
958,0319
958,0505
958,0686
958,0869
958,1046
958,1215
958,1386
958,1558
958,1725
958,191
958,2067
958,2231
958,2407
958,2601
958,2778
958,2938
958,3098
958,3236
958,347
958,3616
958,3764
958,3881
958,4053
958,4233
958,437
958,4533
958,4695
958,4859
958,5023
958,5182
958,5338
958,5507
958,5673
958,5833
958,5989
958,6135
958,6268
958,6416
958,6547
958,6691
958,6832
958,7011
958,7173
958,7332
958,7496
958,7662
958,7823
958,796
958,8092
958,8226
958,8372
958,851
958,8644
958,8779
958,89
958,9037
958,9187
958,9315
958,9456
958,96
958,9733
958,9879
959,0031
959,017
959,0303
959,0438
959,0549
959,0685
959,0823
959,0964
959,1086
959,12
959,1346
959,1478
959,1621
959,1755
959,1876
959,203
959,2184
959,2316
959,2468
959,2621
959,2769
959,2885
959,3035
959,3178
959,331
959,3469
959,3619
959,3777
959,3936
959,4072
959,4225
959,4388
959,4554
959,4721
959,4893
959,5063
959,5226
959,5374
959,5541
959,5715
959,5891
959,6049
959,6212
959,6376
959,653
959,6688
959,684
959,7082
959,7264
959,7435
959,7605
959,7789
959,7974
959,8146
959,834
959,8527
959,8721
959,8897
959,9075
959,9265
959,9446
959,9622
959,9789
959,9951
960,0117
960,0291
960,0459
960,0637
960,0801
960,0981
960,1154
960,1326
960,15
960,1676
960,1856
960,2014
960,2152
960,23
960,2437
960,2598
960,2753
960,2868
960,301
960,3158
960,329
960,3432
960,3586
960,3733
960,3889
960,4042
960,4202
960,4363
960,453
960,4686
960,4821
960,4947
960,5063
960,5222
960,5359
960,5493
960,5649
960,5782
960,5902
960,6049
960,6202
960,6359
960,6492
960,663
960,6776
960,6908
960,7084
960,7225
960,7399
960,7549
960,7702
960,7844
960,7982
960,8115
960,8242
960,8387
960,8517
960,8646
960,8786
960,8927
960,9107
960,9278
960,945
960,9612
960,9763
960,9904
961,0062
961,0216
961,0371
961,0526
961,0693
961,0856
961,1038
961,1207
961,1378
961,155
961,1737
961,189
961,2059
961,2253
961,243
961,261
961,2812
961,3008
961,3195
961,3377
961,356
961,3735
961,3926
961,4099
961,4284
961,4449
961,4621
961,4789
961,4955
961,5119
961,5276
961,5444
961,5601
961,5762
961,5904
961,6064
961,6212
961,6359
961,649
961,663
961,6781
961,692
961,709
961,7236
961,738
961,7535
961,7696
961,783
961,797
961,8116
961,8242
961,8376
961,8532
961,8691
961,8858
961,9009
961,9178
961,9343
961,95
961,966
961,9814
961,9982
962,0137
962,0282
962,0429
962,0587
962,0724
962,0865
962,1017
962,1161
962,1286
962,1428
962,1558
962,1686
962,1832
962,1989
962,2122
962,226
962,2393
962,2545
962,272
962,289
962,3029
962,3171
962,3304
962,3447
962,3573
962,3702
962,3853
962,3982
962,4113
962,4269
962,4393
962,4523
962,4658
962,4806
962,4955
962,5088
962,5206
962,5366
962,5511
962,5654
962,5811
962,597
962,6127
962,6303
962,6435
962,6586
962,6702
962,6859
962,7015
962,7178
962,7328
962,748
962,7651
962,7806
962,7953
962,8098
962,8256
962,843
962,8614
962,8787
962,8953
962,9127
962,9304
962,9474
962,9652
962,9837
963,0043
963,0231
963,0424
963,0605
963,079
963,0962
963,1147
963,1331
963,1505
963,1685
963,1847
963,2025
963,2196
963,2371
963,255
963,2723
963,2904
963,3091
963,326
963,3425
963,3589
963,3732
963,3892
963,4022
963,4159
963,4292
963,4429
963,4557
963,4694
963,4846
963,499
963,5151
963,5303
963,5499
963,5648
963,5803
963,5958
963,6112
963,6282
963,6444
963,6587
963,6708
963,6859
963,7039
963,7205
963,7377
963,7552
963,7723
963,7879
963,8038
963,8189
963,8326
963,8465
963,8595
963,8709
963,8853
963,8979
963,9109
963,923
963,9363
963,9506
963,9651
963,9795
963,9926
964,0049
964,0201
964,0359
964,0497
964,0633
964,0767
964,0892
964,1031
964,119
964,1331
964,1469
964,1599
964,1716
964,1854
964,2001
964,2131
964,2271
964,2419
964,2538
964,2681
964,2837
964,3005
964,3171
964,3308
964,3464
964,3605
964,373
964,3873
964,4012
964,4167
964,4316
964,4484
964,4641
964,4799
964,4956
964,5105
964,5253
964,5392
964,5537
964,5706
964,5874
964,6041
964,6199
964,6359
964,6521
964,6692
964,686
964,7042
964,7222
964,739
964,7551
964,7725
964,7888
964,8036
964,8173
964,8317
964,8448
964,8581
964,8711
964,8854
964,9006
964,9153
964,9277
964,9394
964,9526
964,967
964,9805
964,9948
965,0094
965,0229
965,0362
965,0511
965,0646
965,0775
965,0912
965,1041
965,1187
965,1345
965,1483
965,1638
965,1772
965,1929
965,2049
965,2184
965,2327
965,2484
965,2632
965,279
965,2944
965,312
965,3298
965,3453
965,3597
965,3754
965,3896
965,4052
965,4207
965,4376
965,4558
965,4747
965,4932
965,5124
965,5313
965,5491
965,5674
965,5848
965,6036
965,6222
965,6403
965,6583
965,6755
965,6932
965,7122
965,7292
965,7477
965,7649
965,7818
965,7988
965,8138
965,8303
965,846
965,8611
965,8764
965,8914
965,9044
965,9184
965,9337
965,9477
965,9612
965,9741
965,9874
966,0013
966,0148
966,0286
966,0446
966,0571
966,0708
966,0858
966,1011
966,1141
966,1284
966,1441
966,1573
966,172
966,1882
966,2043
966,2197
966,2376
966,2537
966,2703
966,2861
966,304
966,3226
966,3408
966,3554
966,3691
966,3855
966,4
966,4168
966,4322
966,4476
966,4615
966,477
966,4887
966,5037
966,5193
966,5329
966,5464
966,5604
966,5734
966,5861
966,6019
966,6162
966,6298
966,6437
966,6584
966,6696
966,6845
966,6987
966,715
966,7303
966,7454
966,7618
966,7765
966,7881
966,8021
966,817
966,8309
966,8452
966,8607
966,8758
966,8914
966,9063
966,9207
966,9348
966,9475
966,9639
966,9788
966,9924
967,0048
967,0187
967,032
967,0482
967,0627
967,0779
967,093
967,1097
967,1266
967,1417
967,158
967,1727
967,1923
967,2112
967,2287
967,2476
967,2672
967,286
967,305
967,3231
967,3445
967,363
967,3798
967,3964
967,4136
967,4293
967,446
967,4634
967,481
967,4978
967,5138
967,5306
967,548
967,5638
967,5796
967,5963
967,6122
967,6292
967,6437
967,6555
967,6686
967,6837
967,6993
967,716
967,7313
967,7464
967,7602
967,7755
967,787
967,8028
967,8199
967,837
967,8528
967,8691
967,8871
967,9045
967,9207
967,9364
967,9518
967,9681
967,9831
967,9986
968,0132
968,0295
968,044
968,0577
968,0696
968,0855
968,0999
968,1133
968,1287
968,1419
968,1546
968,1686
968,1848
968,1995
968,2139
968,2286
968,2419
968,2546
968,2692
968,2852
968,2989
968,3118
968,3256
968,339
968,3549
968,3684
968,3837
968,399
968,4134
968,429
968,4422
968,4572
968,4702
968,4863
968,502
968,5163
968,5295
968,5434
968,5558
968,5698
968,5854
968,5989
968,6122
968,6258
968,6375
968,6511
968,6644
968,6779
968,6918
968,7095
968,7271
968,745
968,7633
968,783
968,8016
968,8214
968,8411
968,8604
968,8788
968,8961
968,9141
968,9324
968,9513
968,9697
968,988
969,0061
969,0259
969,0439
969,0609
969,0784
969,0953
969,1111
969,1293
969,1439
969,1593
969,1721
969,1868
969,2034
969,2196
969,2353
969,2523
969,2689
969,2853
969,3018
969,3182
969,3342
969,3515
969,3693
969,3865
969,4026
969,4196
969,4363
969,4525
969,4694
969,4857
969,5022
969,5182
969,5344
969,5502
969,5674
969,585
969,6026
969,6207
969,6377
969,655
969,6718
969,6896
969,7088
969,7264
969,7442
969,762
969,7798
969,7974
969,8137
969,8307
969,8478
969,8646
969,8809
969,8973
969,9127
969,9304
969,9484
969,966
969,9836
970,0009
970,0175
970,0332
970,0501
970,067
970,0851
970,1009
970,1166
970,1328
970,1472
970,1628
970,1794
970,1954
970,212
970,2281
970,2441
970,2603
970,2767
970,2941
970,3121
970,3302
970,3483
970,3675
970,3895
970,4107
970,4329
970,4529
970,4734
970,4951
970,515
970,5353
970,5522
970,5705
970,5896
970,6089
970,6256
970,6436
970,6611
970,6793
970,6971
970,7142
970,731
970,7488
970,7678
970,785
970,8037
970,822
970,8419
970,8589
970,8723
970,8873
970,9023
970,9185
970,9333
970,9492
970,9642
970,9793
970,9914
971,0056
971,0194
971,0339
971,0469
971,0603
971,0745
971,0868
971,1001
971,1134
971,1268
971,1412
971,1536
971,1663
971,1801
971,196
971,2098
971,2241
971,2384
971,2532
971,2677
971,282
971,2958
971,3084
971,3197
971,3353
971,35
971,3652
971,382
971,3984
971,4117
971,4249
971,4403
971,4573
971,4715
971,4875
971,5024
971,5197
971,5369
971,5526
971,5677
971,5845
971,6014
971,6183
971,6342
971,6509
971,6655
971,6797
971,6938
971,7101
971,7258
971,7399
971,7543
971,7701
971,7849
971,8011
971,816
971,8286
971,8431
971,8557
971,8687
971,8831
971,8983
971,9131
971,9265
971,9384
971,9521
971,9684
971,9848
972,0009
972,0151
972,0289
972,0442
972,0563
972,069
972,084
972,098
972,1132
972,1276
972,1431
972,1552
972,1698
972,1851
972,2
972,2138
972,2268
972,2413
972,2532
972,2687
972,2837
972,2961
972,3095
972,3255
972,3414
972,3568
972,3725
972,3898
972,4081
972,4239
972,4368
972,4534
972,4699
972,4861
972,5023
972,519
972,534
972,5507
972,5676
972,582
972,5963
972,6118
972,6277
972,6435
972,6605
972,6774
972,6943
972,7136
972,7311
972,7477
972,7649
972,7809
972,796
972,8093
972,8209
972,8342
972,8499
972,8657
972,8806
972,8962
972,9108
972,9259
972,9418
972,9583
602,7395
602,7668
602,7864
602,806
602,8251
602,843
602,8624
602,8807
602,9
602,9189
602,9373
602,9564
602,9758
602,9965
603,0167
603,0358
603,0555
603,0751
603,0945
603,1154
603,1349
603,1542
603,1734
603,1929
603,2115
603,2306
603,2493
603,2674
603,2853
603,3033
603,3223
603,3419
603,3609
603,3798
603,4015
603,4203
603,4398
603,4573
603,4777
603,4963
603,5162
603,5343
603,5533
603,5719
603,5917
603,6104
603,6307
603,6509
603,6702
603,6877
603,7068
603,7265
603,7454
603,7656
603,7849
603,8047
603,824
603,8434
603,8621
603,8828
603,9023
603,9225
603,941
603,9612
603,9816
604,0009
604,0207
604,0389
604,0585
604,0782
604,0992
604,1179
604,1367
604,1564
604,1753
604,1927
604,2116
604,2299
604,2506
604,2693
604,2881
604,306
604,3232
604,3417
604,3616
604,3818
604,4003
604,4184
604,4372
604,4553
604,4749
604,4942
604,5153
604,5349
604,5543
604,5724
604,5916
604,61
604,6304
604,6503
604,6693
604,6876
604,7072
604,7269
604,7459
604,7664
604,7864
604,8058
604,8254
604,8441
604,8636
604,8839
604,9033
604,9223
604,941
604,9611
604,9811
605,0001
605,0207
605,0395
605,0587
605,0789
605,0983
605,1169
605,136
605,1561
605,175
605,1941
605,2142
605,2339
605,2527
605,2714
605,29
605,3082
605,3272
605,3457
605,3646
605,3833
605,4017
605,4201
605,4384
605,4584
605,4775
605,496
605,5154
605,5334
605,5513
605,5696
605,5873
605,6051
605,624
605,6413
605,6591
605,6764
605,6951
605,7136
605,7333
605,7517
605,7705
605,7885
605,8074
605,8254
605,844
605,8611
605,879
605,8975
605,9162
605,9346
605,9537
605,9717
605,99
606,0074
606,0271
606,0447
606,062
606,0817
606,1004
606,1185
606,1367
606,1546
606,1721
606,1905
606,209
606,2272
606,246
606,2647
606,2836
606,3021
606,3204
606,3386
606,3577
606,3762
606,3945
606,4128
606,431
606,4489
606,467
606,4857
606,5047
606,5223
606,5399
606,5597
606,5779
606,5966
606,6155
606,6333
606,6512
606,6689
606,6858
606,7026
606,7204
606,7383
606,7559
606,7752
606,7935
606,8123
606,8323
606,8496
606,8676
606,8861
606,9055
606,9258
606,945
606,9647
606,9825
607,0011
607,0197
607,0378
607,0569
607,0747
607,0928
607,1114
607,1315
607,1501
607,1694
607,1882
607,2081
607,2289
607,2474
607,2667
607,2861
607,3056
607,3243
607,3419
607,3604
607,3787
607,3964
607,4142
607,4325
607,4503
607,4681
607,4851
607,5015
607,5198
607,5366
607,554
607,5702
607,5888
607,6074
607,626
607,6445
607,6635
607,6815
607,7004
607,7186
607,7374
607,756
607,7741
607,793
607,8124
607,8309
607,8495
607,869
607,8885
607,9092
607,93
607,9497
607,9681
607,9862
608,0052
608,024
608,0439
608,0632
608,0812
608,0995
608,1193
608,139
608,1584
608,178
608,1978
608,2172
608,2361
608,2554
608,2744
608,2938
608,312
608,3324
608,3519
608,3704
608,3892
608,4081
608,4276
608,4479
608,4661
608,4849
608,5027
608,5225
608,5422
608,5627
608,5823
608,6013
608,6192
608,6372
608,6567
608,6766
608,696
608,7173
608,7355
608,7545
608,7728
608,7923
608,8155
608,8337
608,851
608,8694
608,8871
608,9053
608,9236
608,9424
608,9623
608,9829
609,0009
609,0192
609,0365
609,0558
609,0735
609,0926
609,1118
609,1329
609,1517
609,1703
609,1899
609,2086
609,2268
609,2471
609,2656
609,2837
609,302
609,3192
609,3351
609,3509
609,3672
609,3829
609,3979
609,4123
609,4274
609,4435
609,4592
609,4761
609,4928
609,5106
609,528
609,5453
609,5611
609,5786
609,5948
609,6107
609,628
609,6434
609,6616
609,6799
609,6984
609,7177
609,7352
609,7548
609,7733
609,7911
609,81
609,8281
609,847
609,8651
609,8837
609,9011
609,9188
609,937
609,9547
609,9727
609,9913
610,0101
610,0273
610,0452
610,0643
610,0836
610,1016
610,1209
610,1404
610,1584
610,1763
610,1951
610,2147
610,2341
610,2522
610,2714
610,2902
610,3099
610,3273
610,3458
610,3633
610,3802
610,3974
610,4159
610,4349
610,4534
610,4732
610,4932
610,5128
610,5321
610,5524
610,5714
610,5901
610,6089
610,629
610,6479
610,6671
610,6865
610,7056
610,7253
610,7461
610,7664
610,7868
610,8066
610,8261
610,8448
610,8641
610,8836
610,9022
610,9213
610,9418
610,9603
610,9792
610,9977
611,0173
611,0367
611,0557
611,0747
611,0939
611,1136
611,1333
611,152
611,1713
611,1913
611,2101
611,2292
611,2496
611,269
611,2888
611,3083
611,3281
611,3468
611,3654
611,3835
611,4029
611,4207
611,4395
611,4586
611,478
611,4963
611,5151
611,5338
611,5526
611,571
611,5887
611,6061
611,6221
611,6391
611,6577
611,6774
611,6953
611,7148
611,7339
611,7518
611,7725
611,7919
611,8108
611,8295
611,8475
611,8667
611,886
611,9049
611,9229
611,9423
611,9608
611,98
611,9985
612,0173
612,0364
612,0553
612,0749
612,0958
612,1147
612,1332
612,1517
612,1707
612,1891
612,2066
612,2245
612,2422
612,2606
612,2798
612,2969
612,3145
612,3331
612,352
612,3711
612,392
612,41
612,4312
612,4502
612,4681
612,4876
612,5071
612,5251
612,543
612,5619
612,5822
612,6005
612,621
612,6413
612,6613
612,6817
612,701
612,7197
612,7379
612,7564
612,7755
612,7939
612,813
612,8325
612,8506
612,8677
612,8864
612,9054
612,9226
612,9415
612,9608
612,98
612,9987
613,0173
613,037
613,0563
613,075
613,0922
613,1102
613,131
613,1489
613,1675
613,1859
613,2054
613,2241
613,2419
613,2602
613,2808
613,2994
613,3171
613,3366
613,3536
613,3741
613,3929
613,4117
613,431
613,45
613,4679
613,4867
613,5045
613,5226
613,5411
613,5599
613,5784
613,5979
613,616
613,6339
613,6515
613,6705
613,6878
613,7072
613,7263
613,745
613,7656
613,784
613,8029
613,822
613,8404
613,8597
613,879
613,8987
613,9181
613,9363
613,9545
613,9739
613,994
614,0128
614,0313
614,0486
614,0669
614,0879
614,1067
614,126
614,1472
614,1652
614,1837
614,2022
614,2229
614,2418
614,2623
614,2827
614,3023
614,3197
614,3384
614,3574
614,3766
614,3971
614,4153
614,4334
614,4513
614,47
614,4881
614,5071
614,5264
614,5474
614,5665
614,5851
614,6031
614,6229
614,643
614,6623
614,6811
614,7007
614,719
614,7364
614,7553
614,7744
614,7929
614,8108
614,8289
614,848
614,8659
614,8841
614,902
614,9194
614,9383
614,9573
614,9757
614,9943
615,0137
615,0325
615,0524
615,0708
615,0892
615,1083
615,127
615,1459
615,1648
615,1835
615,2015
615,2206
615,2378
615,2556
615,2748
615,2938
615,3141
615,3323
615,3503
615,3675
615,3865
615,4057
615,425
615,4432
615,4618
615,481
615,4995
615,5176
615,536
615,5555
615,574
615,5923
615,6115
615,6313
615,6496
615,6681
615,686
615,7043
615,722
615,7406
615,7592
615,7781
615,7971
615,8166
615,8351
615,8536
615,8728
615,8911
615,9097
615,9285
615,9465
615,9655
615,9843
616,0061
616,0253
616,0448
616,0639
616,0836
616,103
616,1216
616,1397
616,1586
616,1776
616,1962
616,2151
616,2364
616,2552
616,2741
616,2928
616,3145
616,3344
616,3549
616,3741
616,3933
616,4139
616,434
616,4526
616,4721
616,4918
616,5112
616,5306
616,5493
616,5686
616,588
616,6067
616,6254
616,6445
616,6635
616,6833
616,7027
616,7213
616,7401
616,7599
616,7791
616,7979
616,8185
616,8374
616,8571
616,8757
616,8951
616,9135
616,9324
616,9518
616,9714
616,9917
617,0103
617,0288
617,0474
617,0657
617,0821
617,1002
617,1173
617,1355
617,1536
617,1733
617,1924
617,2116
617,231
617,2498
617,2684
617,2869
617,3055
617,3229
617,3427
617,3622
617,382
617,402
617,4219
617,441
617,4594
617,4781
617,4979
617,5172
617,5372
617,5557
617,5746
617,5933
617,6141
617,6329
617,6517
617,6713
617,6904
617,7087
617,7278
617,7455
617,7636
617,7819
617,7997
617,8167
617,8351
617,8549
617,874
617,8936
617,9128
617,9315
617,9507
618,0507
618,0667
618,0858
618,1033
618,122
618,1418
618,1603
618,1863
618,2057
618,2241
618,2428
618,263
618,2814
618,3005
618,3192
618,3386
618,3581
618,3766
618,3955
618,4141
618,4326
618,4503
618,4684
618,4865
618,5053
618,5234
618,5422
618,5606
618,5787
618,598
618,6148
618,6324
618,6502
618,6695
618,6886
618,7067
618,726
618,7448
618,7633
618,7814
618,8001
618,8185
618,8369
618,8547
618,8736
618,8906
618,9114
618,9294
618,9478
618,9658
618,986
619,0046
619,0225
619,0414
619,0605
619,0796
619,0981
619,1161
619,1345
619,1525
619,1714
619,1894
619,2076
619,2261
619,2443
619,2626
619,2802
619,2984
619,316
619,3347
619,3527
619,3719
619,3918
619,4129
619,4313
619,45
619,4668
619,4852
619,5047
619,5231
619,5411
619,5601
619,5801
619,599
619,6184
619,636
619,6554
619,6747
619,6953
619,7139
619,7328
619,7503
619,7693
619,7875
619,8073
619,826
619,8462
619,8649
619,8831
619,9015
619,9196
619,9368
619,9552
619,9741
619,9955
620,0131
620,0318
620,0497
620,067
620,0845
620,1025
620,1212
620,1385
620,1562
620,1748
620,1934
620,2139
620,2316
620,2497
620,2689
620,287
620,306
620,3259
620,3447
620,363
620,3811
620,4003
620,4201
620,439
620,4585
620,4781
620,4974
620,5173
620,5357
620,5543
620,5731
620,5918
620,6108
620,6307
620,6495
620,6679
620,6877
620,7058
620,7253
620,7441
620,7621
620,7801
620,799
620,8168
620,835
620,853
620,8712
620,8897
620,9081
620,927
620,947
620,9652
620,9838
621,0024
621,0205
621,0384
621,0579
621,0778
621,0951
621,1129
621,1314
621,149
621,1667
621,1839
621,2016
621,2198
621,2377
621,2556
621,2737
621,2918
621,3119
621,3297
621,3475
621,3649
621,3829
621,4018
621,4198
621,4387
621,4567
621,4747
621,4932
621,5113
621,5301
621,5494
621,5674
621,5858
621,6053
621,6238
621,6431
621,6617
621,6809
621,6993
621,7184
621,7375
621,7568
621,7765
621,7949
621,8138
621,8328
621,8522
621,8704
621,8904
621,9088
621,929
621,9487
621,9677
621,9866
622,0057
622,024
622,0428
622,0621
622,082
622,1017
622,12
622,1387
622,1569
622,1757
622,1941
622,2125
622,2306
622,2499
622,2692
622,2877
622,306
622,3242
622,343
622,3619
622,3809
622,4003
622,4205
622,4395
622,4583
622,4768
622,4963
622,5149
622,533
622,5523
622,571
622,5878
622,6071
622,6257
622,6448
622,6634
622,6818
622,7006
622,7202
622,7398
622,7586
622,777
622,795
622,813
622,8321
622,8514
622,8718
622,8926
622,9099
622,9282
622,9468
622,969
622,9874
623,0055
623,0236
623,0418
623,0612
623,0811
623,1016
623,1215
623,1407
623,1611
623,1799
623,1976
623,2159
623,2352
623,2548
623,2747
623,2952
623,3138
623,3324
623,3513
623,3695
623,3875
623,406
623,4234
623,4422
623,4617
623,4806
623,4989
623,5172
623,5361
623,5553
623,5732
623,5912
623,6107
623,6298
623,6481
623,6661
623,6851
623,7034
623,723
623,7426
623,762
623,7837
623,8045
623,8246
623,8445
623,8628
623,8814
623,9004
623,9185
623,9368
623,9551
623,9726
623,9913
624,0097
624,0296
624,0478
624,0661
624,0844
624,1034
624,1214
624,141
624,1595
624,1778
624,1975
624,2161
624,2361
624,2547
624,2739
624,2941
624,3143
624,3351
624,3547
624,3724
624,3906
624,4101
624,4288
624,4482
624,4664
624,4841
624,502
624,5207
624,5389
624,5574
624,5767
624,5984
624,6165
624,635
624,6536
624,6724
624,6911
624,7124
624,7312
624,75
624,7677
624,7871
624,8068
624,8283
624,8469
624,8649
624,8829
624,9011
624,918
624,936
624,9544
624,9728
624,9906
625,009
625,0279
625,0461
625,0645
625,0852
625,1028
625,1213
625,1401
625,1602
625,1801
625,1985
625,2173
625,2345
625,2537
625,2725
625,2911
625,31
625,3293
625,3477
625,3661
625,3841
625,4011
625,4201
625,4395
625,4579
625,4768
625,4948
625,5139
625,5317
625,5507
625,5684
625,5875
625,606
625,6243
625,6434
625,6613
625,6799
625,6981
625,7159
625,7322
625,7503
625,7692
625,7878
625,806
625,8248
625,8448
625,863
625,8816
625,9002
625,9194
625,9415
625,9614
625,9805
625,9988
626,0167
626,0353
626,0538
626,0729
626,0915
626,1103
626,1289
626,1474
626,1656
626,1851
626,2048
626,2245
626,2445
626,2656
626,2852
626,3047
626,3242
626,3421
626,3596
626,3778
626,3967
626,414
626,4344
626,4526
626,4706
626,4908
626,5104
626,5293
626,5501
626,5695
626,5883
626,6074
626,6262
626,6452
626,6636
626,6818
626,7009
626,7197
626,7401
626,7592
626,7796
626,8002
626,8199
626,8401
626,8602
626,8793
626,8992
626,9189
626,9396
626,9603
626,9809
627,0001
627,0181
627,0372
627,0579
627,0761
627,0952
627,1148
627,1336
627,1515
627,1698
627,1895
627,2093
627,2278
627,2462
627,265
627,2837
627,3033
627,3235
627,3423
627,361
627,3799
627,3981
627,4164
627,4348
627,4526
627,4711
627,4903
627,5092
627,5276
627,5468
627,5651
627,585
627,6032
627,6216
627,6409
627,6592
627,6786
627,6984
627,7188
627,7371
627,7559
627,7747
627,7927
627,8125
627,8318
627,8523
627,8731
627,8926
627,9122
627,9312
627,9491
627,9679
627,9871
628,0057
628,0236
628,0416
628,0618
628,0818
628,1011
628,1199
628,1382
628,1584
628,1782
628,1982
628,2175
628,2379
628,2572
628,2769
628,2947
628,3134
628,3318
628,3502
628,37
628,3901
628,4095
628,4289
628,4487
628,468
628,4875
628,5076
628,5273
628,5461
628,5645
628,5842
628,6035
628,621
628,6391
628,6583
628,6766
628,6951
628,7136
628,7321
628,7522
628,7728
628,7915
628,8115
628,8305
628,8501
628,8705
628,8895
628,9073
628,9252
628,9444
628,9626
628,9815
629,0005
629,0183
629,0359
629,0546
629,0736
629,0918
629,1117
629,1308
629,1487
629,1672
629,1867
629,2052
629,2235
629,2419
629,2607
629,2791
629,2965
629,3141
629,3322
629,3509
629,3683
629,3866
629,4048
629,423
629,4409
629,4595
629,4788
629,4976
629,5154
629,5354
629,5552
629,5746
629,5934
629,6116
629,6296
629,6473
629,6652
629,6851
629,7041
629,7239
629,744
629,7629
629,7823
629,8008
629,8198
629,8385
629,8575
629,8776
629,8959
629,9149
629,9338
629,9523
629,9719
629,9901
630,007
630,0254
630,0447
630,0621
630,0808
630,0994
630,1171
630,1368
630,1559
630,1761
630,1953
630,2139
630,2328
630,2514
630,2688
630,2883
630,3072
630,3271
630,3458
630,3647
630,3829
630,4008
630,4207
630,4395
630,4583
630,4778
630,4956
630,5136
630,532
630,5505
630,5682
630,5868
630,6065
630,6282
630,647
630,6659
630,6829
630,701
630,72
630,738
630,7571
630,7781
630,7964
630,8147
630,8333
630,8517
630,8718
630,8898
630,9072
630,9254
630,9431
630,962
630,9801
630,9995
631,0176
631,0361
631,054
631,0721
631,0909
631,109
631,1274
631,1466
631,1652
631,1835
631,202
631,2198
631,2385
631,2574
631,2756
631,2953
631,3149
631,334
631,3525
631,3713
631,3898
631,4077
631,4246
631,4432
631,4614
631,4808
631,4997
631,5181
631,5374
631,5563
631,5754
631,5944
631,6132
631,6319
631,6512
631,6693
631,6876
631,7075
631,7256
631,743
631,7618
631,7803
631,7973
631,815
631,8343
631,854
631,8729
631,8917
631,91
631,9308
631,9507
631,9695
631,9885
632,0079
632,027
632,0469
632,0654
632,0836
632,1021
632,1203
632,1392
632,1574
632,1768
632,1957
632,2159
632,2347
632,254
632,2734
632,2928
632,3119
632,3315
632,3497
632,3689
632,3877
632,4059
632,4241
632,4426
632,4607
632,4787
632,4969
632,5153
632,534
632,5532
632,571
632,5905
632,6087
632,6288
632,6479
632,6658
632,6843
632,7037
632,7221
632,7397
632,7582
632,7764
632,7942
632,8127
632,832
632,8505
632,8694
632,8883
632,9072
632,9257
632,9438
632,9625
632,9802
632,9982
633,0166
633,0348
633,0532
633,0712
633,0896
633,1078
633,1267
633,1464
633,1649
633,1843
633,2021
633,2214
633,2399
633,2588
633,2783
633,2968
633,3157
633,3344
633,3521
633,3703
633,3887
633,4061
633,425
633,4427
633,4603
633,4786
633,4976
633,5168
633,5356
633,5547
633,5735
633,5932
633,6114
633,63
633,6479
633,666
633,6839
633,7014
633,7204
633,7377
633,756
633,775
633,7944
633,8126
633,8308
633,8491
633,8671
633,8854
633,9032
633,9203
633,9361
633,9529
633,9703
633,9876
634,0054
634,0225
634,0401
634,0573
634,0746
634,0934
634,1135
634,1332
634,1511
634,1695
634,1877
634,2065
634,2253
634,2457
634,2645
634,2827
634,3006
634,3188
634,3383
634,3544
634,3721
634,3914
634,4104
634,4304
634,449
634,4679
634,4873
634,5044
634,5231
634,5432
634,5612
634,5801
634,5997
634,6181
634,6371
634,6552
634,6737
634,6935
634,7117
634,73
634,749
634,767
634,7856
634,8041
634,8222
634,8429
634,8619
634,8805
634,8997
634,9176
634,9372
634,9551
634,9733
634,9912
635,0098
635,028
635,0458
635,0635
635,0822
635,1008
635,1193
635,1373
635,1544
635,1733
635,1929
635,2111
635,23
635,2485
635,2663
635,2848
635,3036
635,3224
635,3422
635,3615
635,3796
635,3979
635,415
635,4332
635,4518
635,4711
635,4896
635,5098
635,5277
635,5464
635,5647
635,5831
635,6015
635,6201
635,6385
635,6588
635,6769
635,6951
635,7147
635,7335
635,7516
635,7701
635,7888
635,8068
635,8255
635,8439
635,8621
635,8795
635,8969
635,916
635,934
635,9519
635,9699
635,9882
636,0059
636,024
636,0425
636,0612
636,0797
636,0981
636,1161
636,1367
636,1556
636,1765
636,1958
636,2162
636,2357
636,2546
636,274
636,2929
636,3123
636,3309
636,3503
636,369
636,3878
636,4063
636,4244
636,4426
636,4613
636,4805
636,4995
636,5173
636,5355
636,5549
636,5731
636,5911
636,6102
636,6283
636,6459
636,6637
636,6821
636,7
636,7199
636,7382
636,7557
636,7736
636,7918
636,8104
636,8293
636,8474
636,8661
636,884
636,9013
636,9178
636,9352
636,9526
636,9704
636,9888
637,0051
637,0234
637,0404
637,0576
637,0761
637,0937
637,1124
637,1312
637,1502
637,1685
637,187
637,2056
637,2245
637,2429
637,2617
637,2808
637,3004
637,3195
637,3386
637,3576
637,377
637,3953
637,4138
637,4323
637,4517
637,4713
637,4899
637,5087
637,5277
637,5466
637,5649
637,5844
637,6046
637,6238
637,6426
637,6616
637,6802
637,6986
637,7166
637,7349
637,7526
637,7708
637,7889
637,807
637,8254
637,8436
637,8626
637,8805
637,8987
637,9172
637,936
637,9544
637,9739
637,9927
638,0108
638,0305
638,0505
638,0694
638,0895
638,1078
638,1291
638,1477
638,1667
638,1851
638,204
638,2227
638,2419
638,2604
638,2796
638,2987
638,3178
638,3368
638,3564
638,3749
638,3946
638,4147
638,4338
638,4527
638,4735
638,4966
638,5167
638,5354
638,5535
638,5732
638,5922
638,6099
638,6276
638,647
638,6652
638,683
638,7001
638,7178
638,7369
638,7557
638,7751
638,7935
638,8118
638,8318
638,8515
638,87
638,8875
638,9063
638,9237
638,9413
638,9597
638,9781
638,996
639,0153
639,0333
639,0515
639,07
639,0879
639,1052
639,1263
639,145
639,1626
639,1809
639,1994
639,2174
639,2369
639,2552
639,2729
639,2943
639,3127
639,3328
639,3531
639,3734
639,3925
639,4117
639,4304
639,4503
639,4694
639,4881
639,5067
639,5253
639,5443
639,5622
639,5804
639,5994
639,6208
639,639
639,6584
639,6776
639,699
639,718
639,7366
639,7546
639,773
639,7913
639,8097
639,8279
639,8475
639,8687
639,8878
639,9083
639,9271
639,9476
639,9664
639,9845
640,0027
640,0228
640,0424
640,0617
640,0804
640,0987
640,1175
640,136
640,1544
640,1736
640,1931
640,2115
640,2304
640,25
640,2685
640,2858
640,3038
640,3229
640,3456
640,3646
640,383
640,4031
640,4218
640,4409
640,459
640,4782
640,4968
640,5145
640,5342
640,5539
640,5728
640,5922
640,6108
640,629
640,6484
640,6653
640,684
640,7028
640,7223
640,7412
640,7604
640,7789
640,7974
640,8168
640,8353
640,8533
640,8732
640,8957
640,9149
640,9348
640,9545
640,9738
640,9938
641,0125
641,0313
641,0494
641,067
641,0869
641,1036
641,1228
641,1425
641,16
641,179
641,1987
641,2184
641,236
641,2549
641,2733
641,2943
641,3137
641,3339
641,3543
641,3744
641,3931
641,4115
641,4302
641,4483
641,4662
641,4841
641,5026
641,522
641,5418
641,5598
641,5779
641,5975
641,6176
641,6382
641,6566
641,6758
641,6946
641,7126
641,7304
641,7492
641,7693
641,7891
641,8076
641,8257
641,8445
641,8628
641,8823
641,9022
641,9219
641,9422
641,9612
641,9808
641,9996
642,0181
642,0378
642,0552
642,0736
642,0923
642,1106
642,129
642,1472
642,165
642,1826
642,2006
642,2208
642,2399
642,258
642,2773
642,2955
642,3143
642,3326
642,3528
642,3727
642,3935
642,4122
642,4308
642,45
642,4683
642,4874
642,5059
642,5255
642,544
642,5638
642,5802
642,598
642,6155
642,634
642,6517
642,6704
642,6894
642,7084
642,726
642,7437
642,762
642,7807
642,7997
642,8184
642,8419
642,8619
642,8809
642,9012
642,9219
642,941
642,9584
642,9764
642,994
643,0125
643,0308
643,0497
643,0682
643,0867
643,1052
643,1232
643,1421
643,1617
643,1808
643,1989
643,2172
643,2357
643,2552
643,2737
643,2927
643,3115
643,3298
643,3483
643,367
643,386
643,4033
643,4193
643,4368
643,4539
643,4731
643,4916
643,5109
643,5293
643,549
643,5676
643,5857
643,6056
643,6229
643,642
643,6613
643,6791
643,6971
643,7162
643,7348
643,7539
643,7729
643,7921
643,8115
643,8303
643,8486
643,8672
643,8862
643,9064
643,9258
643,9464
643,9667
643,9859
644,0046
644,0235
644,0412
644,0596
644,0786
644,0983
644,1169
644,1353
644,1534
644,1725
644,1919
644,2104
644,2303
644,2482
644,2671
644,2863
644,3049
644,3242
644,3425
644,361
644,379
644,3973
644,4162
644,4352
644,4539
644,4741
644,492
644,511
644,5305
644,549
644,5681
644,5864
644,6067
644,626
644,6443
644,6628
644,6815
644,6999
644,7186
644,7374
644,756
644,7749
644,7927
644,8099
644,829
644,8474
644,8665
644,8852
644,9026
644,9211
644,9423
644,9622
644,9816
644,9978
645,0168
645,035
645,054
645,0724
645,0919
645,1099
645,1277
645,1477
645,1672
645,1855
645,2034
645,2224
645,2418
645,261
645,2799
645,2983
645,317
645,3366
645,3559
645,3759
645,3933
645,412
645,43
645,4471
645,4661
645,4844
645,5035
645,5219
645,5416
645,559
645,5771
645,5953
645,6146
645,6321
645,6523
645,6707
645,6898
645,7103
645,7288
645,7472
645,7653
645,7841
645,803
645,8223
645,8423
645,8604
645,8787
645,8971
645,9179
645,9351
645,9549
645,9767
645,9957
646,0154
646,0328
646,0516
646,0721
646,0925
646,1106
646,129
646,1473
646,1652
646,1852
646,2038
646,2213
646,2427
646,2615
646,2798
646,2972
646,3163
646,3361
646,3556
646,376
646,3951
646,4144
646,4333
646,4521
646,4709
646,4902
646,509
646,5275
646,5461
646,5645
646,5825
646,602
646,6198
646,6383
646,6567
646,6751
646,6941
646,7147
646,7334
646,7525
646,7714
646,7897
646,8109
646,8298
646,8481
646,868
646,8873
646,9062
646,9258
646,9446
646,9635
646,9812
646,9989
647,0167
647,0344
647,0526
647,0706
647,0895
647,1073
647,1259
647,1445
647,1629
647,1825
647,2026
647,2209
647,2401
647,2591
647,2789
647,2969
647,3171
647,3363
647,355
647,3743
647,3942
647,4124
647,4307
647,4503
647,4686
647,487
647,5056
647,5242
647,543
647,5623
647,5821
647,6014
647,6218
647,6404
647,6594
647,6789
647,6968
647,7154
647,7357
647,7538
647,7719
647,7903
647,8085
647,829
647,8472
647,8655
647,8837
647,9046
647,9225
647,9408
647,9594
647,9778
647,996
648,0145
648,0329
648,0521
648,0711
648,0905
648,1107
648,1295
648,1487
648,1677
648,1857
648,2053
648,2258
648,2437
648,2623
648,2804
648,2988
648,3178
648,3353
648,3537
648,3714
648,3893
648,4086
648,4264
648,4446
648,4633
648,4818
648,5015
648,5193
648,5375
648,5558
648,5741
648,593
648,6117
648,6311
648,6487
648,668
648,6879
648,7074
648,726
648,7444
648,7625
648,7809
648,7995
648,8175
648,8361
648,8549
648,8755
648,8945
648,9126
648,9316
648,949
648,9669
648,9849
649,0029
649,0206
649,0389
649,0564
649,0764
649,0941
649,1118
649,1297
649,1473
649,1659
649,184
649,2025
649,221
649,2389
649,2572
649,2757
649,293
649,309
649,3259
649,3428
649,3608
649,3784
649,3955
649,4143
649,4328
649,4514
649,4696
649,4883
649,5065
649,5256
649,5439
649,5618
649,5812
649,5993
649,6175
649,6358
649,6539
649,6729
649,6918
649,7103
649,7291
649,7459
649,7641
649,7823
649,8004
649,8184
649,8356
649,8543
649,8719
649,8895
649,9061
649,9234
649,941
649,9593
649,9783
649,9964
650,0153
650,0344
650,053
650,0715
650,0903
650,1093
650,1279
650,1466
650,1661
650,1838
650,2028
650,2207
650,2389
650,2563
650,2751
650,2943
650,3136
650,3315
650,3483
650,3668
650,3859
650,4052
650,4235
650,4429
650,4602
650,4788
650,498
650,5173
650,535
650,5538
650,575
650,5933
650,6115
650,6295
650,6482
650,6651
650,6835
650,7021
650,7201
650,7383
650,7574
650,7763
650,7946
650,8146
650,8317
650,8503
650,8693
650,8883
650,9077
650,9265
650,9451
650,964
650,9815
651,0001
651,0187
651,0378
651,058
651,0773
651,0957
651,1155
651,1325
651,1509
651,1698
651,1878
651,2076
651,2264
651,2449
651,2619
651,2808
651,2997
651,3172
651,3358
651,3528
651,3706
651,3893
651,408
651,4258
651,4442
651,4622
651,4798
651,4981
651,5161
651,5344
651,553
651,5708
651,5897
651,6088
651,6271
651,6448
651,6628
651,6808
651,701
651,7196
651,7382
651,7576
651,7769
651,7961
651,815
651,8339
651,8521
651,8706
651,8888
651,9067
651,9246
651,9425
651,9617
651,9815
651,9995
652,0172
652,0359
652,0539
652,0713
652,0891
652,107
652,1249
652,1437
652,162
652,1807
652,1993
652,2208
652,239
652,2575
652,2773
652,2956
652,3136
652,3319
652,35
652,3679
652,3861
652,4032
652,4222
652,4409
652,459
652,4771
652,4953
652,5136
652,5323
652,551
652,5696
652,5887
652,6068
652,6245
652,6434
652,7433
652,7592
652,7753
652,7903
652,8091
652,8266
652,8486
652,8716
652,8903
652,9079
652,9254
652,9454
652,9654
652,9842
653,003
653,0209
653,0391
653,0582
653,0759
653,0938
653,1119
653,13
653,1485
653,1667
653,1853
653,2046
653,2221
653,2411
653,2594
653,2791
653,2973
653,3157
653,3334
653,3512
653,3701
653,3879
653,4067
653,4256
653,4446
653,4642
653,4835
653,5024
653,5204
653,5391
653,558
653,577
653,5955
653,6136
653,632
653,6498
653,6685
653,6858
653,7067
653,7265
653,745
653,7636
653,782
653,8008
653,8187
653,8378
653,8577
653,8775
653,8967
653,915
653,9344
653,9525
653,9716
653,9897
654,0084
654,0261
654,0441
654,062
654,0807
654,0988
654,1171
654,1361
654,1539
654,1725
654,1909
654,2088
654,2275
654,2464
654,2642
654,2828
654,3021
654,3207
654,3392
654,3575
654,3756
654,394
654,414
654,432
654,4501
654,4686
654,488
654,506
654,5239
654,5424
654,5611
654,5798
654,5991
654,617
654,6357
654,6537
654,6719
654,6899
654,708
654,7271
654,7468
654,7673
654,7873
654,8054
654,8239
654,8425
654,8606
654,8796
654,8984
654,917
654,9345
654,9546
654,9754
654,9932
655,012
655,0302
655,0484
655,0662
655,0868
655,1044
655,125
655,1446
655,1639
655,1827
655,2033
655,2215
655,2401
655,2593
655,2765
655,2985
655,3185
655,3374
655,358
655,3824
655,4037
655,4244
655,4434
655,4668
655,4893
655,5122
655,5363
655,5568
655,5748
655,5916
655,6101
655,6281
655,6454
655,6628
655,6809
655,7045
655,7224
655,7408
655,7583
655,7763
655,795
655,8138
655,8323
655,8508
655,8699
655,8891
655,9078
655,9268
655,9437
655,9618
655,9803
655,9966
656,0142
656,0322
656,0508
656,0699
656,0873
656,1068
656,1254
656,1439
656,1632
656,1823
656,2003
656,2188
656,2381
656,2571
656,2761
656,2941
656,312
656,3303
656,3477
656,3658
656,3835
656,4019
656,4211
656,4403
656,458
656,4763
656,4937
656,5105
656,5298
656,5494
656,5687
656,5864
656,6044
656,6216
656,6388
656,6564
656,6734
656,6912
656,7092
656,7264
656,7444
656,7622
656,7792
656,7969
656,8132
656,832
656,8499
656,8661
656,8839
656,9011
656,9192
656,9364
656,9544
656,9724
656,9903
657,0084
657,0261
657,0447
657,0657
657,084
657,1025
657,1217
657,1409
657,1594
657,1786
657,1972
657,2159
657,2339
657,2521
657,2699
657,2895
657,3065
657,3237
657,3421
657,3604
657,3796
657,397
657,4148
657,4322
657,4495
657,4671
657,4836
657,503
657,5209
657,5399
657,558
657,577
657,5952
657,6143
657,6332
657,6534
657,6721
657,6913
657,7088
657,7275
657,7451
657,7631
657,7817
657,8005
657,8188
657,8372
657,8571
657,876
657,8956
657,9141
657,9327
657,9515
657,9697
657,9881
658,0069
658,0248
658,0433
658,0624
658,0809
658,099
658,1172
658,1354
658,1537
658,1722
658,192
658,2115
658,2307
658,2487
658,2668
658,2851
658,3029
658,3207
658,3394
658,3578
658,3767
658,3958
658,4152
658,4341
658,4521
658,47
658,4894
658,5084
658,5265
658,5445
658,5628
658,5805
658,5984
658,6172
658,6357
658,654
658,6721
658,6883
658,7053
658,7228
658,7396
658,7572
658,7753
658,7953
658,8155
658,8333
658,8525
658,8706
658,8906
658,9084
658,9252
658,9417
658,9603
658,9803
658,9993
659,0171
659,0363
659,0555
659,0751
659,0934
659,1113
659,1292
659,1483
659,1663
659,1843
659,2029
659,2208
659,239
659,2568
659,2766
659,2954
659,314
659,3339
659,3514
659,3706
659,3886
659,406
659,423
659,4407
659,4622
659,4824
659,5007
659,5231
659,5418
659,5608
659,5796
659,5983
659,6168
659,6353
659,6532
659,6726
659,6929
659,7115
659,7311
659,7495
659,7689
659,7866
659,8039
659,8227
659,8408
659,8596
659,8774
659,897
659,9177
659,9368
659,9573
659,977
659,9963
660,0156
660,0349
660,0557
660,076
660,0958
660,1147
660,1348
660,1545
660,1736
660,1932
660,2123
660,231
660,2497
660,2684
660,2877
660,3066
660,3268
660,3457
660,3649
660,3854
660,4041
660,4222
660,4406
660,4598
660,4795
660,4991
660,5188
660,5388
660,5571
660,576
660,5948
660,6136
660,6315
660,6503
660,6714
660,6909
660,7082
660,7269
660,7457
660,765
660,7858
660,8036
660,8218
660,8416
660,8617
660,8808
660,8994
660,9201
660,9378
660,9564
660,9744
660,9945
661,0134
661,0352
661,054
661,0728
661,0911
661,1109
661,1288
661,1478
661,1686
661,1878
661,2061
661,2247
661,2425
661,261
661,2794
661,2976
661,3156
661,3353
661,3538
661,3726
661,3912
661,4088
661,4265
661,4449
661,4627
661,4818
661,5004
661,5209
661,5399
661,5584
661,5767
661,5956
661,6139
661,6346
661,653
661,6723
661,6912
661,7097
661,7286
661,7473
661,7667
661,7863
661,8055
661,8246
661,8422
661,8606
661,8801
661,8986
661,9183
661,9374
661,9571
661,9745
661,9933
662,0129
662,0308
662,0503
662,0699
662,0882
662,1063
662,1248
662,1432
662,1621
662,18
662,1984
662,217
662,236
662,2531
662,27
662,2864
662,3058
662,3238
662,3427
662,3625
662,3829
662,4018
662,4216
662,441
662,4604
662,4786
662,498
662,5169
662,5355
662,5538
662,5715
662,5886
662,6052
662,6235
662,6412
662,6594
662,6782
662,6968
662,7152
662,7337
662,7514
662,7701
662,7886
662,8062
662,8242
662,8428
662,8611
662,8789
662,8976
662,915
662,9318
662,9496
662,9679
662,9863
663,0055
663,0243
663,0424
663,061
663,079
663,0977
663,1167
663,1356
663,1533
663,1716
663,1909
663,2087
663,2271
663,2486
663,2679
663,2874
663,3083
663,3284
663,3463
663,364
663,3824
663,4019
663,4198
663,4388
663,4568
663,475
663,4943
663,5136
663,5318
663,5498
663,5686
663,5869
663,6067
663,6242
663,6421
663,66
663,6769
663,6957
663,7145
663,7319
663,7501
663,7681
663,7862
663,805
663,8251
663,8438
663,8617
663,88
663,8972
663,9158
663,933
663,95
663,9688
663,9875
664,0049
664,0237
664,0439
664,0616
664,0788
664,0964
664,1164
664,134
664,1528
664,1703
664,1888
664,2059
664,2236
664,2411
664,2595
664,2775
664,2988
664,3176
664,3376
664,356
664,3738
664,3931
664,413
664,431
664,45
664,4683
664,4872
664,5065
664,5247
664,5427
664,5605
664,5784
664,5973
664,6141
664,6337
664,6526
664,672
664,6903
664,7077
664,7267
664,7441
664,7602
664,7775
664,7965
664,8138
664,8317
664,8513
664,8698
664,8896
664,909
664,9271
664,9446
664,9634
664,981
665,0025
665,0208
665,0416
665,0621
665,0816
665,1005
665,1187
665,1393
665,1598
665,1777
665,1973
665,2158
665,2341
665,2534
665,2717
665,2914
665,3101
665,3289
665,3474
665,3659
665,384
665,4013
665,4195
665,4376
665,4562
665,4747
665,4929
665,5105
665,527
665,545
665,5638
665,582
665,6002
665,6186
665,6376
665,6568
665,6766
665,6959
665,7147
665,7337
665,7532
665,772
665,7914
665,81
665,8292
665,8477
665,8668
665,8868
665,9069
665,9266
665,9454
665,963
665,9816
665,9993
666,0172
666,0367
666,0552
666,074
666,0928
666,1121
666,1302
666,1508
666,1698
666,1886
666,2065
666,2248
666,2438
666,2621
666,2802
666,2999
666,3196
666,3386
666,3578
666,3745
666,3936
666,4124
666,4312
666,4521
666,4728
666,4932
666,5142
666,5317
666,5523
666,5724
666,5908
666,6091
666,6282
666,6465
666,6649
666,6842
666,7037
666,7228
666,7414
666,7589
666,7778
666,7977
666,8159
666,8356
666,8522
666,8725
666,8895
666,9069
666,9249
666,9445
666,9637
666,9812
666,9998
667,0182
667,0361
667,0553
667,0737
667,0916
667,111
667,1295
667,1483
667,1676
667,1862
667,2051
667,2234
667,241
667,2595
667,2778
667,2969
667,315
667,3334
667,3521
667,3705
667,389
667,4073
667,4257
667,4439
667,4627
667,4821
667,5008
667,5203
667,539
667,5583
667,5768
667,5952
667,6132
667,6313
667,6496
667,6678
667,6857
667,7034
667,7215
667,7407
667,7586
667,7775
667,796
667,8145
667,8328
667,8515
667,8706
667,8893
667,9074
667,9253
667,943
667,9619
667,9798
667,9973
668,0174
668,0352
668,053
668,071
668,0898
668,108
668,1276
668,1451
668,1641
668,1829
668,2009
668,219
668,2365
668,2543
668,2726
668,2902
668,3093
668,3292
668,3488
668,3675
668,386
668,4044
668,423
668,4431
668,4623
668,4823
668,5017
668,5201
668,5383
668,5572
668,5748
668,5931
668,6115
668,6291
668,648
668,6662
668,6841
668,7026
668,722
668,7402
668,7582
668,777
668,7944
668,8127
668,8324
668,8505
668,8683
668,8864
668,9065
668,9259
668,9443
668,9624
668,9792
668,9954
669,0129
669,0311
669,0492
669,0683
669,0869
669,105
669,1238
669,1425
669,1608
669,1801
669,2001
669,218
669,2366
669,2571
669,2762
669,2946
669,3137
669,3328
669,3519
669,3714
669,3904
669,4097
669,4285
669,4462
669,4658
669,4843
669,5033
669,5222
669,541
669,5603
669,58
669,5993
669,6176
669,6362
669,6559
669,6751
669,6938
669,7128
669,7321
669,751
669,7706
669,7893
669,8073
669,825
669,8432
669,8616
669,8814
669,902
669,9194
669,9382
669,9565
669,9744
669,9927
670,0099
670,0275
670,0454
670,0634
670,083
670,1017
670,1211
670,1396
670,1596
670,1793
670,199
670,2189
670,2374
670,2573
670,2764
670,2955
670,314
670,3323
670,3531
670,373
670,3929
670,4116
670,4296
670,4475
670,4694
670,4887
670,5076
670,5261
670,5445
670,5638
670,5807
670,5996
670,6171
670,6356
670,6542
670,672
670,6904
670,7078
670,7263
670,7451
670,7643
670,7833
670,8035
670,8236
670,8423
670,8602
670,8799
670,8985
670,9167
670,936
670,9547
670,9739
670,993
671,0114
671,0302
671,0495
671,067
671,0846
671,103
671,1216
671,1411
671,1598
671,1788
671,1978
671,2162
671,2354
671,2549
671,274
671,293
671,312
671,3331
671,3524
671,3712
671,3893
671,4088
671,4277
671,4473
671,4658
671,4847
671,5035
671,522
671,54
671,5591
671,578
671,5988
671,6182
671,6375
671,6563
671,6757
671,6944
671,7129
671,7315
671,7519
671,7703
671,7889
671,8061
671,8254
671,8446
671,8633
671,8813
671,8989
671,918
671,9355
671,9543
671,9739
671,9918
672,0097
672,0277
672,0462
672,0645
672,082
672,1021
672,121
672,1398
672,1582
672,1767
672,1948
672,2144
672,2338
672,2524
672,2704
672,2889
672,3087
672,3271
672,3441
672,363
672,382
672,402
672,4209
672,4396
672,4561
672,476
672,4947
672,5135
672,5327
672,5521
672,5704
672,588
672,6065
672,6245
672,6429
672,662
672,6807
672,6999
672,7195
672,7382
672,7544
672,7747
672,7927
672,812
672,8319
672,8515
672,8702
672,8906
672,9092
672,9283
672,9463
672,9661
672,9846
673,0026
673,0225
673,0401
673,0591
673,0767
673,0956
673,1149
