0;        3967,093
118,4832;        3967,113
118,4777;        3967,132
118,4878;        3967,154
118,4947;        3967,173
118,4918;        3967,19
118,4971;        3967,208
118,5048;        3967,227
118,5142;        3967,246
118,5234;        3967,264
118,5308;        3967,281
118,542;        3967,3
118,5553;        3967,317
118,5488;        3967,334
118,5504;        3967,353
118,5551;        3967,371
118,5568;        3967,389
118,5551;        3967,407
118,5394;        3967,425
118,5433;        3967,444
118,5329;        3967,461
118,5138;        3967,48
118,5066;        3967,496
118,5043;        3967,514
118,4893;        3967,532
118,4974;        3967,55
118,5044;        3967,568
118,4775;        3967,586
118,4699;        3967,604
118,4671;        3967,622
118,4705;        3967,642
118,4799;        3967,661
118,4678;        3967,68
118,4506;        3967,698
118,4601;        3967,718
118,4716;        3967,737
118,48;        3967,755
118,5036;        3967,775
118,5006;        3967,794
118,4943;        3967,813
118,5168;        3967,832
118,5173;        3967,85
118,5102;        3967,868
118,5342;        3967,887
118,5618;        3967,905
118,5708;        3967,925
118,5706;        3967,944
118,5809;        3967,961
118,5904;        3967,98
118,6083;        3967,999
118,6087;        3968,018
118,5871;        3968,037
118,593;        3968,056
118,5926;        3968,074
118,5895;        3968,094
118,5902;        3968,113
118,5832;        3968,132
118,5698;        3968,15
118,5916;        3968,169
118,6555;        3968,188
118,7928;        3968,206
118,855;        3968,225
118,5433;        3968,243
118,4181;        3968,262
117,2504;        3968,282
115,3948;        3968,3
113,4285;        3968,32
111,5336;        3968,337
110,4628;        3968,355
109,1466;        3968,374
107,0929;        3968,391
105,0374;        3968,41
102,536;        3968,428
100,0511;        3968,447
97,99397;        3968,467
97,0838;        3968,486
94,57832;        3968,505
92,74115;        3968,526
90,78373;        3968,546
88,99991;        3968,565
88,24723;        3968,584
86,99767;        3968,604
84,83624;        3968,625
83,89919;        3968,644
82,5247;        3968,664
81,20684;        3968,683
79,89832;        3968,701
78,56891;        3968,719
77,17566;        3968,739
75,796;        3968,757
74,58469;        3968,776
74,20644;        3968,794
73,11752;        3968,812
71,89125;        3968,831
71,09674;        3968,851
70,49091;        3968,87
70,05489;        3968,888
69,56607;        3968,906
69,31399;        3968,924
68,8849;        3968,943
68,51321;        3968,962
68,17749;        3968,981
68,01557;        3969
67,47778;        3969,019
67,20045;        3969,037
67,01109;        3969,056
66,78723;        3969,075
66,61497;        3969,093
66,40192;        3969,112
66,28245;        3969,131
66,18462;        3969,15
66,12456;        3969,169
66,04778;        3969,187
66,011;        3969,203
66,04296;        3969,221
66,03753;        3969,239
65,95859;        3969,256
65,888;        3969,272
65,83863;        3969,289
65,81103;        3969,305
65,74586;        3969,322
65,63715;        3969,337
65,55801;        3969,354
65,54486;        3969,372
65,59644;        3969,389
65,70997;        3969,405
66,03055;        3969,422
66,42825;        3969,438
66,67059;        3969,454
67,37828;        3969,47
68,26826;        3969,487
68,80418;        3969,504
70,07273;        3969,523
71,63477;        3969,542
73,75608;        3969,56
76,73276;        3969,578
79,74989;        3969,595
81,34729;        3969,613
83,86216;        3969,631
86,31365;        3969,647
87,37235;        3969,664
89,6096;        3969,683
91,93095;        3969,701
94,18536;        3969,721
96,05544;        3969,739
97,23664;        3969,758
98,28969;        3969,775
98,6737;        3969,794
99,66583;        3969,814
100,5644;        3969,833
101,0123;        3969,854
100,1694;        3969,873
98,33247;        3969,892
95,67532;        3969,911
91,47774;        3969,929
86,17787;        3969,948
80,98963;        3969,967
79,32131;        3969,985
75,33524;        3970,004
69,84732;        3970,022
62,74417;        3970,041
54,14583;        3970,06
51,43833;        3970,078
50,38418;        3970,096
51,6479;        3970,115
49,9579;        3970,132
49,07362;        3970,151
47,18048;        3970,169
45,38863;        3970,188
44,63607;        3970,207
45,04178;        3970,224
45,09678;        3970,243
43,83959;        3970,262
42,56519;        3970,281
42,42954;        3970,299
43,11938;        3970,32
43,62985;        3970,34
43,36626;        3970,358
42,60722;        3970,376
42,10069;        3970,395
42,04338;        3970,412
42,43794;        3970,432
42,60898;        3970,449
43,08278;        3970,466
43,08464;        3970,486
42,78886;        3970,503
42,63628;        3970,523
42,60785;        3970,542
42,69209;        3970,56
42,6963;        3970,577
42,59562;        3970,595
42,52892;        3970,612
42,57198;        3970,63
42,59327;        3970,647
42,64394;        3970,666
42,58817;        3970,687
42,44481;        3970,704
42,24347;        3970,726
42,28777;        3970,742
42,21666;        3970,76
42,00558;        3970,778
41,75808;        3970,796
41,63515;        3970,814
41,61322;        3970,833
41,56175;        3970,852
41,45905;        3970,87
41,20836;        3970,888
40,82088;        3970,906
40,46048;        3970,924
40,27077;        3970,941
40,36833;        3970,959
40,55608;        3970,976
40,49866;        3970,996
40,46583;        3971,014
40,03656;        3971,032
39,96881;        3971,05
39,90554;        3971,069
39,7735;        3971,086
39,48781;        3971,106
39,24094;        3971,123
39,18612;        3971,141
39,05449;        3971,159
38,83401;        3971,178
38,66264;        3971,196
38,48416;        3971,216
38,21247;        3971,235
37,88941;        3971,253
37,62139;        3971,271
37,73785;        3971,289
37,52153;        3971,306
37,53697;        3971,325
37,14339;        3971,344
36,99945;        3971,363
36,86774;        3971,382
37,34161;        3971,401
39,25554;        3971,419
42,4016;        3971,438
44,49587;        3971,457
51,7683;        3971,476
55,44584;        3971,494
60,37702;        3971,513
67,50097;        3971,532
70,95878;        3971,555
73,13878;        3971,574
75,0828;        3971,592
79,13844;        3971,612
82,06008;        3971,631
85,0988;        3971,651
86,54793;        3971,671
88,47161;        3971,689
89,48906;        3971,707
90,78511;        3971,726
91,28488;        3971,745
92,94324;        3971,761
94,47507;        3971,78
96,05656;        3971,8
97,5024;        3971,819
98,66547;        3971,837
99,61195;        3971,855
99,91438;        3971,874
100,5823;        3971,893
101,1169;        3971,912
101,4512;        3971,931
101,6461;        3971,95
101,7285;        3971,969
102,1495;        3971,988
102,6003;        3972,009
103,0449;        3972,028
103,3372;        3972,049
103,5034;        3972,069
103,5401;        3972,086
103,6126;        3972,105
103,6866;        3972,123
103,8004;        3972,14
103,9816;        3972,158
104,1705;        3972,175
104,4326;        3972,194
104,5229;        3972,211
104,7698;        3972,229
105,0043;        3972,247
105,0705;        3972,265
105,0543;        3972,286
105,0524;        3972,305
105,1274;        3972,322
105,1641;        3972,341
105,1822;        3972,359
105,2239;        3972,375
105,2705;        3972,394
105,3596;        3972,412
105,4218;        3972,43
105,5008;        3972,449
105,5563;        3972,469
105,6753;        3972,488
105,7257;        3972,506
105,719;        3972,523
105,7263;        3972,541
105,7677;        3972,561
105,8244;        3972,579
105,8668;        3972,599
105,9121;        3972,618
105,9842;        3972,638
106,1393;        3972,657
106,3037;        3972,676
106,4403;        3972,693
106,5622;        3972,712
106,6816;        3972,731
106,6285;        3972,751
106,6041;        3972,771
106,5597;        3972,79
106,5273;        3972,808
106,5011;        3972,827
106,5731;        3972,845
106,6083;        3972,864
106,6141;        3972,885
106,5906;        3972,903
106,5683;        3972,923
106,599;        3972,941
106,6031;        3972,96
106,5926;        3972,98
106,6799;        3972,999
106,6661;        3973,02
106,6723;        3973,04
107,3652;        3973,059
108,7623;        3973,078
110,1106;        3973,097
111,3294;        3973,116
112,7362;        3973,136
113,7608;        3973,155
114,3959;        3973,173
115,1219;        3973,191
115,1948;        3973,208
115,3847;        3973,227
115,4978;        3973,245
115,694;        3973,262
115,8327;        3973,281
115,7722;        3973,299
115,544;        3973,317
115,3601;        3973,335
115,3755;        3973,355
115,3451;        3973,373
115,3111;        3973,392
115,3302;        3973,41
115,3186;        3973,429
115,2963;        3973,447
115,3145;        3973,466
115,3204;        3973,486
115,3113;        3973,503
115,3089;        3973,522
115,2664;        3973,538
115,244;        3973,556
115,2587;        3973,574
115,2193;        3973,591
115,16;        3973,609
115,0157;        3973,627
114,7884;        3973,646
114,439;        3973,666
114,2181;        3973,684
113,9689;        3973,701
113,8062;        3973,719
113,7287;        3973,737
113,6811;        3973,755
113,5451;        3973,773
113,3942;        3973,791
113,3219;        3973,809
113,2171;        3973,826
113,127;        3973,844
113,0444;        3973,863
113,0296;        3973,886
113,0766;        3973,903
113,1378;        3973,921
113,1842;        3973,939
113,2109;        3973,955
113,2202;        3973,974
113,2593;        3973,993
113,2879;        3974,01
113,2988;        3974,029
113,3361;        3974,047
113,3431;        3974,063
113,3527;        3974,081
113,3231;        3974,098
113,2906;        3974,115
113,2852;        3974,134
113,2679;        3974,152
113,2694;        3974,169
113,2581;        3974,187
113,2725;        3974,205
113,2685;        3974,223
113,2521;        3974,239
113,2408;        3974,256
113,2429;        3974,274
113,2524;        3974,291
113,2529;        3974,31
113,2541;        3974,327
113,2568;        3974,345
113,2891;        3974,364
113,3294;        3974,383
113,4558;        3974,401
113,5566;        3974,421
113,5472;        3974,44
113,4982;        3974,458
113,4892;        3974,476
113,4412;        3974,494
112,9817;        3974,512
112,7411;        3974,532
111,7506;        3974,549
111,3143;        3974,568
110,9556;        3974,585
110,9785;        3974,604
110,5199;        3974,621
109,6993;        3974,638
108,7776;        3974,656
108,4415;        3974,673
107,695;        3974,691
106,8515;        3974,708
106,2254;        3974,729
105,6593;        3974,746
105,4104;        3974,763
104,7642;        3974,781
103,8296;        3974,798
103,421;        3974,814
102,9919;        3974,833
101,9905;        3974,852
101,0354;        3974,869
100,1243;        3974,885
99,52431;        3974,903
98,34705;        3974,921
97,16407;        3974,938
95,99359;        3974,956
95,46011;        3974,973
94,02934;        3974,99
92,69606;        3975,009
91,32828;        3975,026
90,66499;        3975,043
89,38143;        3975,06
87,90971;        3975,076
86,96527;        3975,093
85,41835;        3975,109
83,7428;        3975,125
82,97582;        3975,142
81,593;        3975,161
80,39262;        3975,177
79,02984;        3975,195
78,27945;        3975,212
77,12228;        3975,229
75,88345;        3975,245
75,29614;        3975,262
74,21227;        3975,277
73,59351;        3975,292
72,73859;        3975,308
72,1769;        3975,324
71,36941;        3975,339
70,72803;        3975,357
70,20216;        3975,375
69,98217;        3975,392
69,52786;        3975,407
69,42975;        3975,422
69,29433;        3975,437
69,24475;        3975,452
69,30598;        3975,466
69,34679;        3975,48
69,47826;        3975,497
69,86536;        3975,513
70,47474;        3975,53
71,32067;        3975,546
71,84992;        3975,563
72,53093;        3975,579
73,039;        3975,595
74,24242;        3975,612
75,31576;        3975,628
76,71523;        3975,646
77,50823;        3975,663
79,06;        3975,681
81,15545;        3975,697
82,48873;        3975,713
84,87495;        3975,73
87,62106;        3975,748
89,03917;        3975,765
91,27125;        3975,781
94,18201;        3975,799
97,36599;        3975,815
98,81745;        3975,833
100,7894;        3975,852
103,0865;        3975,87
103,5969;        3975,888
105,7511;        3975,906
106,1808;        3975,924
107,9068;        3975,942
109,9383;        3975,959
111,4682;        3975,976
111,6592;        3975,993
112,6055;        3976,01
112,8252;        3976,028
112,8441;        3976,045
112,6221;        3976,062
112,4893;        3976,08
112,1953;        3976,097
112,086;        3976,114
111,2695;        3976,131
110,2983;        3976,146
109,2137;        3976,165
107,3653;        3976,183
104,9798;        3976,2
102,4842;        3976,217
101,2177;        3976,234
97,94285;        3976,252
93,56619;        3976,27
89,26189;        3976,286
87,11077;        3976,304
82,82603;        3976,32
78,54711;        3976,337
76,68961;        3976,353
71,54468;        3976,37
68,69202;        3976,388
64,76846;        3976,404
62,975;        3976,422
64,57571;        3976,439
67,07968;        3976,455
66,99772;        3976,472
68,49612;        3976,49
67,87956;        3976,506
66,95534;        3976,525
66,7049;        3976,541
66,7568;        3976,558
66,8815;        3976,575
68,0127;        3976,592
68,5666;        3976,609
69,47028;        3976,626
69,46693;        3976,643
69,27441;        3976,66
69,25683;        3976,677
69,57713;        3976,693
70,30058;        3976,71
71,28247;        3976,727
71,82871;        3976,743
72,24188;        3976,759
72,70496;        3976,776
73,51208;        3976,794
73,96328;        3976,811
74,80494;        3976,828
75,29253;        3976,844
76,03206;        3976,862
76,19202;        3976,879
75,66255;        3976,896
74,93724;        3976,916
74,49452;        3976,934
73,93054;        3976,951
73,17422;        3976,967
72,89187;        3976,982
71,8839;        3977
70,64972;        3977,016
69,26218;        3977,035
68,75399;        3977,052
66,29696;        3977,07
65,08846;        3977,085
62,24441;        3977,103
59,45803;        3977,119
57,34031;        3977,138
56,73567;        3977,155
57,99833;        3977,172
56,79714;        3977,188
57,38534;        3977,206
57,11949;        3977,223
55,26424;        3977,24
53,84988;        3977,256
53,50396;        3977,272
54,02108;        3977,288
54,40186;        3977,304
55,15957;        3977,319
55,45592;        3977,334
55,61672;        3977,347
55,82483;        3977,364
55,49039;        3977,381
54,95973;        3977,396
54,25934;        3977,412
54,18109;        3977,429
54,2226;        3977,444
54,81607;        3977,46
55,39513;        3977,477
55,39248;        3977,494
55,34781;        3977,51
54,80442;        3977,527
54,44445;        3977,544
54,59486;        3977,56
54,96884;        3977,576
55,23702;        3977,592
55,25281;        3977,608
55,32092;        3977,623
55,15174;        3977,641
54,8033;        3977,658
54,65481;        3977,674
54,59272;        3977,692
54,5353;        3977,709
54,63229;        3977,726
54,45357;        3977,743
54,25159;        3977,76
54,09325;        3977,777
54,16134;        3977,794
54,14639;        3977,813
53,81312;        3977,831
53,70038;        3977,847
53,39165;        3977,866
53,28279;        3977,885
53,36653;        3977,9
53,52941;        3977,919
53,52059;        3977,938
53,39801;        3977,954
53,52211;        3977,97
53,5274;        3977,987
53,56247;        3978,004
53,33989;        3978,021
53,01384;        3978,037
52,90092;        3978,054
52,92586;        3978,071
52,90943;        3978,089
52,92272;        3978,106
52,84427;        3978,122
52,84221;        3978,14
52,87448;        3978,156
52,70267;        3978,175
52,60702;        3978,192
52,55473;        3978,209
52,55251;        3978,228
52,55193;        3978,243
52,40772;        3978,261
52,29057;        3978,278
52,2716;        3978,295
52,24559;        3978,313
52,30355;        3978,329
52,33796;        3978,347
52,36666;        3978,364
52,456;        3978,38
52,52736;        3978,396
52,60441;        3978,414
52,68814;        3978,43
52,77981;        3978,446
52,74962;        3978,463
52,74912;        3978,48
52,76809;        3978,496
52,73293;        3978,513
52,73085;        3978,529
52,74514;        3978,546
52,80665;        3978,563
52,70288;        3978,58
52,5972;        3978,598
52,65215;        3978,616
52,71119;        3978,632
52,72256;        3978,648
52,66568;        3978,665
52,59749;        3978,684
52,64454;        3978,7
52,66982;        3978,717
52,60018;        3978,733
52,58867;        3978,75
52,47133;        3978,768
52,4582;        3978,785
52,55308;        3978,803
52,54792;        3978,82
52,47274;        3978,838
52,41209;        3978,855
52,34697;        3978,873
52,26398;        3978,891
52,24455;        3978,909
52,16381;        3978,927
52,11157;        3978,943
52,09678;        3978,961
52,01038;        3978,978
51,8915;        3978,994
51,92933;        3979,011
51,87951;        3979,027
51,85079;        3979,044
51,54217;        3979,061
51,22226;        3979,079
51,0156;        3979,095
50,99593;        3979,113
51,36435;        3979,13
51,60634;        3979,148
51,96429;        3979,165
51,75126;        3979,183
51,59442;        3979,201
51,7038;        3979,22
52,43338;        3979,237
52,96977;        3979,252
54,86672;        3979,268
55,73642;        3979,284
58,44217;        3979,3
60,16938;        3979,315
63,99405;        3979,33
68,52023;        3979,345
70,29193;        3979,362
75,78572;        3979,377
79,01313;        3979,392
83,88755;        3979,407
87,15381;        3979,423
92,48481;        3979,438
94,49448;        3979,454
98,1847;        3979,47
98,32738;        3979,485
97,66581;        3979,502
96,47604;        3979,516
96,47604;        3979,53
95,23653;        3979,545
94,72627;        3979,561
94,28812;        3979,576
94,44295;        3979,592
94,57088;        3979,608
95,61218;        3979,625
95,85329;        3979,642
96,39213;        3979,659
96,60109;        3979,677
96,92022;        3979,694
96,63674;        3979,712
96,74095;        3979,729
96,79852;        3979,746
97,03886;        3979,763
97,66264;        3979,78
97,93279;        3979,799
97,95338;        3979,816
97,96905;        3979,835
98,18063;        3979,853
98,33185;        3979,87
98,68654;        3979,886
98,98467;        3979,902
99,20262;        3979,92
99,28712;        3979,937
99,36366;        3979,954
99,45244;        3979,969
99,60883;        3979,986
99,70946;        3980,002
99,75077;        3980,02
99,73278;        3980,037
99,75629;        3980,053
99,7701;        3980,069
99,83051;        3980,085
99,84969;        3980,102
99,8229;        3980,118
99,8625;        3980,135
99,8984;        3980,152
99,86121;        3980,17
99,82426;        3980,187
99,8075;        3980,205
99,78674;        3980,223
99,74407;        3980,24
99,67652;        3980,259
99,6086;        3980,276
99,58655;        3980,292
99,50447;        3980,309
99,44297;        3980,327
99,39485;        3980,345
99,40822;        3980,363
99,37171;        3980,382
99,33236;        3980,399
99,31142;        3980,416
99,28042;        3980,434
99,27305;        3980,451
99,24298;        3980,467
99,24889;        3980,486
99,24974;        3980,504
99,24931;        3980,521
99,25941;        3980,539
99,27631;        3980,556
99,27706;        3980,573
99,32476;        3980,589
99,37073;        3980,607
99,38753;        3980,625
99,40312;        3980,643
99,43723;        3980,66
99,46043;        3980,677
99,49106;        3980,694
99,53178;        3980,712
99,55617;        3980,729
99,60638;        3980,746
99,63817;        3980,764
99,66937;        3980,783
99,72453;        3980,803
99,79041;        3980,82
99,84605;        3980,841
99,9323;        3980,859
100,0552;        3980,877
100,2096;        3980,895
100,3167;        3980,914
100,4833;        3980,932
100,6945;        3980,949
100,9482;        3980,968
101,2063;        3980,986
101,381;        3981,004
101,7152;        3981,023
102,0673;        3981,042
102,4443;        3981,058
102,8492;        3981,075
103,0754;        3981,093
103,5189;        3981,111
103,8504;        3981,128
104,1726;        3981,146
104,3384;        3981,164
104,6344;        3981,182
104,9467;        3981,2
105,2305;        3981,219
105,496;        3981,237
105,6325;        3981,254
105,8421;        3981,27
106,0877;        3981,288
106,2169;        3981,304
106,3869;        3981,322
106,5595;        3981,339
106,72;        3981,356
106,8499;        3981,372
106,8884;        3981,394
106,8709;        3981,412
106,836;        3981,43
106,7513;        3981,447
106,6576;        3981,465
106,6365;        3981,483
106,5112;        3981,499
106,3396;        3981,517
106,2749;        3981,535
106,1582;        3981,552
106,0513;        3981,569
105,9906;        3981,587
105,9539;        3981,605
105,9174;        3981,623
105,7979;        3981,641
105,6851;        3981,658
105,5914;        3981,676
105,5755;        3981,693
105,524;        3981,711
105,4318;        3981,729
105,3768;        3981,747
105,2301;        3981,766
105,0396;        3981,784
104,9833;        3981,802
104,868;        3981,821
104,7516;        3981,839
104,4413;        3981,857
103,9081;        3981,875
103,4956;        3981,893
102,8435;        3981,912
101,9371;        3981,931
100,8913;        3981,948
99,53362;        3981,965
98,89861;        3981,984
97,38746;        3982,001
95,74133;        3982,02
94,27438;        3982,038
93,11967;        3982,057
92,61768;        3982,074
91,66951;        3982,092
90,70771;        3982,11
90,18603;        3982,128
89,84872;        3982,146
89,81599;        3982,164
89,42589;        3982,182
88,95294;        3982,201
88,45076;        3982,22
88,00457;        3982,239
87,4707;        3982,257
87,01557;        3982,275
86,76582;        3982,294
86,13381;        3982,312
84,89343;        3982,329
84,22507;        3982,347
83,53797;        3982,364
81,6873;        3982,382
79,78587;        3982,399
77,99732;        3982,418
76,28771;        3982,435
75,41959;        3982,453
73,71882;        3982,472
71,98013;        3982,49
70,09915;        3982,508
68,01855;        3982,526
66,97022;        3982,543
64,86775;        3982,561
63,16503;        3982,579
61,89091;        3982,597
61,38369;        3982,615
60,64552;        3982,632
60,10112;        3982,65
59,86876;        3982,668
59,97161;        3982,686
60,17574;        3982,703
60,2733;        3982,721
60,79916;        3982,739
61,21385;        3982,756
61,33551;        3982,774
61,42496;        3982,792
61,53059;        3982,808
61,48346;        3982,827
61,37129;        3982,845
61,43786;        3982,865
61,34403;        3982,883
61,04231;        3982,902
60,75616;        3982,92
60,66214;        3982,938
60,83776;        3982,956
61,12469;        3982,974
61,21536;        3982,992
61,0772;        3983,01
61,14894;        3983,028
61,13476;        3983,046
61,22531;        3983,064
61,50483;        3983,083
61,75215;        3983,101
61,87811;        3983,119
61,93608;        3983,136
61,95226;        3983,155
62,09721;        3983,172
61,89776;        3983,191
61,8412;        3983,208
61,4506;        3983,228
60,71954;        3983,247
60,10321;        3983,264
59,10585;        3983,281
58,67279;        3983,297
58,84286;        3983,314
58,88984;        3983,331
59,57686;        3983,346
60,34067;        3983,362
60,85518;        3983,38
60,45702;        3983,398
59,34769;        3983,416
59,06013;        3983,432
57,79656;        3983,449
57,03709;        3983,467
57,20621;        3983,483
57,42474;        3983,501
57,36433;        3983,519
57,149;        3983,536
57,157;        3983,554
57,75801;        3983,571
58,15018;        3983,588
58,66099;        3983,605
58,57485;        3983,622
58,07282;        3983,638
57,5365;        3983,655
57,33619;        3983,672
57,19817;        3983,69
57,21909;        3983,708
57,32726;        3983,726
57,3929;        3983,745
57,40501;        3983,763
57,38953;        3983,781
57,49436;        3983,8
57,71157;        3983,819
57,87368;        3983,837
57,79333;        3983,857
57,59782;        3983,879
57,46581;        3983,9
57,50836;        3983,921
57,57932;        3983,942
57,51542;        3983,962
57,3977;        3983,984
57,46855;        3984,012
57,49157;        3984,03
57,56669;        3984,048
57,52067;        3984,065
57,51386;        3984,083
57,58044;        3984,102
57,73611;        3984,12
57,76899;        3984,137
57,84661;        3984,157
58,14402;        3984,175
58,42747;        3984,194
58,93425;        3984,211
59,46684;        3984,23
60,08709;        3984,248
60,46492;        3984,264
61,27747;        3984,283
62,28146;        3984,302
63,62571;        3984,321
65,16978;        3984,341
67,06218;        3984,359
69,13303;        3984,378
71,10385;        3984,395
72,12381;        3984,413
74,39101;        3984,431
77,11852;        3984,448
79,90245;        3984,466
81,25108;        3984,484
84,37108;        3984,503
87,31947;        3984,522
89,37643;        3984,54
91,5297;        3984,558
94,27495;        3984,576
95,46867;        3984,593
97,84243;        3984,611
99,83758;        3984,629
101,4543;        3984,648
101,9836;        3984,666
101,8428;        3984,685
101,9051;        3984,701
101,9553;        3984,72
101,9431;        3984,737
102,3149;        3984,755
102,5252;        3984,774
102,8411;        3984,792
102,9883;        3984,81
102,6529;        3984,827
101,2031;        3984,846
99,87633;        3984,862
97,33324;        3984,879
94,0079;        3984,897
90,09074;        3984,915
88,97569;        3984,933
84,87965;        3984,952
80,24665;        3984,969
77,19455;        3984,987
73,99734;        3985,005
71,24137;        3985,022
69,56612;        3985,041
69,72417;        3985,06
68,93996;        3985,076
67,89027;        3985,094
65,29791;        3985,112
63,87945;        3985,131
63,13864;        3985,149
62,26492;        3985,166
62,53629;        3985,184
64,13786;        3985,202
65,93345;        3985,22
66,80505;        3985,239
65,88064;        3985,256
63,89249;        3985,273
63,5131;        3985,289
61,17209;        3985,305
60,16203;        3985,322
60,72365;        3985,338
61,16539;        3985,356
61,06366;        3985,373
60,71058;        3985,39
60,3004;        3985,407
60,12768;        3985,426
60,03383;        3985,443
60,31867;        3985,459
60,41914;        3985,476
60,25613;        3985,494
59,9149;        3985,511
59,68428;        3985,529
58,18218;        3985,629
58,50549;        3985,643
59,5191;        3985,659
59,43648;        3985,675
59,43248;        3985,694
59,29104;        3985,709
59,17559;        3985,731
58,97474;        3985,752
58,93143;        3985,77
59,11826;        3985,788
59,2538;        3985,804
59,20224;        3985,823
59,1945;        3985,842
59,2682;        3985,861
59,28196;        3985,881
59,28196;        3985,898
58,99828;        3985,916
58,93089;        3985,933
58,8783;        3985,953
58,86063;        3985,97
58,84863;        3985,988
58,92844;        3986,007
59,17767;        3986,024
59,73933;        3986,042
60,57766;        3986,06
60,85471;        3986,077
62,2365;        3986,095
64,69572;        3986,114
67,70319;        3986,13
69,67996;        3986,146
73,13017;        3986,164
77,10484;        3986,183
81,79025;        3986,202
85,18764;        3986,221
88,5421;        3986,239
90,11572;        3986,257
93,2879;        3986,274
95,22623;        3986,293
96,62264;        3986,313
97,55642;        3986,331
97,81432;        3986,35
97,91909;        3986,368
97,8915;        3986,386
97,80576;        3986,403
97,74713;        3986,42
97,65113;        3986,437
97,57691;        3986,453
97,69402;        3986,47
97,79745;        3986,486
98,09489;        3986,502
98,1991;        3986,52
98,0368;        3986,538
98,14957;        3986,555
98,31584;        3986,572
98,41157;        3986,588
98,50175;        3986,607
98,47545;        3986,624
98,34306;        3986,64
98,35361;        3986,657
98,35821;        3986,674
98,39228;        3986,692
98,47799;        3986,71
98,52841;        3986,73
98,52252;        3986,751
98,55293;        3986,769
98,61423;        3986,788
98,63406;        3986,807
98,56815;        3986,825
98,49477;        3986,841
98,48896;        3986,859
98,46986;        3986,877
98,42278;        3986,896
98,39378;        3986,915
98,33835;        3986,933
98,3631;        3986,949
98,37373;        3986,967
98,30559;        3986,985
98,25034;        3987,002
98,25969;        3987,019
98,24806;        3987,035
98,23353;        3987,052
98,1998;        3987,069
98,20007;        3987,084
98,15014;        3987,103
98,09995;        3987,117
98,05549;        3987,134
97,97617;        3987,148
97,92131;        3987,165
97,84823;        3987,18
97,83266;        3987,197
97,77277;        3987,212
97,80609;        3987,229
97,84634;        3987,246
97,86505;        3987,261
97,76112;        3987,278
97,71365;        3987,294
97,49694;        3987,31
97,32818;        3987,327
97,03676;        3987,342
96,7701;        3987,359
96,71681;        3987,376
96,34821;        3987,393
96,12939;        3987,411
95,96384;        3987,428
96,00632;        3987,445
96,05288;        3987,462
96,16478;        3987,48
96,19233;        3987,496
96,15382;        3987,513
96,10169;        3987,531
96,08086;        3987,55
96,11273;        3987,569
96,15575;        3987,588
96,21263;        3987,606
96,22948;        3987,625
96,24599;        3987,643
96,16551;        3987,661
96,09393;        3987,679
96,0566;        3987,699
95,9502;        3987,718
95,86013;        3987,735
95,62019;        3987,756
95,33407;        3987,774
95,0279;        3987,792
94,71815;        3987,809
94,41527;        3987,828
94,21052;        3987,847
93,81059;        3987,865
93,42368;        3987,884
92,92255;        3987,901
92,37207;        3987,92
91,99785;        3987,938
91,94574;        3987,957
91,88869;        3987,974
91,96005;        3987,992
92,2523;        3988,011
92,76397;        3988,029
93,11773;        3988,047
93,65332;        3988,066
94,23284;        3988,084
94,98916;        3988,103
95,67857;        3988,124
96,2069;        3988,144
96,58149;        3988,163
96,88133;        3988,183
97,20782;        3988,206
97,91731;        3988,223
98,71295;        3988,241
98,81614;        3988,261
98,58806;        3988,279
98,52238;        3988,301
98,40784;        3988,319
98,11979;        3988,337
97,60118;        3988,358
97,07994;        3988,377
96,93787;        3988,396
97,0734;        3988,415
97,21889;        3988,434
97,22909;        3988,453
97,20673;        3988,471
97,27534;        3988,489
97,61382;        3988,507
97,91569;        3988,526
97,90992;        3988,544
98,08176;        3988,561
98,49582;        3988,578
99,0302;        3988,596
99,28298;        3988,615
99,6583;        3988,635
100,0591;        3988,653
99,8661;        3988,671
100,1899;        3988,69
100,0974;        3988,71
99,90893;        3988,73
99,84753;        3988,75
100,2196;        3988,77
102,229;        3988,789
104,145;        3988,807
106,3035;        3988,827
107,398;        3988,845
107,3754;        3988,866
105,6651;        3988,885
106,0243;        3988,905
107,9822;        3988,925
109,5585;        3988,943
110,3671;        3988,963
111,675;        3988,984
113,8479;        3989,005
115,4944;        3989,024
116,867;        3989,043
118,5161;        3989,063
119,9393;        3989,084
121,3509;        3989,104
122,4007;        3989,123
123,5306;        3989,141
123,908;        3989,161
123,6292;        3989,181
123,4598;        3989,199
123,767;        3989,218
123,9669;        3989,235
123,9631;        3989,253
123,9668;        3989,272
123,9632;        3989,292
123,9541;        3989,31
123,9977;        3989,326
123,9563;        3989,346
123,9322;        3989,366
123,9585;        3989,385
123,8841;        3989,405
123,8184;        3989,422
123,8996;        3989,441
123,9285;        3989,459
123,9305;        3989,479
123,9289;        3989,498
123,9141;        3989,518
123,9134;        3989,537
123,9175;        3989,555
123,9542;        3989,573
123,952;        3989,592
124,0136;        3989,611
124,0481;        3989,631
124,0778;        3989,651
124,1208;        3989,67
124,1659;        3989,688
124,2453;        3989,704
124,3537;        3989,723
124,404;        3989,742
124,4396;        3989,761
124,5308;        3989,779
124,5906;        3989,796
124,6401;        3989,814
124,6684;        3989,833
124,7288;        3989,852
124,8152;        3989,87
124,9096;        3989,889
124,9597;        3989,907
124,9987;        3989,926
125,055;        3989,946
125,136;        3989,965
125,2031;        3989,986
125,2115;        3990,005
125,2909;        3990,025
125,3804;        3990,044
125,3853;        3990,063
125,3826;        3990,081
125,3759;        3990,1
125,4138;        3990,12
125,4555;        3990,138
125,4661;        3990,156
125,4606;        3990,175
125,456;        3990,195
125,4734;        3990,213
125,4523;        3990,233
125,4071;        3990,252
125,3852;        3990,27
125,3415;        3990,288
125,3124;        3990,307
125,1718;        3990,326
125,0759;        3990,346
125,0454;        3990,365
124,9742;        3990,384
124,9995;        3990,402
125,0045;        3990,421
124,8668;        3990,439
124,6577;        3990,458
124,5858;        3990,476
124,3583;        3990,494
123,9221;        3990,512
123,1974;        3990,531
122,4489;        3990,549
121,9892;        3990,568
121,2997;        3990,586
120,8483;        3990,604
120,4334;        3990,623
120,0485;        3990,642
119,6983;        3990,662
119,5111;        3990,681
119,2188;        3990,7
118,741;        3990,72
117,9662;        3990,739
117,3926;        3990,757
116,2678;        3990,775
114,9905;        3990,795
113,9359;        3990,813
112,395;        3990,832
110,6836;        3990,852
109,1139;        3990,87
107,5904;        3990,888
106,0611;        3990,909
104,7313;        3990,928
104,2614;        3990,946
102,9375;        3990,964
100,9857;        3990,982
99,01881;        3990,998
98,07114;        3991,014
96,54686;        3991,031
96,1255;        3991,047
95,14037;        3991,064
94,44096;        3991,08
93,73057;        3991,098
93,27943;        3991,116
92,39626;        3991,134
92,19146;        3991,15
92,35201;        3991,167
93,68507;        3991,184
95,23067;        3991,2
96,08467;        3991,217
98,15401;        3991,234
101,1322;        3991,253
104,6584;        3991,272
109,1503;        3991,291
113,889;        3991,311
118,3998;        3991,33
121,3375;        3991,349
122,4989;        3991,368
121,4094;        3991,387
121,2535;        3991,405
122,0662;        3991,423
122,463;        3991,441
123,0194;        3991,459
123,7896;        3991,479
124,3355;        3991,497
124,8763;        3991,516
124,9927;        3991,535
124,0951;        3991,553
123,8832;        3991,572
123,4061;        3991,591
123,8659;        3991,609
124,0324;        3991,627
124,0165;        3991,646
123,9883;        3991,664
123,7443;        3991,683
123,4745;        3991,703
123,2495;        3991,721
123,0509;        3991,739
122,913;        3991,759
122,779;        3991,776
122,4073;        3991,794
122,0711;        3991,813
121,9003;        3991,831
121,7746;        3991,851
121,5931;        3991,87
121,3345;        3991,887
121,1965;        3991,905
120,6408;        3991,925
119,7642;        3991,943
118,962;        3991,961
118,1897;        3991,98
117,3726;        3991,998
116,9289;        3992,016
115,7199;        3992,035
113,9603;        3992,053
111,8005;        3992,071
109,1548;        3992,09
107,392;        3992,107
103,5406;        3992,125
99,60412;        3992,142
95,6847;        3992,159
94,45842;        3992,177
91,01045;        3992,196
85,15495;        3992,214
79,22906;        3992,231
73,28378;        3992,249
69,6209;        3992,266
64,25938;        3992,283
62,67962;        3992,301
62,96748;        3992,318
68,8792;        3992,336
69,0555;        3992,353
72,74455;        3992,371
72,49863;        3992,39
69,8477;        3992,41
67,31779;        3992,428
65,85488;        3992,447
65,56853;        3992,465
66,04616;        3992,484
66,57525;        3992,5
66,84329;        3992,519
66,99375;        3992,536
66,94836;        3992,553
66,75656;        3992,571
66,32064;        3992,588
66,04394;        3992,606
65,90079;        3992,625
65,83279;        3992,644
65,69006;        3992,661
65,39732;        3992,68
65,11378;        3992,698
65,05357;        3992,717
65,09744;        3992,735
65,15499;        3992,753
65,15124;        3992,772
65,19926;        3992,791
65,31062;        3992,812
65,30254;        3992,83
65,25105;        3992,848
65,21432;        3992,866
65,00887;        3992,884
64,74929;        3992,902
64,57986;        3992,921
64,57771;        3992,939
64,63793;        3992,958
64,70218;        3992,975
64,783;        3992,991
64,84562;        3993,007
64,91503;        3993,026
64,89453;        3993,043
64,80853;        3993,061
64,73069;        3993,078
64,72318;        3993,095
64,60047;        3993,115
64,55407;        3993,132
64,42057;        3993,148
64,39914;        3993,167
64,45948;        3993,184
64,43345;        3993,201
64,36113;        3993,219
64,36163;        3993,236
64,36205;        3993,253
64,37434;        3993,271
64,30721;        3993,289
64,26556;        3993,308
64,31178;        3993,33
64,30614;        3993,347
64,21092;        3993,364
64,11816;        3993,383
64,15811;        3993,401
64,26111;        3993,42
64,31811;        3993,44
64,35;        3993,458
64,33129;        3993,476
64,22297;        3993,494
64,18736;        3993,513
64,14126;        3993,531
64,15489;        3993,55
64,10781;        3993,569
64,06146;        3993,587
64,03574;        3993,605
64,10208;        3993,623
64,22363;        3993,641
64,30102;        3993,659
64,32843;        3993,677
64,44167;        3993,695
64,51488;        3993,712
64,58334;        3993,731
64,61275;        3993,749
64,5633;        3993,768
64,56841;        3993,786
64,81714;        3993,807
65,2323;        3993,825
65,50489;        3993,844
65,54055;        3993,862
65,39951;        3993,881
65,20409;        3993,9
65,07704;        3993,918
65,00096;        3993,936
64,72923;        3993,954
64,48671;        3993,973
64,27001;        3993,99
64,0929;        3994,01
64,05862;        3994,03
64,13098;        3994,052
64,19901;        3994,071
64,37244;        3994,089
64,50701;        3994,108
64,52332;        3994,125
64,5475;        3994,144
64,61269;        3994,16
64,66136;        3994,177
64,61984;        3994,195
64,54547;        3994,214
64,56583;        3994,233
64,64312;        3994,25
64,78026;        3994,268
64,81642;        3994,286
65,04329;        3994,304
65,32706;        3994,322
65,5349;        3994,341
66,07676;        3994,359
65,96744;        3994,376
66,29222;        3994,394
68,05513;        3994,411
69,49364;        3994,429
71,61275;        3994,447
72,86122;        3994,466
76,80882;        3994,484
82,28677;        3994,502
88,26262;        3994,521
93,22028;        3994,538
95,12785;        3994,556
98,2851;        3994,574
100,8466;        3994,591
101,5127;        3994,61
101,0604;        3994,628
101,2945;        3994,647
101,6399;        3994,666
101,8543;        3994,685
102,2137;        3994,705
102,8434;        3994,722
103,6294;        3994,741
104,196;        3994,761
104,569;        3994,781
104,5614;        3994,797
104,6926;        3994,815
104,7516;        3994,834
104,716;        3994,852
104,6907;        3994,87
104,6396;        3994,888
104,6172;        3994,905
104,2974;        3994,923
103,9063;        3994,942
103,6638;        3994,959
103,5428;        3994,974
103,0583;        3994,99
102,7903;        3995,006
102,1156;        3995,023
101,4781;        3995,037
101,1394;        3995,053
100,6848;        3995,07
100,1724;        3995,087
99,92432;        3995,105
99,66723;        3995,123
99,76154;        3995,139
100,074;        3995,157
100,6235;        3995,176
101,193;        3995,194
101,6749;        3995,211
102,2568;        3995,229
102,915;        3995,248
103,3702;        3995,265
103,9783;        3995,283
104,2335;        3995,3
104,2276;        3995,317
104,5928;        3995,335
104,7547;        3995,353
105,1499;        3995,371
105,3151;        3995,389
105,4048;        3995,407
105,3035;        3995,427
105,1438;        3995,445
105,0672;        3995,465
105,1275;        3995,482
105,156;        3995,501
105,1601;        3995,521
105,0999;        3995,538
105,1016;        3995,557
105,1151;        3995,575
105,2155;        3995,594
105,2307;        3995,612
105,2103;        3995,628
105,1657;        3995,648
105,1845;        3995,663
105,2024;        3995,683
105,2403;        3995,7
105,2774;        3995,717
105,3641;        3995,734
105,4979;        3995,75
105,6781;        3995,768
105,7666;        3995,786
105,9301;        3995,802
105,981;        3995,819
106,1014;        3995,834
106,1627;        3995,85
106,1916;        3995,867
106,2447;        3995,884
106,2618;        3995,9
106,2993;        3995,917
106,3092;        3995,933
106,3451;        3995,949
106,3641;        3995,966
106,4123;        3995,982
106,455;        3995,997
106,4573;        3996,012
106,4476;        3996,029
106,4498;        3996,046
106,4688;        3996,066
106,5005;        3996,085
106,5198;        3996,105
106,569;        3996,124
106,6254;        3996,142
106,6502;        3996,161
106,6576;        3996,179
106,6544;        3996,198
106,6371;        3996,217
106,6257;        3996,237
106,6169;        3996,255
106,6054;        3996,274
106,6144;        3996,292
106,6444;        3996,31
106,6422;        3996,327
106,6837;        3996,347
106,6707;        3996,366
106,7122;        3996,385
106,7302;        3996,402
106,7406;        3996,421
106,7775;        3996,439
106,7961;        3996,457
106,8478;        3996,476
106,9229;        3996,495
106,9921;        3996,514
107,0215;        3996,532
107,0908;        3996,553
107,1362;        3996,572
107,1748;        3996,591
107,2299;        3996,61
107,3082;        3996,627
107,3341;        3996,646
107,3842;        3996,667
107,4204;        3996,683
107,4564;        3996,702
107,5084;        3996,722
107,5595;        3996,741
107,625;        3996,759
107,6519;        3996,777
107,7446;        3996,796
107,782;        3996,816
107,7749;        3996,837
107,7523;        3996,855
107,8028;        3996,876
107,9743;        3996,894
108,208;        3996,911
108,2829;        3996,932
108,3622;        3996,95
108,4869;        3996,969
108,5151;        3996,987
108,5418;        3997,004
108,5334;        3997,023
108,4638;        3997,042
108,3394;        3997,062
108,2059;        3997,083
108,0362;        3997,101
107,8525;        3997,12
107,7313;        3997,139
107,6882;        3997,156
107,5386;        3997,174
107,3489;        3997,193
106,9538;        3997,213
106,446;        3997,233
105,9468;        3997,252
105,4432;        3997,27
104,9167;        3997,289
104,6516;        3997,307
104,2261;        3997,326
104,0987;        3997,345
104,2863;        3997,365
104,4755;        3997,385
104,515;        3997,404
104,35;        3997,423
104,1792;        3997,442
104,0013;        3997,461
103,595;        3997,479
102,9105;        3997,498
101,9942;        3997,519
101,5368;        3997,538
100,5685;        3997,555
99,67695;        3997,574
98,58743;        3997,593
96,96184;        3997,612
95,48666;        3997,63
93,79618;        3997,649
93,07015;        3997,667
91,61474;        3997,685
90,17406;        3997,704
88,76268;        3997,722
87,37612;        3997,74
85,97865;        3997,759
85,71424;        3997,777
83,98567;        3997,796
81,87518;        3997,816
79,31272;        3997,834
77,1664;        3997,852
74,88737;        3997,871
72,82126;        3997,888
71,93279;        3997,906
70,34594;        3997,924
68,84703;        3997,942
67,23367;        3997,959
66,45807;        3997,977
65,25155;        3997,996
64,19094;        3998,013
63,68633;        3998,029
63,44615;        3998,049
63,20926;        3998,065
62,51513;        3998,083
61,88874;        3998,1
61,61339;        3998,116
61,24106;        3998,135
61,02404;        3998,152
60,75342;        3998,168
60,58385;        3998,186
60,41581;        3998,203
60,27717;        3998,22
60,15615;        3998,237
59,94191;        3998,254
59,83059;        3998,271
59,60027;        3998,289
59,54733;        3998,306
59,49941;        3998,323
59,45404;        3998,339
59,23573;        3998,358
59,17525;        3998,377
58,7562;        3998,396
58,75355;        3998,416
58,69047;        3998,435
58,49569;        3998,453
58,27391;        3998,472
58,07315;        3998,493
57,98611;        3998,511
58,01539;        3998,528
58,03136;        3998,547
57,97429;        3998,567
57,94965;        3998,585
57,99208;        3998,606
58,08543;        3998,627
58,25494;        3998,646
58,39095;        3998,666
58,4618;        3998,686
58,57908;        3998,704
58,64317;        3998,722
58,63122;        3998,74
58,66903;        3998,762
58,70651;        3998,784
58,61448;        3998,803
58,46988;        3998,821
58,44387;        3998,84
58,52299;        3998,859
58,54437;        3998,877
58,47842;        3998,896
58,47534;        3998,915
58,52818;        3998,932
58,63543;        3998,95
58,74726;        3998,968
58,73755;        3998,985
58,72446;        3999,002
58,76116;        3999,019
58,79047;        3999,035
58,83497;        3999,052
58,83239;        3999,07
58,75446;        3999,087
58,74494;        3999,103
58,79271;        3999,122
58,82335;        3999,141
58,80872;        3999,159
58,82206;        3999,177
58,86732;        3999,194
58,93532;        3999,212
59,00945;        3999,228
59,06699;        3999,243
59,30562;        3999,262
59,72483;        3999,281
60,10626;        3999,297
60,7707;        3999,313
61,68409;        3999,329
61,94935;        3999,346
62,8534;        3999,364
64,40356;        3999,382
66,30923;        3999,399
68,175;        3999,417
69,00738;        3999,436
70,84287;        3999,455
72,99917;        3999,476
75,46427;        3999,495
77,86588;        3999,513
80,30197;        3999,531
82,79685;        3999,549
85,04303;        3999,567
86,31841;        3999,587
89,30676;        3999,605
91,79063;        3999,624
93,86027;        3999,642
95,58128;        3999,66
97,31636;        3999,679
98,40811;        3999,697
100,5067;        3999,715
102,0196;        3999,734
103,6025;        3999,751
104,2433;        3999,77
104,4868;        3999,79
104,3106;        3999,807
104,0173;        3999,826
103,6952;        3999,846
103,5871;        3999,865
103,6944;        3999,885
103,9014;        3999,904
104,1293;        3999,921
104,215;        3999,94
104,1451;        3999,958
104,0509;        3999,977
103,9502;        3999,995
103,8726;        4000,016
103,8508;        4000,034
103,8444;        4000,052
103,8558;        4000,07
103,8567;        4000,089
103,8099;        4000,11
103,7326;        4000,129
103,7407;        4000,148
103,6998;        4000,167
103,7013;        4000,186
103,6936;        4000,205
103,6311;        4000,223
103,6088;        4000,242
103,673;        4000,262
103,6456;        4000,28
103,5788;        4000,299
103,5992;        4000,316
103,6597;        4000,334
103,6977;        4000,353
103,7326;        4000,372
103,7696;        4000,389
103,8253;        4000,407
103,8857;        4000,425
103,9382;        4000,444
104,0335;        4000,463
104,1664;        4000,482
104,2813;        4000,499
104,3345;        4000,516
104,4028;        4000,534
104,4695;        4000,552
104,5386;        4000,569
104,5939;        4000,585
104,7119;        4000,603
104,8052;        4000,622
104,8538;        4000,638
104,8856;        4000,655
104,8886;        4000,673
104,9098;        4000,691
104,9623;        4000,708
105,0167;        4000,726
105,0544;        4000,743
105,1436;        4000,761
105,2562;        4000,779
105,3286;        4000,799
105,2099;        4000,818
105,1037;        4000,835
104,9697;        4000,854
105,1387;        4000,872
105,4111;        4000,888
105,5564;        4000,906
105,7178;        4000,921
105,7544;        4000,938
105,7689;        4000,956
105,8823;        4000,973
106,088;        4000,989
106,1948;        4001,005
106,3059;        4001,023
106,3676;        4001,04
106,3627;        4001,057
106,4166;        4001,072
106,4053;        4001,087
106,3787;        4001,103
106,2752;        4001,118
106,212;        4001,134
106,216;        4001,15
106,2373;        4001,166
106,1602;        4001,182
106,1114;        4001,199
106,2063;        4001,216
106,1641;        4001,233
106,0015;        4001,25
106,033;        4001,266
106,0671;        4001,283
106,1029;        4001,299
106,1742;        4001,315
106,0771;        4001,329
106,2398;        4001,345
106,1815;        4001,361
105,9851;        4001,377
105,4805;        4001,394
104,8567;        4001,413
104,0098;        4001,429
103,5548;        4001,446
102,4738;        4001,467
100,9284;        4001,485
99,04016;        4001,503
96,90606;        4001,521
94,68277;        4001,539
93,72641;        4001,557
91,75283;        4001,574
89,18013;        4001,591
86,78484;        4001,608
85,53047;        4001,625
82,9249;        4001,643
80,1567;        4001,662
77,68771;        4001,68
76,78897;        4001,696
74,86567;        4001,714
72,53763;        4001,73
71,89555;        4001,747
70,49619;        4001,765
69,01244;        4001,781
67,74577;        4001,799
67,26068;        4001,814
66,40285;        4001,833
65,67581;        4001,849
65,57563;        4001,866
65,41622;        4001,884
65,12927;        4001,899
64,76064;        4001,916
64,42643;        4001,933
63,8866;        4001,949
63,64392;        4001,966
63,39723;        4001,984
63,02013;        4002,001
62,31766;        4002,02
61,40734;        4002,037
60,75824;        4002,055
60,10226;        4002,073
59,2914;        4002,09
58,64302;        4002,109
58,26656;        4002,126
57,30088;        4002,143
56,44748;        4002,159
56,07717;        4002,176
55,55835;        4002,192
55,29857;        4002,209
55,15765;        4002,225
55,07116;        4002,242
55,31208;        4002,26
55,57299;        4002,277
56,98529;        4002,294
58,59186;        4002,312
60,87319;        4002,33
62,02489;        4002,348
64,00549;        4002,366
66,82568;        4002,382
70,34917;        4002,4
72,75661;        4002,417
77,69768;        4002,433
83,7401;        4002,45
88,02019;        4002,466
94,4608;        4002,485
97,88263;        4002,501
98,55888;        4002,518
95,8235;        4002,535
97,17296;        4002,552
97,51939;        4002,57
97,89732;        4002,587
97,98515;        4002,605
98,3519;        4002,625
98,46214;        4002,643
98,41937;        4002,663
98,44803;        4002,681
98,46888;        4002,699
98,70617;        4002,719
99,07507;        4002,736
99,37164;        4002,754
99,52673;        4002,772
99,60997;        4002,789
99,67475;        4002,808
99,77343;        4002,825
100,2536;        4002,843
100,8;        4002,86
101,1133;        4002,876
101,4687;        4002,894
101,8725;        4002,912
102,3403;        4002,93
102,7071;        4002,949
102,9548;        4002,965
103,1759;        4002,982
103,1038;        4003
102,8839;        4003,017
101,3934;        4003,033
100,9457;        4003,047
98,81224;        4003,062
94,59827;        4003,078
92,72604;        4003,093
86,42638;        4003,109
83,57531;        4003,125
76,65502;        4003,141
75,87819;        4003,157
67,92111;        4003,173
65,30405;        4003,188
58,45472;        4003,204
60,99106;        4003,22
66,95052;        4003,235
66,02417;        4003,25
69,90647;        4003,265
64,39826;        4003,28
57,74692;        4003,297
55,90121;        4003,311
51,09249;        4003,327
48,57339;        4003,344
48,45271;        4003,36
50,02034;        4003,377
50,19059;        4003,393
52,65597;        4003,412
55,45971;        4003,428
56,93258;        4003,446
55,61993;        4003,463
52,83026;        4003,479
50,42959;        4003,498
48,91753;        4003,515
49,00743;        4003,533
49,34067;        4003,551
50,55951;        4003,569
51,82578;        4003,586
52,69875;        4003,603
52,93555;        4003,622
52,50012;        4003,638
51,99194;        4003,656
51,82233;        4003,674
51,8192;        4003,69
51,90051;        4003,707
51,85421;        4003,724
51,80048;        4003,741
51,8161;        4003,757
51,72999;        4003,773
51,72906;        4003,789
51,59665;        4003,806
51,65298;        4003,824
51,80191;        4003,841
51,87784;        4003,857
51,88635;        4003,877
51,85079;        4003,894
51,7212;        4003,912
51,56926;        4003,931
51,47458;        4003,946
51,42464;        4003,963
51,4123;        4003,982
51,44785;        4004,001
51,56439;        4004,019
51,65536;        4004,035
51,72295;        4004,053
51,69606;        4004,071
51,63048;        4004,089
51,65014;        4004,106
51,66324;        4004,127
51,60728;        4004,146
51,49656;        4004,167
51,401;        4004,187
51,36443;        4004,208
51,38554;        4004,227
51,30122;        4004,246
51,25116;        4004,265
51,1841;        4004,284
51,00059;        4004,303
50,78451;        4004,322
50,60252;        4004,34
50,42703;        4004,359
50,24668;        4004,379
50,06678;        4004,397
49,89396;        4004,416
49,71111;        4004,434
49,49298;        4004,451
49,4146;        4004,468
49,47228;        4004,487
49,54382;        4004,504
49,536;        4004,521
49,41098;        4004,54
49,27285;        4004,558
49,16576;        4004,574
49,12607;        4004,59
49,11749;        4004,608
49,19172;        4004,625
49,34542;        4004,642
49,54276;        4004,66
49,58746;        4004,676
49,63473;        4004,693
49,70845;        4004,711
49,74539;        4004,727
49,809;        4004,746
49,76574;        4004,764
49,68773;        4004,784
49,65961;        4004,803
49,68192;        4004,822
49,66133;        4004,84
49,56358;        4004,859
49,4179;        4004,877
49,32999;        4004,896
49,43574;        4004,913
49,50066;        4004,932
49,46513;        4004,95
49,39871;        4004,969
48,70678;        4004,986
48,93315;        4005,004
50,27162;        4005,022
52,88046;        4005,04
56,72982;        4005,058
59,48875;        4005,077
64,53087;        4005,095
69,84236;        4005,114
74,30446;        4005,131
79,00346;        4005,148
80,40666;        4005,165
81,30219;        4005,182
81,83434;        4005,196
83,77267;        4005,215
85,32157;        4005,229
85,35905;        4005,245
85,81308;        4005,259
85,87782;        4005,276
86,54769;        4005,291
87,25773;        4005,306
88,26441;        4005,323
88,43078;        4005,341
88,01959;        4005,358
88,00259;        4005,376
87,6235;        4005,396
87,3986;        4005,416
86,71706;        4005,434
86,22758;        4005,453
85,59691;        4005,47
85,02469;        4005,489
84,88165;        4005,506
84,54946;        4005,523
83,89103;        4005,54
82,35908;        4005,558
81,13335;        4005,575
79,72212;        4005,592
78,14201;        4005,609
77,23882;        4005,627
76,28037;        4005,644
73,8874;        4005,662
72,71013;        4005,678
72,16202;        4005,694
70,28006;        4005,71
69,22999;        4005,726
67,5944;        4005,745
66,37151;        4005,764
65,73234;        4005,783
65,48939;        4005,802
65,26273;        4005,82
64,76018;        4005,838
64,72057;        4005,858
65,29975;        4005,876
65,35037;        4005,895
65,2821;        4005,912
64,37962;        4005,929
62,90187;        4005,947
61,73297;        4005,963
61,70162;        4005,98
62,26655;        4005,998
62,50761;        4006,015
62,44947;        4006,032
62,29993;        4006,049
62,08231;        4006,067
62,09586;        4006,084
62,21053;        4006,101
62,17395;        4006,119
62,00376;        4006,137
61,81525;        4006,155
61,80467;        4006,173
61,78372;        4006,189
61,93245;        4006,206
62,06654;        4006,225
62,22643;        4006,243
62,30768;        4006,262
62,41094;        4006,281
62,49799;        4006,299
62,5126;        4006,317
62,44181;        4006,334
62,42287;        4006,354
62,41553;        4006,373
62,39413;        4006,391
62,39413;        4006,408
62,28229;        4006,426
62,174;        4006,443
62,15181;        4006,46
62,17494;        4006,476
62,12714;        4006,494
62,08981;        4006,512
61,98029;        4006,529
61,97508;        4006,546
61,95816;        4006,564
61,89766;        4006,581
61,80894;        4006,6
61,77734;        4006,617
61,81153;        4006,635
61,88279;        4006,652
62,04512;        4006,669
61,92169;        4006,687
61,37393;        4006,705
60,87033;        4006,721
60,68332;        4006,739
60,51512;        4006,755
60,91902;        4006,771
61,25905;        4006,789
60,98153;        4006,806
61,49804;        4006,824
62,99567;        4006,842
64,67246;        4006,86
66,40321;        4006,879
67,17742;        4006,896
70,75372;        4006,914
75,56033;        4006,932
80,80193;        4006,952
85,40639;        4006,974
85,82861;        4006,993
79,38415;        4007,015
81,15194;        4007,031
80,17321;        4007,049
83,0611;        4007,065
86,47515;        4007,083
86,72703;        4007,099
85,094;        4007,116
83,05338;        4007,134
82,40997;        4007,15
83,90263;        4007,166
84,83235;        4007,186
83,99031;        4007,205
82,4604;        4007,222
82,06821;        4007,24
81,91424;        4007,258
81,46224;        4007,276
82,32793;        4007,294
84,48772;        4007,313
84,73225;        4007,329
86,04103;        4007,349
85,63808;        4007,367
85,76928;        4007,385
87,03342;        4007,404
87,96742;        4007,422
88,84412;        4007,44
89,25958;        4007,458
89,64341;        4007,477
89,76251;        4007,496
89,57822;        4007,515
88,94318;        4007,535
88,35544;        4007,553
88,28603;        4007,572
88,1329;        4007,59
87,80559;        4007,608
87,60852;        4007,625
86,91219;        4007,644
86,2662;        4007,662
85,63384;        4007,68
85,13636;        4007,698
85,15636;        4007,717
84,7627;        4007,735
84,2411;        4007,754
83,37038;        4007,772
82,86978;        4007,793
82,21333;        4007,812
82,07707;        4007,831
82,31289;        4007,851
82,68266;        4007,869
83,14121;        4007,893
83,8452;        4007,912
84,64445;        4007,931
85,52741;        4007,95
86,3822;        4007,969
86,99831;        4007,988
87,47047;        4008,007
87,6567;        4008,026
88,04324;        4008,043
88,40034;        4008,063
88,69856;        4008,081
89,05534;        4008,099
89,81059;        4008,118
90,01422;        4008,136
90,18763;        4008,154
90,68294;        4008,171
90,34523;        4008,19
89,92151;        4008,209
89,54027;        4008,23
89,33488;        4008,251
89,26334;        4008,269
89,28212;        4008,286
89,19044;        4008,305
89,1299;        4008,324
89,15099;        4008,343
89,24209;        4008,361
89,34202;        4008,38
89,39578;        4008,399
89,41679;        4008,416
89,55287;        4008,434
89,68721;        4008,451
89,75639;        4008,47
89,91319;        4008,487
90,04691;        4008,504
90,16277;        4008,521
90,16131;        4008,54
90,1108;        4008,558
90,14538;        4008,576
90,18426;        4008,594
90,16856;        4008,612
90,13902;        4008,63
90,15102;        4008,647
90,1897;        4008,665
90,22305;        4008,682
90,26445;        4008,699
90,34865;        4008,716
90,37304;        4008,733
90,45795;        4008,75
90,53297;        4008,766
90,57988;        4008,784
90,60399;        4008,801
90,65318;        4008,818
90,69393;        4008,835
90,82651;        4008,852
90,98003;        4008,871
91,19505;        4008,888
91,28757;        4008,907
91,43808;        4008,927
91,52628;        4008,946
91,63554;        4008,966
91,74211;        4008,986
91,84766;        4009,005
91,92097;        4009,023
91,92576;        4009,04
91,78976;        4009,057
91,71915;        4009,074
91,81767;        4009,091
91,6993;        4009,109
91,55598;        4009,127
91,46467;        4009,145
91,42813;        4009,163
91,43371;        4009,181
91,48407;        4009,199
91,54621;        4009,218
91,57927;        4009,236
91,55885;        4009,255
91,51622;        4009,274
91,43636;        4009,292
91,36821;        4009,31
91,36681;        4009,326
91,33733;        4009,344
91,31919;        4009,361
91,27314;        4009,378
91,29075;        4009,397
91,27873;        4009,413
91,34473;        4009,429
91,38338;        4009,447
91,44621;        4009,465
91,49184;        4009,482
91,51863;        4009,499
91,55461;        4009,517
91,57233;        4009,534
91,58912;        4009,551
91,56221;        4009,569
91,63122;        4009,588
91,68105;        4009,605
91,84608;        4009,624
92,04996;        4009,643
92,24751;        4009,66
92,38669;        4009,68
92,53814;        4009,698
92,65112;        4009,717
92,71218;        4009,736
92,74893;        4009,754
92,72862;        4009,771
92,62669;        4009,791
92,44037;        4009,81
92,25822;        4009,828
92,23371;        4009,845
92,16183;        4009,865
92,09093;        4009,882
92,05495;        4009,899
92,06188;        4009,918
92,1394;        4009,939
92,25415;        4009,958
92,33056;        4009,975
92,52376;        4009,993
92,82177;        4010,013
93,05103;        4010,033
93,28963;        4010,052
93,54214;        4010,07
93,5177;        4010,09
93,53352;        4010,109
93,62444;        4010,128
93,6831;        4010,148
93,67775;        4010,167
93,64864;        4010,185
93,57233;        4010,203
93,55304;        4010,223
93,63831;        4010,243
93,70216;        4010,263
93,74796;        4010,282
93,83573;        4010,3
93,96332;        4010,318
94,02344;        4010,335
94,05159;        4010,353
94,06316;        4010,371
94,04899;        4010,391
94,05029;        4010,409
94,08077;        4010,428
94,09801;        4010,449
94,12563;        4010,467
94,18365;        4010,485
94,26128;        4010,502
94,26312;        4010,52
94,26769;        4010,538
94,27531;        4010,557
94,2765;        4010,574
94,27979;        4010,592
94,30542;        4010,61
94,33683;        4010,628
94,34004;        4010,648
94,30765;        4010,668
94,27077;        4010,685
94,21236;        4010,704
94,05976;        4010,722
93,8532;        4010,74
93,44341;        4010,76
92,98499;        4010,778
92,43757;        4010,797
92,08483;        4010,816
91,38601;        4010,834
90,60523;        4010,853
89,7981;        4010,871
89,15242;        4010,89
88,67558;        4010,909
88,54914;        4010,927
88,2437;        4010,948
88,25837;        4010,965
88,31071;        4010,983
88,42635;        4011,001
88,59561;        4011,019
88,7281;        4011,037
89,0153;        4011,055
89,26526;        4011,074
89,39565;        4011,092
89,44196;        4011,108
89,45547;        4011,126
89,45773;        4011,144
89,37376;        4011,162
89,3295;        4011,181
89,28876;        4011,206
89,14092;        4011,223
88,97346;        4011,238
88,84029;        4011,255
88,63762;        4011,271
88,31398;        4011,289
88,11198;        4011,306
87,81245;        4011,322
87,45366;        4011,337
87,23595;        4011,352
86,87914;        4011,367
86,7703;        4011,384
86,60649;        4011,4
86,56334;        4011,417
86,61215;        4011,436
86,81894;        4011,454
87,10448;        4011,472
87,39978;        4011,489
88,28928;        4011,508
88,54401;        4011,525
89,19755;        4011,542
89,73705;        4011,56
90,18926;        4011,578
90,62895;        4011,597
90,8181;        4011,615
91,03692;        4011,632
91,18633;        4011,648
91,24979;        4011,665
91,34699;        4011,685
91,405;        4011,704
91,49064;        4011,723
91,62283;        4011,743
91,73679;        4011,766
91,85063;        4011,786
91,92834;        4011,805
92,03285;        4011,822
92,14373;        4011,84
92,20605;        4011,859
92,20871;        4011,876
92,2324;        4011,895
92,29729;        4011,914
92,32916;        4011,931
92,36134;        4011,949
92,37526;        4011,967
92,38761;        4011,985
92,41319;        4012,003
92,50526;        4012,023
92,67555;        4012,04
92,7522;        4012,057
92,90599;        4012,075
93,02972;        4012,092
93,11639;        4012,109
93,14736;        4012,127
93,15616;        4012,145
93,12749;        4012,166
93,08144;        4012,183
93,06184;        4012,201
93,04375;        4012,219
93,02755;        4012,236
93,04051;        4012,253
93,04809;        4012,271
93,0406;        4012,288
93,02116;        4012,305
92,99236;        4012,324
92,96352;        4012,342
92,95585;        4012,359
92,95559;        4012,376
92,95322;        4012,394
92,95869;        4012,411
92,97116;        4012,43
92,99039;        4012,448
92,99102;        4012,467
92,9922;        4012,484
92,98258;        4012,503
92,98307;        4012,521
92,9953;        4012,539
92,99129;        4012,556
92,97263;        4012,572
92,99054;        4012,589
92,98866;        4012,608
92,9761;        4012,626
92,96372;        4012,643
92,96501;        4012,661
92,95705;        4012,68
92,94073;        4012,699
92,93948;        4012,717
92,94993;        4012,735
92,93009;        4012,751
92,92081;        4012,77
92,91743;        4012,787
92,91722;        4012,804
92,91766;        4012,823
92,93653;        4012,842
92,94519;        4012,86
92,91851;        4012,878
92,93062;        4012,897
92,93651;        4012,915
92,93975;        4012,933
92,93751;        4012,952
92,93795;        4012,97
92,9232;        4012,988
92,90772;        4013,008
92,89771;        4013,026
92,87206;        4013,043
92,82405;        4013,061
92,82599;        4013,081
92,84911;        4013,098
92,87343;        4013,116
92,86617;        4013,135
92,85207;        4013,154
92,88403;        4013,173
92,88669;        4013,191
92,90458;        4013,208
92,89622;        4013,227
92,87924;        4013,244
92,87473;        4013,261
92,87194;        4013,28
92,89576;        4013,297
92,89252;        4013,314
92,8804;        4013,331
92,8637;        4013,349
92,84409;        4013,366
92,84733;        4013,384
92,87249;        4013,402
92,85046;        4013,42
92,84813;        4013,438
92,8707;        4013,457
92,87973;        4013,474
92,87397;        4013,492
92,85481;        4013,51
92,86434;        4013,527
92,88347;        4013,546
92,89603;        4013,564
92,85848;        4013,583
92,76382;        4013,601
92,70536;        4013,622
92,58561;        4013,641
92,30669;        4013,658
92,13734;        4013,676
91,76251;        4013,694
91,3633;        4013,713
90,77277;        4013,731
90,25925;        4013,749
89,7897;        4013,767
89,577;        4013,785
89,12457;        4013,803
88,72907;        4013,822
88,61651;        4013,84
88,33435;        4013,857
88,16357;        4013,878
88,10829;        4013,896
88,07447;        4013,913
88,06408;        4013,933
88,08211;        4013,95
88,18665;        4013,968
88,30992;        4013,986
88,48537;        4014,004
88,66152;        4014,022
88,92446;        4014,04
89,20794;        4014,059
89,34494;        4014,076
89,66066;        4014,094
89,96368;        4014,112
90,24944;        4014,132
90,49658;        4014,149
90,65131;        4014,168
90,66276;        4014,186
90,66505;        4014,202
90,6825;        4014,219
90,67355;        4014,237
90,61588;        4014,255
90,55968;        4014,272
90,48882;        4014,289
90,44563;        4014,306
90,42453;        4014,325
90,46713;        4014,343
90,41071;        4014,361
90,33798;        4014,381
90,33571;        4014,399
90,29752;        4014,416
90,25238;        4014,435
90,24086;        4014,453
90,21321;        4014,472
90,20553;        4014,489
90,23863;        4014,507
90,22536;        4014,524
90,15949;        4014,542
90,14155;        4014,561
90,0994;        4014,579
90,00847;        4014,597
89,98052;        4014,615
89,92131;        4014,633
89,83516;        4014,65
89,77075;        4014,668
89,76196;        4014,686
89,69875;        4014,703
89,66182;        4014,722
89,69322;        4014,74
89,7175;        4014,759
89,73939;        4014,777
89,76125;        4014,795
89,78316;        4014,813
89,82005;        4014,831
89,81275;        4014,849
89,80328;        4014,866
89,78357;        4014,884
89,74913;        4014,902
89,71516;        4014,919
89,66938;        4014,936
89,62043;        4014,952
89,58479;        4014,97
89,60127;        4014,988
89,58181;        4015,005
89,56898;        4015,022
89,60557;        4015,039
89,6313;        4015,056
89,65041;        4015,073
89,65234;        4015,089
89,68802;        4015,105
89,74187;        4015,121
89,77814;        4015,137
89,80712;        4015,153
89,81467;        4015,169
89,79677;        4015,187
89,81493;        4015,204
89,80591;        4015,22
89,80229;        4015,236
89,78125;        4015,252
89,76887;        4015,268
89,7627;        4015,284
89,76497;        4015,302
89,76122;        4015,318
89,74777;        4015,334
89,7477;        4015,35
89,75525;        4015,366
89,77399;        4015,383
89,77621;        4015,399
89,7761;        4015,416
89,77992;        4015,434
89,78918;        4015,451
89,786;        4015,469
89,77189;        4015,488
89,75884;        4015,506
89,74831;        4015,524
89,70518;        4015,541
89,67906;        4015,559
89,65246;        4015,576
89,63746;        4015,594
89,61264;        4015,613
89,58447;        4015,63
89,56813;        4015,647
89,56615;        4015,665
89,57202;        4015,682
89,56537;        4015,7
89,57455;        4015,717
89,59662;        4015,735
89,60397;        4015,751
89,60818;        4015,769
89,60065;        4015,787
89,60831;        4015,805
89,61401;        4015,822
89,6198;        4015,839
89,62136;        4015,857
89,61964;        4015,874
89,61552;        4015,891
89,61813;        4015,908
89,61329;        4015,926
89,60938;        4015,944
89,60649;        4015,962
89,59614;        4015,98
89,59099;        4015,998
89,57185;        4016,016
89,55584;        4016,032
89,53132;        4016,05
89,52383;        4016,067
89,52702;        4016,085
89,52937;        4016,103
89,52039;        4016,12
89,51874;        4016,138
89,53351;        4016,156
89,5556;        4016,173
89,56205;        4016,193
89,58466;        4016,21
89,58955;        4016,227
89,59071;        4016,244
89,59403;        4016,262
89,57741;        4016,278
89,57586;        4016,295
89,56763;        4016,313
89,58047;        4016,331
89,58891;        4016,348
89,58787;        4016,366
89,56424;        4016,384
89,52522;        4016,402
89,49069;        4016,421
89,45378;        4016,438
89,44317;        4016,457
89,4391;        4016,475
89,45191;        4016,493
89,47254;        4016,51
89,48259;        4016,528
89,50955;        4016,549
89,54402;        4016,566
89,59999;        4016,584
89,69192;        4016,602
89,8202;        4016,621
89,94845;        4016,639
90,11289;        4016,659
90,2426;        4016,677
90,30527;        4016,694
90,38299;        4016,712
90,44815;        4016,729
90,46494;        4016,747
90,44569;        4016,765
90,43854;        4016,782
90,43119;        4016,8
90,44701;        4016,818
90,47455;        4016,836
90,57348;        4016,853
90,76611;        4016,872
91,06002;        4016,889
91,38898;        4016,908
91,61689;        4016,927
92,16624;        4016,945
92,76446;        4016,964
93,40025;        4016,983
94,05993;        4017
94,74341;        4017,018
95,09052;        4017,035
95,69244;        4017,052
95,9476;        4017,067
96,30826;        4017,083
96,51268;        4017,1
96,47817;        4017,115
96,51134;        4017,131
96,28754;        4017,148
96,12199;        4017,164
95,83438;        4017,181
95,63285;        4017,198
95,51199;        4017,215
95,3138;        4017,231
95,03102;        4017,248
94,92534;        4017,265
94,70351;        4017,282
94,35783;        4017,298
94,0798;        4017,315
94,13058;        4017,331
93,64442;        4017,348
93,16687;        4017,364
92,68261;        4017,38
92,13575;        4017,398
91,36089;        4017,416
90,52321;        4017,434
89,91805;        4017,452
89,83911;        4017,469
89,41263;        4017,487
89,07677;        4017,504
88,82298;        4017,522
88,70594;        4017,538
88,69331;        4017,555
88,81857;        4017,573
88,94073;        4017,593
88,85616;        4017,612
88,64316;        4017,632
88,44734;        4017,652
88,08302;        4017,67
87,4497;        4017,688
87,2133;        4017,705
86,09097;        4017,725
84,64639;        4017,745
83,53289;        4017,763
82,76219;        4017,78
82,53134;        4017,798
82,9256;        4017,815
83,08112;        4017,833
83,88058;        4017,85
85,86769;        4017,868
87,72231;        4017,885
90,36877;        4017,902
92,48086;        4017,918
91,63722;        4017,937
92,28498;        4017,957
93,81761;        4017,975
95,52346;        4017,994
96,47512;        4018,011
99,00846;        4018,029
101,8252;        4018,048
105,3257;        4018,065
110,2101;        4018,083
113,4613;        4018,102
114,3913;        4018,119
112,9469;        4018,136
113,871;        4018,153
113,892;        4018,168
116,1493;        4018,185
118,4559;        4018,203
118,9536;        4018,219
118,5029;        4018,236
119,2839;        4018,252
119,3528;        4018,269
118,5936;        4018,286
118,3331;        4018,303
118,9123;        4018,32
119,2507;        4018,337
119,2553;        4018,353
119,0543;        4018,37
119,1378;        4018,387
119,2664;        4018,403
119,4203;        4018,42
119,5496;        4018,439
119,4486;        4018,456
119,4003;        4018,475
119,3838;        4018,491
119,6095;        4018,509
119,6339;        4018,526
119,4679;        4018,544
119,4273;        4018,562
119,5005;        4018,58
119,5618;        4018,599
119,5877;        4018,616
119,5779;        4018,632
119,5664;        4018,648
119,5871;        4018,666
119,6329;        4018,683
119,6757;        4018,7
119,6893;        4018,716
119,7666;        4018,733
119,7227;        4018,749
119,789;        4018,767
119,7702;        4018,783
119,8088;        4018,799
119,8933;        4018,814
119,9322;        4018,833
119,9375;        4018,85
119,9713;        4018,866
120,0042;        4018,884
120,0037;        4018,901
120,0345;        4018,917
120,0448;        4018,935
120,0123;        4018,952
120,0289;        4018,968
119,9842;        4018,985
119,9911;        4019
120,016;        4019,016
120,0224;        4019,032
120,049;        4019,05
120,0403;        4019,067
120,0521;        4019,084
120,0427;        4019,102
120,0429;        4019,12
120,0214;        4019,136
120,0415;        4019,154
120,07;        4019,169
120,1159;        4019,187
120,1073;        4019,209
120,0798;        4019,227
120,103;        4019,245
120,1125;        4019,264
120,1034;        4019,283
120,1066;        4019,302
120,1021;        4019,321
120,0556;        4019,34
120,0225;        4019,358
119,982;        4019,376
119,9643;        4019,395
119,9506;        4019,413
119,9231;        4019,431
119,9032;        4019,449
119,8874;        4019,469
119,8521;        4019,487
119,8212;        4019,507
119,8213;        4019,524
119,8117;        4019,542
119,8129;        4019,561
119,807;        4019,581
119,8012;        4019,6
119,8006;        4019,62
119,7916;        4019,639
119,7778;        4019,658
119,7962;        4019,675
119,7924;        4019,693
119,7775;        4019,712
119,7527;        4019,733
119,7414;        4019,751
119,7129;        4019,768
119,7176;        4019,787
119,7285;        4019,809
119,7237;        4019,828
119,7172;        4019,928
119,6515;        4019,944
119,5971;        4019,96
119,5836;        4019,976
119,575;        4019,993
119,5716;        4020,008
119,5527;        4020,029
119,5296;        4020,05
119,5344;        4020,068
119,507;        4020,088
119,4774;        4020,107
119,4392;        4020,125
119,406;        4020,144
119,3804;        4020,16
119,3445;        4020,177
119,3348;        4020,196
119,3372;        4020,213
119,3414;        4020,231
119,3547;        4020,248
119,3828;        4020,266
119,395;        4020,282
119,4027;        4020,3
119,4043;        4020,319
119,4024;        4020,34
119,4119;        4020,357
119,4066;        4020,374
119,41;        4020,391
119,4233;        4020,408
119,4045;        4020,426
119,3877;        4020,443
119,3821;        4020,46
119,3595;        4020,477
119,2928;        4020,495
119,2092;        4020,514
119,1383;        4020,532
118,9571;        4020,55
118,8514;        4020,568
118,532;        4020,586
118,1833;        4020,604
117,8588;        4020,623
117,5832;        4020,644
117,3712;        4020,663
117,2914;        4020,682
117,2668;        4020,699
117,0853;        4020,717
116,8902;        4020,736
116,722;        4020,754
116,6213;        4020,772
116,5031;        4020,79
116,4142;        4020,808
116,1555;        4020,826
115,8697;        4020,843
115,8134;        4020,859
115,5512;        4020,876
115,3182;        4020,894
114,9508;        4020,91
114,9933;        4020,928
114,5119;        4020,945
113,5854;        4020,963
112,3096;        4020,98
110,5423;        4020,999
109,7412;        4021,016
108,1367;        4021,034
106,7239;        4021,052
105,2281;        4021,071
104,6504;        4021,088
102,8244;        4021,107
101,0975;        4021,125
99,54481;        4021,143
98,21411;        4021,163
97,00694;        4021,181
96,41267;        4021,198
95,49088;        4021,215
94,69086;        4021,233
93,71688;        4021,251
93,03987;        4021,269
92,26341;        4021,286
91,56733;        4021,305
90,78582;        4021,323
89,98665;        4021,342
89,32041;        4021,359
88,06319;        4021,377
86,53355;        4021,395
84,84348;        4021,412
83,16897;        4021,43
82,20934;        4021,448
80,22416;        4021,466
78,38429;        4021,483
76,28967;        4021,503
74,32459;        4021,522
72,31421;        4021,54
69,88122;        4021,559
68,2856;        4021,577
65,37911;        4021,596
62,70278;        4021,615
60,04343;        4021,635
57,36737;        4021,655
54,82733;        4021,674
53,114;        4021,692
52,02854;        4021,709
51,38645;        4021,726
50,69398;        4021,744
49,86543;        4021,763
48,54602;        4021,782
47,28374;        4021,8
46,58977;        4021,818
45,81653;        4021,835
45,12997;        4021,853
44,51739;        4021,871
44,44408;        4021,892
44,85352;        4021,91
45,22054;        4021,928
44,99827;        4021,947
44,55495;        4021,966
44,59381;        4021,984
44,42968;        4022,003
44,54004;        4022,024
44,6347;        4022,042
44,52478;        4022,061
44,40187;        4022,079
44,3798;        4022,097
44,36723;        4022,115
44,31151;        4022,133
44,20524;        4022,153
44,18468;        4022,17
44,29467;        4022,189
44,34288;        4022,208
44,31622;        4022,228
44,46841;        4022,246
44,43674;        4022,264
44,65241;        4022,282
45,88281;        4022,3
46,93279;        4022,319
47,22482;        4022,337
48,51543;        4022,356
50,6034;        4022,375
52,94105;        4022,393
55,17529;        4022,411
57,24012;        4022,431
59,35093;        4022,45
60,53171;        4022,468
62,75565;        4022,486
65,0054;        4022,503
67,40536;        4022,521
68,4381;        4022,538
70,79991;        4022,555
73,41038;        4022,572
74,99969;        4022,588
77,85818;        4022,605
80,36841;        4022,622
81,46831;        4022,636
83,77596;        4022,653
84,95661;        4022,667
87,35921;        4022,684
90,05416;        4022,699
91,55841;        4022,715
93,92545;        4022,732
95,58781;        4022,749
96,26319;        4022,766
98,40802;        4022,781
100,199;        4022,8
101,6702;        4022,822
102,8416;        4022,839
103,3288;        4022,856
104,1562;        4022,873
105,0905;        4022,889
105,4912;        4022,906
106,9053;        4022,922
107,8709;        4022,939
108,0063;        4022,956
108,0577;        4022,973
108,0032;        4022,989
107,9687;        4023,007
108,1312;        4023,024
107,9681;        4023,041
107,8839;        4023,059
107,9202;        4023,078
107,9303;        4023,097
107,8785;        4023,114
107,7053;        4023,131
107,5849;        4023,147
107,4255;        4023,164
107,375;        4023,182
107,2324;        4023,201
107,3393;        4023,219
107,4528;        4023,236
107,3417;        4023,252
107,0066;        4023,27
106,5912;        4023,287
105,626;        4023,306
104,3134;        4023,324
102,7314;        4023,342
102,0345;        4023,359
100,4095;        4023,375
98,62943;        4023,393
96,63372;        4023,411
95,53783;        4023,428
92,93157;        4023,447
90,18353;        4023,466
87,66233;        4023,483
84,73289;        4023,501
81,7773;        4023,519
80,29974;        4023,535
77,15806;        4023,553
74,00256;        4023,57
72,26889;        4023,588
68,85461;        4023,605
65,64539;        4023,622
63,90542;        4023,638
60,64067;        4023,655
57,71254;        4023,673
54,94273;        4023,692
52,49099;        4023,71
51,5227;        4023,727
49,77251;        4023,745
48,27248;        4023,762
47,06699;        4023,779
46,62506;        4023,798
45,76905;        4023,815
44,96701;        4023,833
44,00819;        4023,85
43,28746;        4023,868
42,30929;        4023,887
41,65333;        4023,906
41,10461;        4023,923
40,9141;        4023,941
40,87813;        4023,959
40,68827;        4023,977
40,48394;        4023,994
40,49604;        4024,011
40,75316;        4024,029
40,9855;        4024,047
41,11369;        4024,064
41,33542;        4024,082
41,54509;        4024,1
41,66929;        4024,118
41,92415;        4024,136
42,14485;        4024,154
42,4858;        4024,172
42,86971;        4024,191
44,05154;        4024,209
45,42387;        4024,226
46,99829;        4024,243
48,85463;        4024,261
50,20191;        4024,279
52,58714;        4024,295
55,37674;        4024,313
58,62085;        4024,331
60,5744;        4024,348
63,90302;        4024,365
67,11474;        4024,383
70,62415;        4024,401
72,37971;        4024,417
76,07841;        4024,435
79,67374;        4024,453
82,28059;        4024,47
83,84385;        4024,487
87,02453;        4024,505
89,98875;        4024,522
92,51883;        4024,539
93,35112;        4024,557
95,40398;        4024,575
97,34129;        4024,592
98,14546;        4024,608
99,99972;        4024,625
101,9801;        4024,642
103,22;        4024,661
103,674;        4024,678
104,3887;        4024,696
104,1241;        4024,715
103,8169;        4024,736
103,493;        4024,755
103,2933;        4024,776
103,3616;        4024,794
103,5272;        4024,811
103,4713;        4024,829
103,2292;        4024,845
103,2441;        4024,861
103,0706;        4024,879
103,1779;        4024,895
103,5051;        4024,911
103,7179;        4024,928
103,8462;        4024,943
103,8722;        4024,961
103,8375;        4024,978
103,921;        4024,996
103,9891;        4025,012
104,0005;        4025,03
103,9922;        4025,048
103,9672;        4025,066
103,9537;        4025,083
103,952;        4025,1
104,0411;        4025,117
104,1422;        4025,135
104,1584;        4025,152
104,1045;        4025,171
104,0533;        4025,189
104,0533;        4025,207
104,1167;        4025,225
104,2458;        4025,242
104,2903;        4025,259
104,3485;        4025,277
104,4562;        4025,294
104,5564;        4025,313
104,6033;        4025,33
104,6115;        4025,348
104,5987;        4025,365
104,5959;        4025,382
104,6856;        4025,399
104,7855;        4025,417
104,8785;        4025,434
104,9853;        4025,452
105,0767;        4025,47
105,0791;        4025,487
105,0361;        4025,506
104,9265;        4025,525
104,8516;        4025,543
104,7717;        4025,562
104,5983;        4025,579
104,3929;        4025,596
103,675;        4025,614
102,5424;        4025,632
101,1431;        4025,65
100,6863;        4025,668
98,97282;        4025,686
96,84173;        4025,703
94,59854;        4025,72
92,33846;        4025,74
91,35423;        4025,758
88,88381;        4025,776
86,32767;        4025,793
83,74063;        4025,811
82,47805;        4025,829
79,62256;        4025,847
76,96452;        4025,865
73,82619;        4025,885
70,72373;        4025,903
67,75291;        4025,921
64,89033;        4025,938
63,4358;        4025,956
60,7924;        4025,974
58,35176;        4025,993
56,15115;        4026,011
55,02287;        4026,029
53,25225;        4026,046
52,14147;        4026,063
50,93571;        4026,081
49,91352;        4026,099
49,50507;        4026,118
48,74884;        4026,138
48,15429;        4026,156
47,83308;        4026,174
47,71474;        4026,19
47,74063;        4026,207
47,78857;        4026,225
47,9776;        4026,242
48,2006;        4026,261
48,75562;        4026,279
49,08817;        4026,297
50,04303;        4026,317
51,56073;        4026,334
53,59726;        4026,351
56,34856;        4026,369
58,08204;        4026,386
62,4661;        4026,403
68,14042;        4026,421
71,9847;        4026,439
79,54432;        4026,457
86,33609;        4026,475
92,92657;        4026,494
96,70386;        4026,513
95,92715;        4026,531
92,33842;        4026,551
92,35185;        4026,57
93,22617;        4026,587
94,40203;        4026,606
95,21926;        4026,623
96,9034;        4026,64
97,54802;        4026,659
98,22896;        4026,676
98,72726;        4026,695
99,18667;        4026,713
99,26386;        4026,731
99,81696;        4026,75
100,2428;        4026,767
100,6857;        4026,786
101,1329;        4026,803
101,8058;        4026,822
102,1144;        4026,84
102,1753;        4026,858
102,2033;        4026,876
102,2312;        4026,893
102,3011;        4026,91
102,3037;        4026,929
102,2028;        4026,947
101,9884;        4026,965
101,7828;        4026,983
101,5447;        4027,002
101,3565;        4027,021
101,2291;        4027,041
101,1789;        4027,058
101,1071;        4027,077
101,0348;        4027,096
100,9867;        4027,115
101,0222;        4027,133
101,1099;        4027,153
101,2046;        4027,173
101,279;        4027,19
101,3132;        4027,207
101,3268;        4027,224
101,3673;        4027,242
101,3909;        4027,26
101,3787;        4027,278
101,3842;        4027,295
101,3486;        4027,313
101,3071;        4027,331
101,301;        4027,348
101,3016;        4027,366
101,3038;        4027,385
101,2881;        4027,402
101,2613;        4027,422
101,25;        4027,439
101,2516;        4027,457
101,2685;        4027,475
101,2954;        4027,492
101,2737;        4027,512
101,2198;        4027,53
101,2293;        4027,547
101,2384;        4027,564
101,2682;        4027,581
101,283;        4027,599
101,2995;        4027,616
101,3368;        4027,634
101,3462;        4027,651
101,3468;        4027,669
101,3581;        4027,687
101,3389;        4027,704
101,3557;        4027,721
101,3777;        4027,74
101,384;        4027,757
101,4057;        4027,775
101,4198;        4027,793
101,4481;        4027,811
101,4618;        4027,829
101,4199;        4027,846
101,3828;        4027,863
101,3423;        4027,881
101,3201;        4027,898
101,3057;        4027,916
101,3059;        4027,933
101,2921;        4027,951
101,2789;        4027,97
101,2398;        4027,989
101,2293;        4028,008
101,2178;        4028,026
101,1819;        4028,043
101,115;        4028,061
101,0087;        4028,079
100,9777;        4028,098
100,9382;        4028,118
100,9394;        4028,135
100,9394;        4028,152
101,0314;        4028,17
101,1186;        4028,187
101,309;        4028,204
101,3791;        4028,22
101,6371;        4028,238
101,7965;        4028,256
101,877;        4028,274
101,948;        4028,292
101,98;        4028,309
102,0592;        4028,327
102,0846;        4028,344
102,2949;        4028,361
102,413;        4028,379
102,5937;        4028,396
102,8215;        4028,414
102,9571;        4028,432
102,9958;        4028,45
102,957;        4028,467
102,7809;        4028,485
102,5913;        4028,504
102,4099;        4028,522
102,2816;        4028,542
102,1954;        4028,56
102,196;        4028,577
102,1676;        4028,594
102,1257;        4028,611
102,0851;        4028,628
102,0324;        4028,644
102,0172;        4028,661
101,9874;        4028,677
101,9825;        4028,694
101,9958;        4028,709
102,0033;        4028,726
102,048;        4028,743
102,0878;        4028,761
102,1009;        4028,777
102,1048;        4028,794
102,0822;        4028,811
102,0751;        4028,829
102,073;        4028,847
102,0583;        4028,863
102,0168;        4028,879
101,9962;        4028,895
101,9619;        4028,912
101,9406;        4028,929
101,9585;        4028,946
101,9682;        4028,961
101,9664;        4028,979
101,9631;        4028,996
101,9884;        4029,013
102,0068;        4029,029
102,0085;        4029,047
102,0171;        4029,064
102,021;        4029,081
102,0242;        4029,099
102,0438;        4029,117
102,0902;        4029,135
102,086;        4029,152
102,0614;        4029,168
102,0748;        4029,186
102,0786;        4029,204
102,0742;        4029,221
102,0448;        4029,239
102,0353;        4029,257
102,0085;        4029,274
101,9938;        4029,292
101,9959;        4029,309
101,9819;        4029,327
101,9571;        4029,345
101,9506;        4029,363
101,8972;        4029,38
101,863;        4029,397
101,7849;        4029,415
101,6267;        4029,432
101,4247;        4029,449
101,0232;        4029,467
100,6456;        4029,484
99,94103;        4029,501
99,10574;        4029,52
98,60467;        4029,537
97,44469;        4029,554
96,13032;        4029,572
94,70672;        4029,589
93,97057;        4029,606
92,27846;        4029,623
90,56492;        4029,642
89,0652;        4029,661
87,34058;        4029,678
86,56342;        4029,697
84,89465;        4029,716
83,23667;        4029,733
81,60139;        4029,75
80,08331;        4029,77
79,42019;        4029,786
78,04088;        4029,804
76,4339;        4029,823
74,58302;        4029,84
73,79815;        4029,857
71,42054;        4029,876
68,60704;        4029,893
65,52582;        4029,912
63,82697;        4029,928
60,65262;        4029,946
57,49971;        4029,964
54,62236;        4029,98
52,97163;        4029,999
50,05091;        4030,016
47,40281;        4030,033
45,45227;        4030,051
43,66785;        4030,07
42,70283;        4030,088
41,45581;        4030,107
40,72952;        4030,124
40,25113;        4030,142
40,00521;        4030,159
40,20526;        4030,177
40,25141;        4030,196
39,92097;        4030,213
39,43819;        4030,23
39,38837;        4030,249
39,87694;        4030,266
39,83089;        4030,283
39,6729;        4030,301
39,342;        4030,319
39,42719;        4030,337
39,69708;        4030,355
39,77401;        4030,372
39,7894;        4030,39
39,85821;        4030,408
39,99613;        4030,424
40,15069;        4030,441
40,22308;        4030,459
40,2419;        4030,477
40,15248;        4030,495
40,03597;        4030,516
40,04613;        4030,533
40,20042;        4030,551
40,38846;        4030,569
40,47081;        4030,587
40,72279;        4030,603
40,8538;        4030,619
41,34193;        4030,637
41,99696;        4030,655
42,72557;        4030,672
43,19371;        4030,689
43,25887;        4030,705
43,51513;        4030,723
43,55712;        4030,74
43,59472;        4030,758
43,70658;        4030,776
43,72881;        4030,792
43,71225;        4030,808
43,64336;        4030,826
43,58586;        4030,844
43,51524;        4030,862
43,47029;        4030,878
43,40704;        4030,896
43,39761;        4030,913
43,36869;        4030,93
43,39394;        4030,947
43,33732;        4030,964
43,2867;        4030,981
43,17883;        4030,998
43,04268;        4031,016
42,87955;        4031,033
42,6983;        4031,051
42,56364;        4031,067
42,1901;        4031,086
41,85342;        4031,104
41,36758;        4031,121
41,13754;        4031,138
40,69107;        4031,156
40,24743;        4031,174
39,88543;        4031,19
39,73755;        4031,207
39,47336;        4031,225
39,27246;        4031,244
39,08302;        4031,26
38,98402;        4031,278
38,79323;        4031,295
38,71148;        4031,312
38,6782;        4031,329
38,66145;        4031,347
38,63235;        4031,363
38,65107;        4031,379
38,64511;        4031,396
38,66619;        4031,411
38,68287;        4031,429
38,67107;        4031,447
38,67514;        4031,463
38,69638;        4031,479
38,70665;        4031,497
38,79945;        4031,513
38,99112;        4031,53
39,09688;        4031,545
39,57833;        4031,561
39,85566;        4031,578
40,63409;        4031,595
41,65957;        4031,615
43,00676;        4031,631
43,71278;        4031,648
45,09491;        4031,667
46,58377;        4031,684
48,26483;        4031,701
49,28246;        4031,717
51,23939;        4031,733
53,17337;        4031,75
54,20039;        4031,768
56,4092;        4031,784
58,63904;        4031,801
61,07283;        4031,821
62,34926;        4031,838
64,76791;        4031,854
67,74854;        4031,873
70,72222;        4031,889
72,34391;        4031,906
75,30923;        4031,923
78,43282;        4031,94
79,64849;        4031,957
82,13221;        4031,976
84,65222;        4031,995
86,7871;        4032,014
88,66113;        4032,033
90,13723;        4032,051
90,98131;        4032,068
92,88046;        4032,086
94,78127;        4032,104
96,50896;        4032,121
97,14042;        4032,138
98,85178;        4032,157
99,41811;        4032,18
99,38869;        4032,199
99,81077;        4032,217
100,086;        4032,238
100,2225;        4032,254
100,3933;        4032,273
100,544;        4032,292
100,5931;        4032,31
100,5854;        4032,33
100,6289;        4032,35
100,6622;        4032,369
100,6997;        4032,389
100,7267;        4032,408
100,8014;        4032,426
100,9241;        4032,446
100,9352;        4032,464
100,8015;        4032,482
100,6818;        4032,5
100,644;        4032,52
100,6718;        4032,538
100,4646;        4032,558
100,422;        4032,576
100,479;        4032,595
100,4521;        4032,614
100,4045;        4032,631
100,3575;        4032,65
100,1662;        4032,668
99,86962;        4032,69
99,6997;        4032,712
98,91718;        4032,73
98,56499;        4032,747
98,18272;        4032,765
97,86216;        4032,782
97,65626;        4032,801
97,33238;        4032,821
97,27851;        4032,838
97,39393;        4032,856
97,62485;        4032,874
97,8069;        4032,893
98,0005;        4032,911
98,15681;        4032,929
98,34789;        4032,949
98,53782;        4032,967
98,82939;        4032,986
98,89463;        4033,002
98,98495;        4033,02
99,0129;        4033,038
99,00862;        4033,057
98,94764;        4033,074
98,92925;        4033,092
98,84438;        4033,11
98,58566;        4033,128
98,23512;        4033,147
97,69847;        4033,166
97,1452;        4033,183
96,67625;        4033,202
96,25083;        4033,221
95,91224;        4033,24
95,80719;        4033,258
95,44897;        4033,275
95,04581;        4033,292
94,73695;        4033,31
94,66262;        4033,328
94,64716;        4033,345
94,85764;        4033,364
95,37836;        4033,384
96,30193;        4033,403
97,43943;        4033,422
98,5829;        4033,441
100,0569;        4033,46
101,3833;        4033,479
101,7135;        4033,499
101,716;        4033,518
100,9955;        4033,538
100,4002;        4033,556
100,2665;        4033,574
100,0869;        4033,592
100,2753;        4033,608
100,5191;        4033,626
100,7742;        4033,644
101,0139;        4033,662
101,1137;        4033,68
101,0537;        4033,698
100,9463;        4033,715
101,1105;        4033,734
101,4203;        4033,754
101,7451;        4033,773
102,0454;        4033,792
102,4164;        4033,812
102,9481;        4033,832
103,6142;        4033,849
104,1756;        4033,868
104,8479;        4033,888
105,5737;        4033,906
106,4004;        4033,926
107,0987;        4033,945
107,3212;        4033,963
107,7347;        4033,98
108,0151;        4033,998
108,4156;        4034,016
108,8631;        4034,034
109,2708;        4034,052
109,5201;        4034,071
109,6016;        4034,091
109,6825;        4034,111
109,8156;        4034,129
109,9434;        4034,148
109,961;        4034,167
109,8125;        4034,186
109,6632;        4034,206
109,5821;        4034,223
109,4398;        4034,244
109,4129;        4034,262
109,3871;        4034,281
109,4475;        4034,299
109,4348;        4034,317
109,3325;        4034,333
109,2304;        4034,352
109,0927;        4034,371
108,9995;        4034,39
108,9347;        4034,41
108,901;        4034,428
108,8634;        4034,447
108,8001;        4034,466
108,7876;        4034,483
108,7276;        4034,5
108,6993;        4034,518
108,6353;        4034,535
108,5663;        4034,555
108,533;        4034,572
108,536;        4034,59
108,5113;        4034,606
108,4727;        4034,625
108,444;        4034,642
108,3963;        4034,658
108,3607;        4034,676
108,3303;        4034,693
108,2889;        4034,711
108,2288;        4034,73
108,1615;        4034,747
108,063;        4034,764
108,022;        4034,78
107,9634;        4034,797
107,9116;        4034,814
107,8559;        4034,832
107,795;        4034,85
107,7831;        4034,867
107,7728;        4034,885
107,7633;        4034,901
107,7516;        4034,918
107,7565;        4034,936
107,8042;        4034,954
107,8219;        4034,972
107,8063;        4034,99
107,8276;        4035,008
107,8124;        4035,026
107,7594;        4035,044
107,7206;        4035,062
107,7049;        4035,079
107,6861;        4035,096
107,6566;        4035,115
107,66;        4035,133
107,6724;        4035,152
107,6652;        4035,169
107,6587;        4035,188
107,6959;        4035,206
107,6854;        4035,224
107,6706;        4035,242
107,6471;        4035,261
