-0,01463402;       0;      4638,092
-0,007678099;       -0,01060763;      4638,117
-0,009411694;       -0,006838126;      4638,136
-0,02427996;       -0,005561937;      4638,155
-0,008148904;       -0,008598155;      4638,175
-0,008148904;       -0,00503002;      4638,194
-0,02104015;       0,01036444;      4638,212
-0,03757017;       0,02792438;      4638,232
-0,01439795;       0,02625731;      4638,251
-0,01630333;       -0,002749982;      4638,269
-0,02257;       0,006362647;      4638,288
-0,009524304;       -0,0113744;      4638,305
0,007251559;       -0,02351889;      4638,324
0,0004383288;       -0,015739;      4638,342
0,007120735;       0,00179357;      4638,361
0,01970673;       -0,00394096;      4638,38
-0,00788657;       0,01109481;      4638,4
-0,03055352;       -0,01531379;      4638,42
-0,0190602;       -0,01261652;      4638,439
-0,03021338;       0,01345995;      4638,458
-0,03493021;       0,02211704;      4638,477
-0,01672929;       0,02040091;      4638,495
-0,01672929;       0,01155442;      4638,514
-0,01226581;       0,0175662;      4638,533
-0,007776405;       0,01147088;      4638,552
0,0007649881;       -0,006895307;      4638,57
-0,001712987;       -0,04474538;      4638,588
-0,008344309;       -0,03891381;      4638,609
-0,01679295;       -0,001360928;      4638,626
-0,02797728;       0,02270824;      4638,647
-0,03121711;       0,02425484;      4638,665
-0,01931622;       0,02003184;      4638,685
-0,01235962;       0,01453346;      4638,704
-0,01966519;       0,004565203;      4638,723
-0,004187319;       -0,01295365;      4638,742
0,001510167;       0,007436977;      4638,76
0,0001385903;       0,01192178;      4638,779
-0,0004115514;       -0,0226456;      4638,796
-0,003679719;       -0,05269991;      4638,815
-0,003679719;       -0,04396836;      4638,833
-0,01920635;       -0,01783264;      4638,852
-0,01880454;       0,02853799;      4638,871
-0,04370354;       0,05015551;      4638,889
-0,05232952;       0,05646915;      4638,906
-0,02354884;       0,02926267;      4638,925
-0,0005476666;       -0,003160041;      4638,945
0,007177212;       -0,01398272;      4638,963
0,01668394;       -0,01038065;      4638,982
-0,003708523;       -0,03589145;      4639
-0,007358329;       -0,08363706;      4639,02
-0,01206433;       -0,04813451;      4639,038
-0,04551911;       0,01962806;      4639,057
-0,05271665;       0,06190804;      4639,077
-0,02596293;       0,06350896;      4639,095
-0,02596293;       0,04204229;      4639,113
-0,00364971;       0,02175962;      4639,131
-0,01453388;       -0,009448573;      4639,149
-0,005417345;       -0,01931125;      4639,167
0,01064257;       -0,03810268;      4639,187
-0,009818789;       -0,05110957;      4639,205
-0,01960876;       -0,01187298;      4639,224
-0,01637748;       0,005311574;      4639,243
-0,02020466;       0,01410545;      4639,261
-0,02002971;       0,02740566;      4639,279
-0,01354887;       0,02919865;      4639,298
-0,01829149;       0,002853282;      4639,316
-0,01829149;       -0,01145902;      4639,334
-0,01121715;       -0,01481452;      4639,352
-0,01204362;       -0,007598548;      4639,371
-0,0172371;       -0,0008796899;      4639,39
-0,005679893;       0,01261722;      4639,408
-0,007789374;       -0,01198345;      4639,427
-0,009886199;       -0,02690055;      4639,445
-0,01317649;       -0,009626841;      4639,464
-0,02276694;       0,005974718;      4639,482
-0,01837014;       0,00570751;      4639,5
-0,02087422;       0,01345643;      4639,517
-0,01964658;       0,02742936;      4639,536
-0,0173333;       0,006953177;      4639,555
-0,0173333;       -0,003514196;      4639,572
-0,01153728;       -0,006556896;      4639,59
-0,01311576;       -0,007672105;      4639,607
-0,007839777;       -0,007877601;      4639,625
-0,005913213;       -0,01099471;      4639,644
-0,01167679;       -0,006591437;      4639,661
-0,01232289;       -0,01089443;      4639,679
-0,01123759;       -0,008678659;      4639,695
-0,01123759;       -0,005392653;      4639,712
-0,01828912;       0,005676821;      4639,731
-0,01399119;       0,005298708;      4639,75
-0,01694428;       -0,004565204;      4639,768
-0,01887699;       0,002591746;      4639,786
-0,0172115;       0,008837067;      4639,804
-0,01200072;       0,009476498;      4639,823
-0,009897528;       0,0003518398;      4639,841
-0,01383149;       -0,006753453;      4639,859
-0,006067239;       -0,006194022;      4639,876
-0,009276483;       -0,005016717;      4639,895
-0,009276483;       -0,0001309733;      4639,913
-0,01363609;       0,001511634;      4639,932
-0,008225704;       -0,001382408;      4639,948
-0,01464714;       0,001484854;      4639,967
-0,01510404;       0,007166048;      4639,984
-0,01181477;       0,007615332;      4640,002
-0,008038247;       -0,001056452;      4640,021
-0,01654529;       -0,006251252;      4640,042
-0,02006362;       0,001681214;      4640,059
-0,01436022;       0,002183725;      4640,078
-0,01181225;       0,00270201;      4640,095
-0,01181225;       0,002364441;      4640,114
-0,01800505;       -0,0009515774;      4640,131
-0,01310817;       -0,003661404;      4640,149
-0,02010399;       -0,0009686376;      4640,167
-0,008061323;       -0,004493459;      4640,185
-0,0115265;       0,001392683;      4640,203
-0,01972638;       -0,001929881;      4640,222
-0,002274444;       -0,004990549;      4640,24
-0,00884142;       0,001854904;      4640,258
-0,01604137;       0,001396436;      4640,277
-0,009358795;       -0,001134654;      4640,295
-0,009358795;       0,00149047;      4640,312
-0,008049016;       -0,006841456;      4640,331
-0,01379563;       0,0003960347;      4640,35
-0,01043252;       0,0049908;      4640,368
-0,01014384;       0,005634241;      4640,387
-0,01341811;       -0,0006993925;      4640,405
-0,01418631;       -0,0002737086;      4640,424
-0,01931114;       -0,004184026;      4640,441
-0,01566898;       0,002576933;      4640,46
-0,009085163;       -0,00166977;      4640,478
-0,01567348;       0,00591647;      4640,497
-0,01567348;       -0,006014364;      4640,514
-0,01073664;       -0,003438075;      4640,532
-0,01631801;       -0,005459792;      4640,551
-0,01029918;       0,002510879;      4640,569
-0,01381591;       0,002768978;      4640,587
-0,01345049;       -0,003600389;      4640,605
-0,0102309;       0,0006221577;      4640,622
-0,01698081;       -0,00628035;      4640,641
-0,01627595;       0,004666444;      4640,658
-0,01135343;       0,003693874;      4640,674
-0,01135343;       -0,005944942;      4640,693
-0,009266346;       0,001476465;      4640,712
-0,01422923;       -0,006144235;      4640,729
-0,0125089;       -0,004576121;      4640,748
-0,01956996;       -0,001767987;      4640,764
-0,01279471;       0,008785461;      4640,782
-0,01093794;       -0,005560528;      4640,8
-0,01769977;       0,0003740457;      4640,818
-0,01132275;       -0,003504554;      4640,837
-0,008158983;       2,447524E-05;      4640,855
-0,008158983;       -0,004282724;      4640,872
-0,01195833;       0,001270285;      4640,889
-0,01126635;       -0,004804403;      4640,908
-0,008125002;       -0,005877091;      4640,926
-0,02069826;       -0,0001472;      4640,944
-0,01861836;       0,003665788;      4640,961
-0,01861836;       -0,003374166;      4640,98
-0,01482477;       -0,001446064;      4640,998
-0,01675446;       -0,001107516;      4641,016
-0,01675446;       -0,001625678;      4641,033
-0,009424821;       -0,001853957;      4641,05
-0,01640873;       -0,005072179;      4641,067
-0,01059548;       -0,003916809;      4641,086
-0,01305716;       0,004172117;      4641,105
-0,009634247;       0,0007139833;      4641,125
-0,01849424;       0,0002788486;      4641,143
-0,01482422;       0,00075209;      4641,161
-0,01805932;       0,0003370328;      4641,18
-0,01625946;       -0,004345789;      4641,197
-0,01323144;       -0,003114779;      4641,215
-0,01323144;       0,0009975015;      4641,233
-0,02414243;       -0,005860486;      4641,251
-0,02077239;       -0,006275191;      4641,27
-0,01904614;       0,008788126;      4641,289
-0,01173911;       -0,006922161;      4641,307
-0,01241908;       -0,004652335;      4641,326
-0,0210341;       -0,001791865;      4641,344
-0,0315051;       0,001328557;      4641,361
-0,05488452;       0,01359305;      4641,378
-0,08142781;       0,0668434;      4641,395
-0,08142781;       0,07914332;      4641,412
-0,1201005;       -0,03040584;      4641,429
-0,1422722;       -0,1343686;      4641,447
-0,1530954;       0,01853069;      4641,465
-0,1385757;       0,1256472;      4641,482
-0,1246967;       0,1253682;      4641,5
-0,1306236;       -0,04108297;      4641,517
-0,1364934;       -0,05987392;      4641,535
-0,1364934;       -0,04975284;      4641,551
-0,1349071;       0,003135145;      4641,569
-0,1347462;       0,02714565;      4641,586
-0,1085734;       -0,01107383;      4641,605
-0,1011985;       -0,05359289;      4641,625
-0,1018349;       -0,02824012;      4641,643
-0,1314865;       -0,03931282;      4641,662
-0,1025402;       0,03852712;      4641,679
-0,06403913;       0,00174544;      4641,697
-0,1191515;       -0,006564572;      4641,714
-0,1191515;       0,02268418;      4641,733
-0,1073753;       0,01071491;      4641,751
-0,02121244;       -0,004150455;      4641,769
0,2506685;       -0,04849798;      4641,787
-0,06778029;       -0,006752718;      4641,805
0,05904469;       0,05243134;      4641,822
0,09818155;       -0,03948566;      4641,841
0,1658481;       -0,03419987;      4641,858
0,2476896;       -0,005873584;      4641,876
0,2476896;       0,0417913;      4641,894
0,3386475;       0,05971389;      4641,911
0,40865;       0,01438686;      4641,929
0,3656308;       -0,03279109;      4641,946
0,2709682;       -0,04853157;      4641,964
0,1493943;       -0,03225783;      4641,981
0,03131289;       -0,00741676;      4642
-0,04008896;       0,01705343;      4642,018
-0,1178553;       0,00157539;      4642,036
-0,1178553;       0,006276906;      4642,053
-0,1212203;       0,01353819;      4642,07
-0,09481007;       0,01418754;      4642,088
-0,05464162;       -0,002047542;      4642,104
-0,0334788;       -0,006071735;      4642,124
-0,01174202;       0,007808527;      4642,142
0,02952307;       0,01476869;      4642,16
0,06024552;       -0,01054127;      4642,178
0,0495704;       -0,01359142;      4642,196
0,0495704;       -0,002460074;      4642,213
0,03741158;       -0,007539089;      4642,233
0,0201534;       0,006207991;      4642,251
-0,01626163;       0,000484629;      4642,27
-0,02561121;       -0,005665723;      4642,288
-0,003102065;       0,001537309;      4642,304
-0,02082466;       0,01105019;      4642,322
-0,02722918;       0,004679744;      4642,34
-0,002770516;       0,0003209047;      4642,36
0,005970539;       -0,012196;      4642,38
0,01228105;       -0,01899773;      4642,398
-0,004855677;       -0,0002460435;      4642,417
-0,0007121568;       0,01014776;      4642,435
-0,0007121568;       0,01621726;      4642,453
-0,001524661;       -0,006581716;      4642,472
-0,01244988;       -0,004933581;      4642,49
-0,01769597;       -0,003523509;      4642,509
-0,009195752;       0,009528695;      4642,527
-0,002914206;       0,0002274;      4642,544
-0,01152839;       -0,003415994;      4642,563
-0,01724474;       0,003728851;      4642,58
-0,005188849;       -0,00165378;      4642,598
-0,004916214;       0,004454332;      4642,616
-0,004916214;       -0,0004842636;      4642,632
-0,007989225;       0,001615085;      4642,652
-0,01813635;       0,001675568;      4642,671
-0,005644212;       0,00374812;      4642,689
-0,005606189;       -0,004356866;      4642,708
-0,006824899;       0,0002277271;      4642,726
-0,01147533;       -0,0001178158;      4642,746
-0,01508031;       0,0004881439;      4642,763
-0,001353403;       0,002111576;      4642,782
-0,001264756;       0,002194688;      4642,8
-0,002292821;       -0,0004603872;      4642,817
-0,01131829;       -0,0008865257;      4642,836
-0,01131829;       0,002109151;      4642,853
-0,003882116;       -0,0008399719;      4642,871
-0,01128221;       -0,002878621;      4642,889
-0,01077234;       -0,005242561;      4642,907
-0,01928489;       0,002451661;      4642,924
0,00422159;       -0,005488548;      4642,942
-0,01127197;       -0,01223664;      4642,958
-0,006291834;       0,0001244033;      4642,978
-0,006291834;       -0,002241855;      4642,996
-0,007677552;       0,00178755;      4643,014
-0,006238596;       0,004456166;      4643,031
-0,01161539;       -0,002490315;      4643,049
-0,01921642;       -0,002577284;      4643,067
-0,009291111;       0,00337738;      4643,084
-0,007457444;       0,002278523;      4643,1
-0,004857517;       -0,001897882;      4643,117
-0,004723696;       -0,005388481;      4643,135
-0,007703522;       -0,005109095;      4643,154
-0,007703522;       9,445735E-06;      4643,172
6,069266E-05;       -0,008231354;      4643,192
-0,0160457;       -0,006008951;      4643,21
-0,006545131;       -0,001636242;      4643,23
-0,003840892;       -0,001075825;      4643,25
-0,002461817;       -0,0007151062;      4643,27
-0,01312131;       0,00223415;      4643,288
-0,007286488;       -0,003624585;      4643,306
-0,0054813;       2,049311E-05;      4643,322
-0,008392158;       -0,004514693;      4643,339
-0,01397429;       0,004637409;      4643,357
-0,006718413;       0,001544326;      4643,375
-0,006718413;       0,0002642014;      4643,393
-0,01349297;       0,001697321;      4643,409
-0,004520336;       -0,001480132;      4643,425
-0,00503256;       -0,008113455;      4643,442
-0,0080595;       0,0005159745;      4643,458
-0,008797306;       0,002188594;      4643,474
-0,008797306;       -0,003085453;      4643,489
-0,007680114;       0,00249708;      4643,506
-0,007472619;       -0,0008718682;      4643,522
-0,008627417;       -0,002490034;      4643,539
-0,006081234;       0,001123671;      4643,556
-0,006081234;       -0,00197744;      4643,572
-0,01094257;       -0,0009203184;      4643,588
-0,002055226;       0,004593265;      4643,606
-0,007268846;       0,002558745;      4643,623
-0,01589451;       0,003544522;      4643,639
-0,005026723;       -0,00414391;      4643,655
-0,005026723;       -0,004270927;      4643,672
-0,004115885;       0,001329916;      4643,688
-0,01146176;       0,001210136;      4643,705
-0,01036265;       0,0004552396;      4643,722
-0,00451874;       0,005076804;      4643,741
-0,009040385;       0,007439107;      4643,758
-0,009322033;       0,01995787;      4643,776
0,035629;       0,07171234;      4643,794
0,035629;       0,112775;      4643,811
0,06586561;       0,06742246;      4643,831
0,02913268;       -0,05064502;      4643,849
-0,02628932;       0,00981855;      4643,867
-0,01019134;       0,08561753;      4643,885
-0,01044527;       0,07382149;      4643,902
-0,04373986;       -0,03265096;      4643,919
-0,04640526;       -0,1130492;      4643,938
-0,05844738;       -0,1304681;      4643,955
-0,05844738;       -0,1122306;      4643,973
-0,06388449;       -0,05366513;      4643,99
-0,04890289;       -0,04244059;      4644,007
-0,03083187;       -0,03949382;      4644,025
-0,005297754;       -0,03761169;      4644,042
0,01203361;       -0,009997478;      4644,06
0,052196;       0,01107884;      4644,077
0,09460273;       0,01289936;      4644,096
0,07075707;       0,01603972;      4644,114
0,07075707;       0,02401593;      4644,132
0,01414844;       0,0471684;      4644,15
0,005442174;       0,06754319;      4644,167
-0,01652916;       0,0781801;      4644,185
-0,08491169;       0,0727193;      4644,203
-0,09460727;       0,08033694;      4644,219
-0,03797975;       0,03345904;      4644,237
-0,01249771;       -0,06935665;      4644,256
0,04261738;       -0,07075071;      4644,276
0,09361588;       0,001025983;      4644,294
0,09361588;       -0,06478278;      4644,312
0,1040549;       -0,1178066;      4644,33
0,1459068;       -0,0441896;      4644,348
0,131246;       -0,06553276;      4644,365
0,1232234;       0,05330984;      4644,384
0,06583677;       0,0504665;      4644,403
0,07076256;       0,09871727;      4644,42
0,03848472;       0,04352187;      4644,438
-0,04826009;       0,05238467;      4644,457
-0,04826009;       0,1308762;      4644,474
-0,03715312;       0,1020975;      4644,491
-0,01088201;       -0,07486831;      4644,509
-0,007659582;       -0,1156973;      4644,526
-0,01484369;       -0,1035945;      4644,544
0,01241164;       -0,0748307;      4644,563
0,05820651;       -0,05023474;      4644,581
0,05364847;       -0,04612328;      4644,6
0,04261772;       -0,0597603;      4644,618
0,057442;       0,01347139;      4644,637
0,02611226;       0,03760937;      4644,656
0,02611226;       0,06663753;      4644,674
0,01632149;       0,07145466;      4644,693
-0,05765259;       0,138247;      4644,711
-0,08466357;       0,09165737;      4644,729
-0,05444955;       0,03018969;      4644,747
-0,05747697;       -0,04404213;      4644,763
-0,04235602;       -0,09107954;      4644,781
-0,02969255;       -0,06302258;      4644,799
-0,01028431;       -0,07054244;      4644,818
-0,006288376;       -0,05011771;      4644,835
-0,006288376;       -0,06231407;      4644,853
-0,006844534;       0,005714219;      4644,872
-0,05817046;       0,08025663;      4644,889
-0,08001842;       0,004165322;      4644,906
-0,08139186;       -0,0002491195;      4644,924
-0,09960451;       -0,01334622;      4644,941
-0,04726458;       0,001157656;      4644,959
-0,03407831;       0,02278807;      4644,977
-0,04464925;       0,002035318;      4644,997
-0,04464925;       0,009635953;      4645,015
-0,06974398;       0,05286019;      4645,033
-0,1356514;       0,02760414;      4645,052
-0,1154273;       0,02059277;      4645,07
-0,01824368;       -0,06243984;      4645,088
0,03676431;       -0,1362285;      4645,106
-0,01692888;       -0,1473782;      4645,125
-0,02559165;       -0,04391845;      4645,144
-0,01206169;       -0,004205002;      4645,161
-0,04981775;       0,1058121;      4645,18
-0,07094982;       0,1314276;      4645,199
-0,09518473;       0,07493958;      4645,217
-0,05861133;       -0,003259083;      4645,236
-0,002902111;       0,04833648;      4645,254
-0,002902111;       0,04487877;      4645,271
0,01791659;       -0,02948442;      4645,29
0,01961398;       -0,0921943;      4645,307
0,03856851;       -0,05825909;      4645,325
0,02613632;       0,0008584242;      4645,344
-0,0161947;       -0,002812624;      4645,361
-0,02247197;       -0,03722145;      4645,378
-0,01459903;       -0,01982314;      4645,396
-0,01459903;       0,01545079;      4645,412
-0,02748382;       0,07108022;      4645,429
-0,02068657;       0,03897446;      4645,446
-0,01472887;       0,000109955;      4645,462
-0,02578004;       -0,01969875;      4645,48
-0,03516864;       -0,02673527;      4645,497
-0,05221011;       -0,03355477;      4645,516
-0,05221011;       -0,02935784;      4645,533
-0,07476524;       -0,002728513;      4645,549
-0,06017593;       0,004048232;      4645,568
-0,04724934;       0,002742033;      4645,584
-0,04562618;       0,02923241;      4645,601
-0,00573226;       0,0627674;      4645,617
-0,00573226;       0,05797735;      4645,633
0,0005970201;       -0,01182293;      4645,65
-0,02094322;       0,001138024;      4645,667
-0,003119232;       0,009222413;      4645,683
0,004691484;       -0,01607432;      4645,699
-0,0007863622;       -0,03328491;      4645,716
0,01591644;       -0,02634272;      4645,734
0,01591644;       0,01403242;      4645,751
-0,006209856;       0,02391641;      4645,768
-0,003221089;       -0,01056636;      4645,786
0,01751261;       -0,0003191583;      4645,804
0,0003273943;       0,02134508;      4645,821
-0,01837232;       0,02106312;      4645,839
-0,0241738;       0,00714344;      4645,859
-0,02683844;       0,03069511;      4645,877
-0,03654304;       -0,001909766;      4645,895
-0,03654304;       -0,01384343;      4645,912
-0,01928134;       -0,03880753;      4645,929
0,01209427;       -0,04176879;      4645,948
0,001080196;       0,0005055182;      4645,966
0,002265433;       0,00273152;      4645,985
-0,007539067;       0,009419871;      4646,001
-0,03328285;       0,07824749;      4646,02
-0,03920978;       0,09863931;      4646,036
-0,03920978;       0,03284257;      4646,053
-0,01335029;       -0,0373559;      4646,072
0,02735432;       -0,08435588;      4646,09
0,04179084;       -0,0757377;      4646,108
0,04872493;       -0,04822112;      4646,126
0,02725977;       -0,01167669;      4646,143
-0,001170084;       -0,01754618;      4646,161
-0,006998029;       -0,01195951;      4646,179
-0,02492612;       0,02257939;      4646,197
-0,03944072;       0,05118167;      4646,215
-0,03944072;       0,03854889;      4646,233
-0,03101288;       -0,01170215;      4646,251
-0,01892217;       -0,03038144;      4646,269
-0,03563254;       -0,03653317;      4646,287
-0,009392508;       -0,003658572;      4646,304
-0,01384993;       0,009220364;      4646,323
-0,05578085;       0,03518583;      4646,34
-0,06458248;       0,05387154;      4646,357
-0,03858739;       0,02931274;      4646,375
-0,03858739;       0,009822864;      4646,392
-0,01858154;       -0,01934473;      4646,412
-0,004300875;       -0,03684298;      4646,43
0,003831937;       -0,05629308;      4646,448
0,01030984;       0,006394876;      4646,467
-0,008848947;       0,02297015;      4646,485
-0,01775052;       0,02022279;      4646,504
-0,02384639;       0,01775614;      4646,522
-0,0179069;       -0,002394483;      4646,541
0,007404041;       0,01168818;      4646,559
0,001013117;       -0,001206019;      4646,577
0,009958536;       -0,02885655;      4646,596
0,009958536;       -0,04762797;      4646,614
0,01641341;       -0,01974053;      4646,631
-0,001624829;       -0,003162823;      4646,648
-0,02060955;       0,01169633;      4646,665
-0,01670606;       0,02202054;      4646,683
-0,01673054;       0,02408713;      4646,701
-0,02595419;       0,01753344;      4646,72
-0,01130208;       0,01489715;      4646,737
-0,004690196;       0,01326005;      4646,755
-0,004690196;       0,001643136;      4646,772
-0,002165282;       -0,01166825;      4646,789
-0,007679446;       -0,02440733;      4646,806
-0,01625259;       -0,04356891;      4646,824
-0,006533859;       -0,03282952;      4646,84
-0,006552872;       0,009989514;      4646,858
-0,02434152;       0,009267541;      4646,876
-0,02434152;       0,002580068;      4646,893
-0,01708163;       -0,007356071;      4646,91
-0,01672454;       0,01248582;      4646,928
-0,01047014;       0,0289083;      4646,946
-0,01058275;       0,03023047;      4646,963
-0,01007088;       0,002519349;      4646,981
-0,008347468;       0,004888084;      4647
-0,005673047;       -0,003874553;      4647,018
-0,005673047;       -0,01130257;      4647,036
-0,01059671;       -0,01793558;      4647,054
-0,004006363;       0,0003657592;      4647,072
0,003984937;       0,02217533;      4647,09
-0,0004577231;       0,01298808;      4647,107
-0,006754074;       -0,009108931;      4647,125
0,001584381;       -0,01246569;      4647,143
-0,004505471;       -0,01442274;      4647,161
-0,01066963;       -0,02094238;      4647,178
-0,01259284;       -0,007665986;      4647,196
-0,02002811;       0,004709857;      4647,213
-0,02002811;       0,01229318;      4647,231
-0,01607406;       0,01526389;      4647,249
-0,01616209;       0,0001321479;      4647,267
-0,008914324;       -0,01169197;      4647,284
-0,01510478;       -0,005367879;      4647,3
-0,01526762;       0,006325074;      4647,316
-0,01526762;       0,002203232;      4647,333
-0,0157191;       -0,0131365;      4647,349
-0,01655362;       -0,01366959;      4647,366
-0,02134569;       -0,00814198;      4647,384
-0,01792065;       -0,01974695;      4647,4
-0,01657205;       -0,01177203;      4647,416
-0,01657205;       0,002582357;      4647,433
-0,01542776;       0,005347595;      4647,45
-0,01436543;       0,004685528;      4647,465
-0,008390882;       -0,009093899;      4647,482
-0,01599948;       -0,0015077;      4647,499
-0,01493083;       -0,007452566;      4647,516
-0,01493083;       -0,01693704;      4647,531
-0,008428331;       -0,007034656;      4647,548
-0,007784633;       -0,004696959;      4647,564
-0,01717314;       -0,006153558;      4647,582
-0,01612406;       0,007226727;      4647,599
-0,01761509;       -0,001189343;      4647,615
-0,01761509;       0,00487548;      4647,632
-0,01767543;       -0,006984171;      4647,65
-0,01362028;       0,006472439;      4647,667
-0,01847746;       0,007554008;      4647,685
-0,006488252;       0,003458582;      4647,703
-0,006950313;       -0,007265031;      4647,72
-0,01262605;       -0,01585581;      4647,737
-0,003153679;       0,005643392;      4647,756
-0,006396547;       -0,004968319;      4647,773
-0,006396547;       -0,0003408983;      4647,792
-0,0140318;       0,001674357;      4647,811
-0,009400214;       -0,005821094;      4647,828
-0,01569059;       0,005268977;      4647,845
-0,01432883;       0,002933308;      4647,862
-0,01561255;       0,01068829;      4647,88
-0,02209332;       0,004097332;      4647,897
-0,02558329;       -0,006788009;      4647,916
-0,02558329;       -0,001129066;      4647,932
-0,02652402;       0,00644405;      4647,949
-0,02782345;       0,002395895;      4647,965
-0,01556647;       0,001267134;      4647,984
-0,01485338;       0,004759178;      4648,002
-0,01048931;       -0,008826802;      4648,021
-0,004415701;       -0,00762447;      4648,038
-0,001133269;       -0,004488427;      4648,055
-0,001133269;       -0,01359318;      4648,072
0,004619232;       -0,01418949;      4648,09
0,001899625;       -0,01149142;      4648,109
-0,002497685;       -0,008627323;      4648,127
0,002147208;       -0,01713398;      4648,145
-0,01035006;       -0,005887846;      4648,161
-0,0101454;       0,007776277;      4648,178
-0,005416341;       0,009371748;      4648,196
-0,02271722;       0,0300032;      4648,214
-0,02271722;       0,03194659;      4648,233
-0,03124651;       0,02076543;      4648,251
-0,02477739;       0,01267708;      4648,27
-0,02557868;       0,01043056;      4648,289
-0,01738903;       -0,009015399;      4648,307
-0,0126863;       -0,003022427;      4648,326
-0,009056559;       -0,01212521;      4648,344
-0,001448773;       -0,01659203;      4648,363
-0,004036944;       -0,01315399;      4648,382
0,0002077846;       -0,007396629;      4648,404
-0,005287418;       -0,009372568;      4648,423
-0,01265072;       -0,008306904;      4648,441
-0,007228452;       0,003125185;      4648,46
-0,01779788;       0,009481769;      4648,479
-0,01522649;       -0,004333011;      4648,496
-0,01659978;       -0,001251232;      4648,515
-0,01784529;       0,004330098;      4648,535
-0,01784529;       0,01366088;      4648,553
-0,01831515;       0,002640733;      4648,572
-0,02272743;       -0,007200656;      4648,591
-0,0177716;       -0,00177869;      4648,611
-0,01236875;       -0,005569891;      4648,63
-0,01385235;       -0,01063932;      4648,649
-0,01052156;       -0,01038916;      4648,667
-0,007814232;       0,003631521;      4648,686
-0,01808007;       0,003601551;      4648,704
-0,01329448;       0,006011988;      4648,722
-0,01198762;       0,004837664;      4648,74
-0,007037157;       -0,004221726;      4648,757
-0,01290634;       -0,001547039;      4648,776
-0,01290634;       -0,004627491;      4648,794
-0,01274592;       -0,001487233;      4648,813
-0,01386111;       -0,008885233;      4648,83
-0,01682801;       -0,005183113;      4648,849
-0,01708614;       -0,003577311;      4648,867
-0,01263911;       -0,007679936;      4648,885
-0,00806603;       0,002370526;      4648,904
-0,01194304;       0,005297562;      4648,922
-0,0105919;       -0,01318762;      4648,941
-0,006860573;       -0,00505042;      4648,96
-0,01259515;       -0,0002221529;      4648,978
-0,01092681;       0,0008133412;      4648,996
-0,01092681;       0,004143186;      4649,013
-0,002706312;       -0,003673148;      4649,031
-0,01429798;       0,004476948;      4649,049
-0,007735989;       -0,009197619;      4649,068
-0,009838822;       -0,006262559;      4649,086
-0,004576869;       -0,003857926;      4649,107
-0,01185832;       0,003351102;      4649,125
-0,0130822;       0,004973674;      4649,143
-0,01320679;       0,0007325104;      4649,16
-0,01364036;       -0,001854662;      4649,178
-0,02151202;       -0,00155121;      4649,196
-0,02021233;       0,009321042;      4649,213
-0,02021233;       0,006787762;      4649,231
-0,01035994;       -0,005682473;      4649,249
-0,01339527;       -0,009264024;      4649,266
-0,01624003;       -0,003283358;      4649,284
-0,01055886;       -0,005203643;      4649,302
-0,007524751;       0,001160992;      4649,319
-0,008147566;       0,005133921;      4649,336
-0,008147566;       -0,002300793;      4649,352
-0,006585187;       -0,004254019;      4649,369
-0,01670124;       -0,003075158;      4649,387
-0,004262547;       0,004735308;      4649,405
-0,008945365;       -0,003447738;      4649,423
-0,01356441;       -0,001345158;      4649,441
-0,008007926;       0,0009944162;      4649,458
-0,01572545;       0,001153296;      4649,476
-0,01572545;       0,002422011;      4649,493
-0,01980806;       -0,004409768;      4649,51
-0,01698947;       -0,01144006;      4649,528
-0,01391668;       0,00611208;      4649,543
-0,01272782;       0,008172671;      4649,56
-0,01589163;       0,00570225;      4649,577
-0,01589163;       -0,006859848;      4649,593
-0,01225701;       -0,0006344136;      4649,609
-0,01371483;       -0,004027499;      4649,629
-0,01989415;       -0,003256774;      4649,648
-0,005666735;       0,007026147;      4649,665
-0,01133281;       -0,001392955;      4649,682
-0,01117945;       -0,003133893;      4649,7
-0,01092183;       0,004887651;      4649,719
-0,01101936;       -0,008413142;      4649,737
-0,004903883;       -0,003005621;      4649,754
-0,004903883;       -0,000579055;      4649,772
-0,008565733;       0,002273062;      4649,79
-0,01334844;       -0,0006569638;      4649,807
-0,01463194;       -0,006716449;      4649,826
-0,006303088;       0,002499514;      4649,844
-0,01209975;       -0,007542061;      4649,862
-0,01148588;       0,002377661;      4649,882
-0,01202711;       -0,01497129;      4649,9
-0,01142232;       -0,002741798;      4649,919
-0,01550971;       -0,0003204375;      4649,937
-0,01288873;       -0,005234826;      4649,955
-0,01902155;       -0,002073168;      4649,974
-0,01902155;       0,003284644;      4649,991
-0,01305794;       -0,007103059;      4650,008
-0,01077279;       0,00376355;      4650,026
-0,01660908;       -0,006006657;      4650,044
-0,01342602;       0,003111586;      4650,062
-0,0100781;       -0,008625675;      4650,08
-0,009571253;       -0,006090824;      4650,098
-0,006076572;       -0,004463078;      4650,115
-0,006076572;       0,0004582531;      4650,132
-0,01221123;       -0,004431605;      4650,151
-0,01254805;       0,000497012;      4650,169
-0,00856731;       -0,007877838;      4650,187
-0,01300843;       0,009893518;      4650,206
-0,01097848;       0,002683265;      4650,223
-0,009091413;       0,000715318;      4650,323
-0,01572367;       -0,005315349;      4650,34
-0,01451033;       -0,007727366;      4650,36
-0,01601;       -0,005108486;      4650,378
-0,01740312;       -0,009907957;      4650,394
-0,006912692;       -0,006113008;      4650,412
-0,006912692;       -0,00354692;      4650,429
-0,01212786;       -0,003411114;      4650,451
-0,01238646;       -0,01480239;      4650,47
-0,01238646;       -0,007656731;      4650,487
-0,006080203;       -0,002499199;      4650,505
-0,006480569;       -7,42569E-06;      4650,523
-0,01180802;       -0,005046823;      4650,54
-0,01152449;       0,002048819;      4650,558
-0,01767426;       0,0027095;      4650,576
-0,01821371;       -0,001783516;      4650,593
-0,0158615;       0,003626583;      4650,612
-0,01600162;       0,0005222146;      4650,63
-0,01600162;       -0,006619933;      4650,647
-0,0107432;       0,00739552;      4650,665
-0,01422738;       -0,00300331;      4650,682
-0,009559487;       -0,003119525;      4650,699
-0,007021017;       -0,01131525;      4650,718
-0,01054742;       -0,003422524;      4650,735
-0,01348564;       -0,002431632;      4650,753
-0,01348564;       0,004492874;      4650,771
-0,007930205;       0,001296189;      4650,787
-0,01356847;       -0,01091657;      4650,804
-0,0132289;       -0,003303006;      4650,82
-0,01493831;       0,002522266;      4650,839
-0,01724517;       -0,001678094;      4650,855
-0,01303773;       -0,004843202;      4650,873
-0,01410868;       -0,001184787;      4650,89
-0,01410868;       -0,008637241;      4650,907
-0,01204726;       -0,005227401;      4650,924
-0,01860113;       -0,003416104;      4650,942
-0,01024055;       0,006596989;      4650,96
-0,01592478;       -0,002117538;      4650,979
-0,01300191;       -0,006700343;      4650,996
-0,01300339;       -0,01012008;      4651,013
-0,009607538;       -0,0004104483;      4651,031
-0,009607538;       -0,003107806;      4651,047
-0,009285788;       -0,004278655;      4651,064
-0,01318931;       -0,01489606;      4651,082
-0,01792552;       -0,01823008;      4651,098
-0,01286835;       0,005719504;      4651,116
-0,01242456;       0,01661154;      4651,132
-0,01242456;       0,004967025;      4651,148
-0,02205748;       0,005807819;      4651,165
-0,0201633;       -0,005385606;      4651,182
-0,01083501;       0,01224273;      4651,2
-0,01226049;       0,007232019;      4651,217
-0,009851492;       -0,005041717;      4651,234
-0,002615515;       -0,003538169;      4651,251
0,002308392;       -0,005173916;      4651,27
0,002308392;       -0,008683209;      4651,286
-0,003943978;       -0,003342724;      4651,303
-0,008704622;       -0,003479134;      4651,319
-0,009213959;       -0,002019166;      4651,335
-0,01206303;       -0,002372649;      4651,353
-0,02024662;       0,004760303;      4651,37
-0,02024662;       -0,005551967;      4651,388
-0,01390126;       0,003609759;      4651,406
-0,02689915;       -0,001702162;      4651,423
-0,01932096;       -0,003355425;      4651,441
-0,01546546;       -0,001640023;      4651,458
-0,01552982;       -0,003473739;      4651,475
-0,009743912;       -0,01001481;      4651,494
-0,008081711;       0,003017086;      4651,512
-0,008081711;       -0,002287293;      4651,528
-0,01615935;       -0,007502684;      4651,545
-0,009048169;       0,0002600781;      4651,563
-0,01174361;       0,004176136;      4651,581
-0,01356796;       -0,009197192;      4651,597
-0,01293514;       0,0009433881;      4651,615
-0,01005941;       -0,004967978;      4651,63
-0,01005941;       0,003681752;      4651,647
-0,01077784;       -9,896699E-05;      4651,667
-0,005213512;       0,002250096;      4651,684
-0,01699353;       -0,004664943;      4651,701
-0,01033948;       -0,01184345;      4651,718
-0,009648123;       -0,004391181;      4651,736
-0,0153005;       -0,001293432;      4651,753
-0,0153005;       -0,001058183;      4651,771
-0,01781311;       -0,01019792;      4651,787
-0,01975464;       -0,007019096;      4651,805
-0,0118241;       0,009583971;      4651,822
-0,008564854;       0,004009923;      4651,839
-0,02108031;       0,004494664;      4651,856
-0,02157816;       -0,001684077;      4651,874
-0,01939438;       -0,00534263;      4651,893
-0,01784556;       0,002809034;      4651,911
-0,01784556;       -0,002198669;      4651,929
-0,01161218;       0,002848994;      4651,947
-0,01747317;       -0,004423343;      4651,964
-0,009546952;       0,008464223;      4651,981
-0,006820007;       0,007120144;      4652
-0,01519961;       -0,005479692;      4652,019
-0,009317493;       -0,002211017;      4652,037
-0,007745522;       0,001764247;      4652,056
-0,01222255;       -0,00184916;      4652,076
-0,01147348;       -0,003194242;      4652,093
-0,01209576;       -0,0006755213;      4652,111
-0,01209576;       0,005829871;      4652,128
-0,01875657;       0,00154233;      4652,146
-0,01701593;       0,006995383;      4652,164
-0,01460928;       0,0004603452;      4652,182
-0,01629693;       0,004815777;      4652,2
-0,01119704;       0,004663731;      4652,217
-0,01362181;       0,01085569;      4652,236
-0,01614359;       0,001172179;      4652,253
-0,008600871;       -0,01273996;      4652,27
-0,008600871;       -0,01305991;      4652,287
-0,01499103;       -0,001452226;      4652,306
-0,01198009;       -0,003578173;      4652,323
-0,009569911;       -0,008093858;      4652,34
-0,005413347;       -0,007448234;      4652,359
-0,009177521;       -0,003384005;      4652,375
-0,010018;       -0,01118366;      4652,393
-0,01010976;       -0,01312155;      4652,41
-0,01003307;       -0,006177742;      4652,427
-0,01752334;       -0,00461261;      4652,445
-0,009687142;       0,0002799397;      4652,463
-0,0156677;       0,009738971;      4652,48
-0,02036054;       0,0002163991;      4652,497
-0,01003748;       -0,0005621864;      4652,513
-0,005850926;       -0,01119232;      4652,531
-0,005850926;       -0,01283419;      4652,548
-0,02477244;       0,005001241;      4652,565
-0,01007047;       0,009867644;      4652,583
-0,00448163;       0,005918189;      4652,6
-0,0098277;       0,00271293;      4652,617
-0,007607181;       -0,01132767;      4652,634
-0,004860039;       0,004893851;      4652,652
-0,01469714;       -0,0019545;      4652,67
-0,01469714;       -0,005129002;      4652,686
-0,01897286;       -0,008770281;      4652,703
-0,01608243;       0,002156993;      4652,72
-0,005582975;       0,001077822;      4652,736
-0,005187979;       0,01489282;      4652,755
-0,006373896;       -0,009884728;      4652,772
-0,006373896;       -0,01260223;      4652,788
-0,01359325;       0,001353122;      4652,806
-0,01507373;       0,006578777;      4652,824
-0,01310277;       -0,01029606;      4652,841
-0,01575943;       -0,005798667;      4652,858
-0,01288418;       0,004924111;      4652,875
-0,004095277;       0,004746155;      4652,892
-0,004095277;       -0,005883977;      4652,909
-0,007441929;       -0,003206881;      4652,928
-0,01495845;       -0,005719151;      4652,944
-0,006306847;       -0,01037009;      4652,962
-0,006332397;       0,002920728;      4652,98
-0,007808166;       -0,00546376;      4652,998
-0,01218421;       0,007056824;      4653,016
-0,002962601;       -0,007064544;      4653,033
-0,002962601;       -0,0007018779;      4653,049
-0,0131093;       0,0003163365;      4653,065
-0,0217366;       0,0116572;      4653,083
-0,01087452;       -0,002742592;      4653,1
-0,01506199;       -0,00716689;      4653,116
-0,01891207;       -0,007868953;      4653,132
-0,005807678;       -0,003094736;      4653,151
-0,005807678;       -0,00141682;      4653,169
-0,006774376;       -0,002164626;      4653,186
-0,01787171;       -0,004229143;      4653,203
-0,01258683;       -0,002987349;      4653,22
-0,01303442;       0,003845275;      4653,236
-0,01143118;       0,004280155;      4653,252
-0,01143118;       -0,006236129;      4653,269
-0,008202449;       -0,01030356;      4653,285
-0,02637019;       0,01599266;      4653,302
-0,01620266;       0,009807816;      4653,319
-0,008182339;       0,007989321;      4653,334
-0,01483165;       0,007312941;      4653,35
-0,01483165;       0,00216261;      4653,367
-0,01972331;       -0,003115049;      4653,383
-0,01091122;       0,01185596;      4653,399
-0,01089958;       0,01174547;      4653,414
-0,01347369;       -0,007936706;      4653,433
-0,004049261;       -0,005484124;      4653,451
-0,004049261;       -0,006323247;      4653,47
-0,001105387;       0,008416634;      4653,486
-0,01788432;       -0,008921534;      4653,505
-0,004946959;       -0,01357429;      4653,523
-0,009066379;       -0,01120919;      4653,542
-0,01231195;       -0,009058933;      4653,56
-0,01088415;       0,0149319;      4653,578
-0,01410129;       0,01497818;      4653,596
-0,02192717;       -0,01576619;      4653,616
-0,005677218;       -0,003925204;      4653,634
-0,0183737;       0,01279285;      4653,651
-0,0183737;       -0,005563887;      4653,668
-0,01872931;       -0,007158081;      4653,686
-0,01282662;       0,008778983;      4653,704
-0,01622463;       0,00468844;      4653,722
-0,01296971;       -0,01300865;      4653,739
-0,01192721;       -0,005833788;      4653,758
-0,01479118;       0,00305696;      4653,775
-0,008172507;       -0,01075726;      4653,793
-0,01377549;       0,002875726;      4653,81
-0,01377549;       -0,002901731;      4653,827
-0,01406891;       -0,006100394;      4653,844
-0,01162214;       0,00296688;      4653,861
-0,01099759;       0,004225882;      4653,878
-0,01406925;       -0,01155427;      4653,895
-0,01196367;       -0,006286455;      4653,913
-0,00202659;       -0,003234897;      4653,931
-0,01130767;       -0,003660903;      4653,952
-0,01130767;       -0,006185673;      4653,969
-0,01688116;       -0,003861871;      4653,987
-0,01534548;       -0,002081533;      4654,002
-0,01500001;       -0,007330962;      4654,021
-0,0144255;       -0,007604731;      4654,039
-0,0227253;       0,005765682;      4654,056
-0,02201174;       0,001389146;      4654,075
-0,01201265;       0,001406113;      4654,093
-0,01766857;       -0,004324066;      4654,11
-0,01766857;       -0,002021515;      4654,127
-0,01742302;       -0,002693533;      4654,146
-0,005214425;       -8,5835E-05;      4654,163
-0,0099653;       0,001351937;      4654,181
-0,005496998;       -0,004722874;      4654,199
-0,005647451;       -0,01350293;      4654,217
-0,01402277;       -0,01332359;      4654,235
-0,002270092;       0,009725162;      4654,252
-0,01371754;       -0,005950434;      4654,27
-0,01371754;       -0,0008511314;      4654,287
-0,01251616;       0,001090924;      4654,306
-0,01128091;       -0,003907807;      4654,323
-0,02082534;       0,003560724;      4654,342
-0,01834167;       0,0032967;      4654,36
-0,02368685;       0,0003258917;      4654,377
-0,01886399;       0,004265174;      4654,396
-0,01912485;       0,01850562;      4654,415
-0,01022712;       0,03214973;      4654,435
-0,01012444;       0,00188085;      4654,453
-0,01656645;       -0,01298665;      4654,472
-0,009715769;       -0,02924123;      4654,491
-0,009715769;       -0,03194067;      4654,509
0,004822488;       -0,01300165;      4654,526
0,01297898;       -0,002786649;      4654,543
0,004643698;       -0,0075959;      4654,561
0,005748507;       0,001241686;      4654,579
-0,003777438;       0,01576225;      4654,598
-0,007119443;       0,01562845;      4654,616
-0,02050298;       0,01613949;      4654,632
-0,03186266;       0,03595051;      4654,65
-0,03186266;       0,03072642;      4654,668
-0,02046781;       0,02174818;      4654,686
-0,009475928;       0,009279428;      4654,704
-0,02989924;       0,0107742;      4654,721
-0,0121021;       -0,0005060649;      4654,739
0,001087444;       -0,03424319;      4654,757
-0,006422968;       -0,02086919;      4654,775
-0,006422968;       -0,02156878;      4654,793
0,0008953065;       -0,01707778;      4654,812
0,0008953065;       0,008297594;      4654,83
-0,001831096;       0,01148126;      4654,847
-0,009683122;       0,01199729;      4654,863
-0,02097404;       0,002433554;      4654,88
-0,02920114;       0,006533417;      4654,899
-0,03367808;       0,008938093;      4654,917
-0,03922698;       0,01650812;      4654,935
-0,04365114;       0,01135645;      4654,954
-0,04855502;       -0,01162944;      4654,971
-0,04855502;       -0,01487762;      4654,989
-0,04132256;       -0,02641507;      4655,006
-0,05513334;       -0,03587693;      4655,023
-0,05467698;       -0,02002019;      4655,04
-0,03729742;       0,02909327;      4655,056
-0,02716043;       0,01911368;      4655,073
-0,03204474;       0,006995976;      4655,09
-0,03204474;       -0,004922641;      4655,105
-0,02710755;       -0,02415388;      4655,124
-0,01821028;       0,009188803;      4655,141
0,001023639;       0,02318345;      4655,158
-0,0017465;       0,03249386;      4655,175
-0,01815441;       -0,02620959;      4655,191
-0,01815441;       -0,03788937;      4655,209
-0,01492666;       -0,0008289197;      4655,227
-0,01704001;       -0,0006446635;      4655,243
-0,04706055;       -0,01368029;      4655,26
-0,0738913;       -0,03669345;      4655,276
-0,09608091;       -0,03515038;      4655,293
-0,09608091;       0,005565562;      4655,309
-0,04923502;       0,06793889;      4655,325
-0,05838826;       -0,04107248;      4655,341
-0,07959629;       -0,05089204;      4655,356
-0,101666;       -0,04754675;      4655,373
-0,101666;       0,03550446;      4655,389
-0,09706733;       0,09245814;      4655,406
-0,07161912;       0,01386039;      4655,424
-0,09287858;       -0,03723799;      4655,441
-0,08431543;       -0,03712011;      4655,458
-0,02972605;       -0,03128237;      4655,475
-0,01481372;       0,02786036;      4655,493
0,01961535;       0,06743913;      4655,51
0,01961535;       -0,007035887;      4655,528
0,06329882;       -0,07622471;      4655,547
0,01254043;       -0,0345709;      4655,563
-0,01418644;       0,01221017;      4655,58
0,01312295;       0,0598519;      4655,597
0,06328288;       0,01924873;      4655,615
0,05223837;       -0,006322897;      4655,634
0,04979261;       -0,01543988;      4655,651
0,04979261;       0,007778565;      4655,668
0,04891395;       0,01434425;      4655,687
0,0729123;       -0,004736856;      4655,706
0,05004336;       0,004642461;      4655,723
0,04858133;       0,01355716;      4655,741
0,06688286;       -0,01374679;      4655,759
0,06613697;       -0,0401019;      4655,777
0,0522516;       -0,02511453;      4655,794
0,0522516;       -0,02511453;      4655,812
0,0318857;       -0,02332756;      4655,829
0,05474029;       -0,004856381;      4655,846
0,03342671;       -0,01329414;      4655,864
-0,03563415;       0,02522606;      4655,883
-0,02266033;       0,03371837;      4655,9
-0,01356974;       0,0215065;      4655,917
-0,01422225;       -0,01389476;      4655,934
-0,01564767;       -0,02440074;      4655,954
-0,02403221;       -0,02456154;      4655,972
-0,02403221;       -0,02162804;      4655,989
-0,009191155;       -0,0174634;      4656,006
0,05958499;       -0,02974652;      4656,025
0,05573757;       -0,02086986;      4656,043
0,02799127;       0,02396199;      4656,061
0,03962377;       0,02155609;      4656,079
0,02608333;       0,01960393;      4656,097
0,02805454;       0,02309242;      4656,115
0,02651364;       -0,003247916;      4656,131
0,02651364;       0,01378212;      4656,148
0,02934623;       0,0109759;      4656,166
-0,001490483;       -0,01372315;      4656,183
-0,0334494;       0,004713628;      4656,199
-0,04591852;       -0,0005942115;      4656,216
-0,04520151;       -0,01558243;      4656,234
-0,05505016;       0,005118199;      4656,252
-0,04831922;       0,0003544884;      4656,272
-0,04129943;       -0,005987826;      4656,29
-0,04129943;       0,005348105;      4656,308
-0,0190366;       -0,002241447;      4656,326
-0,02671213;       -0,006391601;      4656,345
-0,0293582;       -0,01107535;      4656,363
0,01139312;       -0,005783377;      4656,381
0,06703902;       -0,01223273;      4656,397
0,06540022;       -0,02049968;      4656,415
0,04027107;       0,001691632;      4656,432
0,04027107;       -0,006501324;      4656,448
0,00091539;       0,0005412078;      4656,466
0,006966202;       -0,005924692;      4656,483
-0,001389473;       0,002856267;      4656,501
-0,02266148;       0,02238852;      4656,519
-0,01880767;       0,04451875;      4656,536
-0,02290228;       0,03839734;      4656,555
-0,01265269;       0,009981911;      4656,572
-0,004764703;       -0,01142405;      4656,59
-0,004764703;       -0,02264787;      4656,608
0,004397616;       -0,03412638;      4656,625
-0,006182825;       -0,04141668;      4656,643
-0,008920483;       -0,03915778;      4656,66
-0,003166074;       -0,0241481;      4656,678
0,005890343;       -0,02274708;      4656,696
0,02018869;       -0,0133805;      4656,711
0,004080299;       -0,004444707;      4656,73
-0,01049625;       -0,003469806;      4656,75
-0,01049625;       0,02905205;      4656,768
-0,03797411;       0,05368605;      4656,786
-0,06975535;       0,02715994;      4656,805
-0,06166894;       0,01918424;      4656,823
-0,03618129;       0,01303211;      4656,842
-0,01374232;       -0,00810107;      4656,861
-0,008549042;       -0,03470823;      4656,878
0,02270305;       -0,04908052;      4656,898
0,0357162;       -0,006931625;      4656,916
0,05339705;       -0,0006547468;      4656,934
0,03921932;       -0,01806161;      4656,954
0,02683458;       -0,05596478;      4656,971
0,02683458;       -0,04480124;      4656,988
0,003094142;       -0,01074546;      4657,005
-0,02733959;       0,0118673;      4657,021
-0,05448861;       0,03517549;      4657,037
-0,08632263;       0,06951208;      4657,054
-0,09010161;       0,0176453;      4657,071
-0,05287078;       0,01884184;      4657,089
-0,05287078;       0,01345267;      4657,107
-0,02867094;       0,001643295;      4657,125
-0,03294611;       -0,01653373;      4657,143
0,00380669;       -0,04681619;      4657,16
0,03585777;       -0,04114757;      4657,178
0,02454714;       -0,02236662;      4657,194
0,02688877;       -0,03986422;      4657,213
0,01339998;       -0,01322255;      4657,231
0,01339998;       0,006896624;      4657,246
-0,01055272;       0,03511987;      4657,262
-0,02351591;       0,05380221;      4657,278
-0,03605424;       0,05727116;      4657,295
-0,04224044;       0,05191928;      4657,312
-0,04224044;       0,04147743;      4657,327
-0,01887833;       0,0007844483;      4657,345
-0,005127579;       -0,03898133;      4657,361
0,02061139;       -0,04879323;      4657,379
0,01623581;       -0,05519011;      4657,397
0,03358856;       -0,03777931;      4657,417
-0,00392136;       -0,04115044;      4657,434
0,01428224;       -0,01316099;      4657,453
0,03119178;       0,01448037;      4657,473
0,02402585;       0,01459736;      4657,491
-0,004754633;       0,03189386;      4657,509
-0,004754633;       0,001930846;      4657,528
-0,01194613;       -0,02366187;      4657,546
-0,01384936;       -0,03450244;      4657,564
-0,03142137;       0,002165415;      4657,583
-0,02763933;       0,0210387;      4657,601
-0,04967705;       0,04532537;      4657,619
-0,05813322;       0,06957463;      4657,635
-0,04809894;       0,04590921;      4657,654
-0,04453451;       0,0226894;      4657,672
-0,002806144;       0,02336504;      4657,69
-0,002806144;       -0,01817274;      4657,709
0,00552821;       -0,03899156;      4657,727
0,01212645;       -0,04340065;      4657,745
0,03851339;       -0,02266294;      4657,764
0,04406866;       -0,02897816;      4657,782
0,0275958;       -0,04756507;      4657,801
0,02788652;       -0,04923049;      4657,819
0,03041497;       -0,02897554;      4657,836
0,0306908;       0,0008160626;      4657,854
0,006753492;       0,003967003;      4657,872
0,006753492;       0,008201665;      4657,889
-0,0194023;       0,02438879;      4657,906
-0,02182876;       0,01897146;      4657,924
-0,01814304;       -0,0004471103;      4657,942
-0,02787241;       0,006790942;      4657,959
-0,04643688;       0,0313407;      4657,976
-0,06403355;       0,04853528;      4657,994
-0,05975406;       0,04260214;      4658,013
-0,05149943;       0,01507469;      4658,032
-0,05149943;       0,006077841;      4658,05
-0,03701859;       -0,00680983;      4658,068
-0,02934308;       -0,01256358;      4658,085
-0,01876407;       -0,03943609;      4658,105
-0,0135192;       -0,0449193;      4658,124
-0,01425661;       -0,04706733;      4658,142
-0,01109835;       -0,02989187;      4658,16
-0,02244759;       -0,01962314;      4658,177
-8,191541E-05;       -0,01439957;      4658,195
0,01020435;       -0,0164887;      4658,213
0,01020435;       -0,0103447;      4658,229
0,01444294;       -0,007457144;      4658,247
0,007367283;       0,009270599;      4658,265
0,0093723;       0,02096238;      4658,282
0,004266964;       -0,008768864;      4658,299
-0,008278377;       -0,01361997;      4658,317
-0,02570091;       0,03055793;      4658,335
-0,03005802;       0,05264094;      4658,354
-0,04948768;       0,04019288;      4658,373
-0,05526356;       0,009361511;      4658,391
-0,05469;       0,01376121;      4658,411
-0,05469;       0,03294807;      4658,429
-0,03790042;       0,003824215;      4658,448
-0,04735079;       -0,01003013;      4658,466
-0,03501558;       -0,03788124;      4658,483
-0,02415827;       -0,02391397;      4658,5
-0,01093648;       -0,02668207;      4658,517
0,008539094;       -0,02588666;      4658,534
0,01253611;       -0,02808945;      4658,552
0,002492097;       -0,02083669;      4658,57
0,002492097;       -0,006414653;      4658,588
0,01645854;       -0,01023328;      4658,606
0,02053522;       -0,006503437;      4658,625
0,02806966;       -0,02776938;      4658,644
0,0253972;       -0,0445868;      4658,661
-0,0157222;       0,02096028;      4658,68
-0,06790505;       0,05663745;      4658,697
-0,09489072;       0,1070823;      4658,715
-0,1191555;       0,07584623;      4658,733
-0,09303421;       0,004607659;      4658,751
-0,04861175;       0,0001836494;      4658,769
-0,04861175;       -0,01253583;      4658,786
-0,03040196;       -0,02512616;      4658,804
0,01862546;       -0,03403141;      4658,822
0,03856365;       -0,06089729;      4658,841
0,05219886;       -0,0166689;      4658,859
0,04614974;       -0,02377373;      4658,877
0,08213782;       -0,05428882;      4658,896
0,06998386;       -0,0207891;      4658,916
0,04207447;       0,0276853;      4658,933
0,03304465;       0,02161758;      4658,951
0,03304465;       0,003675345;      4658,968
-0,001895087;       0,03320713;      4658,986
-0,02803923;       0,06365499;      4659,003
-0,05637664;       0,05260265;      4659,021
-0,0719289;       0,02959394;      4659,038
-0,09301125;       0,01617278;      4659,054
-0,08398019;       0,02631713;      4659,072
-0,05810214;       0,004704772;      4659,089
-0,05810214;       -0,03084991;      4659,105
-0,04226096;       -0,05759285;      4659,121
-0,03172068;       -0,04054334;      4659,138
-0,01893961;       -0,02664043;      4659,155
-0,005808183;       -0,03464065;      4659,172
-0,005808183;       -0,03938232;      4659,188
0,003108541;       -0,01072637;      4659,208
0,01323295;       -0,01069886;      4659,225
0,0263331;       -0,01240111;      4659,243
0,03976085;       -0,001010795;      4659,261
0,02795714;       -0,0007019024;      4659,277
0,02043011;       -0,0006632777;      4659,295
0,01160366;       0,005835832;      4659,313
-0,0008826051;       0,01221433;      4659,331
-0,01455819;       0,006854655;      4659,35
-0,01455819;       0,007761328;      4659,367
-0,03903465;       0,02672662;      4659,385
-0,05800453;       0,01308918;      4659,402
-0,06847589;       0,01852336;      4659,42
-0,06394719;       0,01885579;      4659,438
-0,05976012;       0,00786687;      4659,456
-0,04466233;       -0,01758688;      4659,474
-0,02462774;       -0,02799994;      4659,492
-0,01119287;       -0,03205525;      4659,512
-0,001007986;       -0,02814412;      4659,53
-0,001007986;       -0,02511218;      4659,547
0,01852529;       -0,02060932;      4659,564
0,02911498;       -0,007610435;      4659,583
0,02825659;       -0,007704169;      4659,601
0,02257692;       -0,01113467;      4659,619
0,01169399;       0,007224855;      4659,637
0,007922355;       0,01417154;      4659,655
-0,004453264;       -0,007452604;      4659,673
-0,01189384;       0,009987894;      4659,691
-0,01189384;       0,03289672;      4659,709
-0,01355774;       0,02575761;      4659,727
-0,03643977;       0,009160569;      4659,745
-0,03619438;       -0,004644209;      4659,763
-0,04177843;       -0,005933808;      4659,78
-0,03240997;       0,005797563;      4659,797
-0,02554137;       0,00829383;      4659,815
-0,008141297;       -0,002589171;      4659,833
-0,02195756;       -0,008780839;      4659,851
-0,01619196;       -0,008700814;      4659,869
-0,01619196;       -0,005396822;      4659,888
-0,01185097;       -0,003272383;      4659,906
-0,005542926;       -0,02451078;      4659,924
-0,007192271;       0,001076682;      4659,943
0,004219037;       -0,0006349736;      4659,962
0,0004062927;       -0,004790226;      4659,979
0,0004253075;       -0,002923454;      4660
-0,008799985;       -0,009176948;      4660,018
-0,01197527;       -0,007878711;      4660,035
-0,01875449;       0,001997299;      4660,053
-0,01833179;       -0,005457635;      4660,072
-0,02290085;       -0,001207982;      4660,09
-0,02290085;       0,01247693;      4660,109
-0,02898718;       0,01107401;      4660,128
-0,02207118;       -0,01810155;      4660,147
-0,02457722;       -0,0003987961;      4660,166
-0,02458884;       0,02085078;      4660,184
-0,02385369;       0,006600382;      4660,203
-0,02184711;       -0,0003092525;      4660,22
-0,01445498;       0,001003002;      4660,238
-0,02245853;       -0,008605681;      4660,257
-0,003071586;       -0,003076955;      4660,277
0,002465031;       -0,0008752523;      4660,296
-0,007070129;       -0,002798042;      4660,314
-0,007070129;       -0,01016026;      4660,332
-0,002632421;       -0,007689382;      4660,35
0,00926701;       0,002011211;      4660,368
0,00926701;       -0,006675524;      4660,389
-0,01458857;       -0,002410255;      4660,409
-0,01384236;       0,01137697;      4660,429
-0,02133182;       0,006491462;      4660,447
-0,00872593;       0,006829536;      4660,467
-0,004222672;       -0,01958324;      4660,486
-0,01834489;       -0,01321457;      4660,505
-0,006645015;       0,00744238;      4660,525
-0,0108822;       0,02107493;      4660,544
-0,002853631;       -0,01541903;      4660,562
-0,01555636;       -0,01447506;      4660,58
-0,01640007;       -0,0009865444;      4660,599
-0,01756724;       0,01871978;      4660,617
-0,0198973;       0,00913315;      4660,637
-0,009255446;       -0,01001221;      4660,655
-0,02387508;       -0,00683511;      4660,674
-0,02321914;       0,01752699;      4660,692
-0,02321914;       0,01754136;      4660,71
-0,004656253;       -0,004179994;      4660,728
-0,02138463;       -0,01451276;      4660,747
-0,01639749;       -0,01094911;      4660,767
-0,01723072;       -0,0002342477;      4660,786
-0,0154159;       0,01027851;      4660,805
-0,006793521;       -0,01409765;      4660,824
-0,008040708;       -0,03277738;      4660,843
-0,01233578;       -0,006581893;      4660,862
-0,01154254;       0,02293119;      4660,881
-0,01015853;       0,01652891;      4660,897
-0,009628922;       -0,01710968;      4660,917
-0,009486434;       -0,01234601;      4660,933
-0,0151142;       0,01306601;      4660,952
0,002346213;       0,01614344;      4660,971
0,002346213;       0,007116252;      4660,988
-0,008060008;       -0,001355536;      4661,006
-0,009922616;       0,001988261;      4661,023
-0,006495624;       -0,001654102;      4661,041
-0,0227973;       0,009678898;      4661,058
-0,02518933;       0,01277908;      4661,076
-0,0320838;       -0,01124096;      4661,094
-0,02691867;       -0,007220585;      4661,112
-0,0195257;       0,0002772734;      4661,129
-0,0195257;       -0,01533939;      4661,147
-0,01303659;       -0,0331058;      4661,165
0,004068565;       -0,03063763;      4661,184
0,004725631;       -0,01941811;      4661,202
0,02085427;       -0,01528857;      4661,219
0,0178544;       0,002768347;      4661,237
0,009826552;       0,00374472;      4661,255
-0,006734824;       0,001108972;      4661,272
-0,01406582;       0,01111588;      4661,292
-0,0115567;       0,005378006;      4661,309
-0,009311087;       0,0113722;      4661,325
-0,0002591762;       0,009342015;      4661,342
0,01836064;       0,02661841;      4661,362
0,04028389;       0,0479551;      4661,379
0,08999263;       0,03591682;      4661,394
0,09783834;       -0,07287249;      4661,41
0,09783834;       -0,09564155;      4661,428
0,1038345;       0,0434063;      4661,447
0,09234985;       -0,01238371;      4661,465
0,0804843;       0,000159299;      4661,485
0,05289091;       -0,03215241;      4661,504
0,01230131;       -0,006167052;      4661,522
-0,00722128;       -0,007874198;      4661,54
-0,0368554;       -0,001131448;      4661,559
-0,03324139;       0,003295784;      4661,576
-0,04196541;       -0,04042977;      4661,594
-0,0449574;       0,01502033;      4661,612
-0,05137967;       -0,0201694;      4661,633
-0,06125796;       -0,01503724;      4661,654
-0,0555298;       0,03706363;      4661,673
-0,05511498;       0,02126873;      4661,692
-0,04085591;       -0,02346264;      4661,711
-0,04856281;       -0,0334564;      4661,731
-0,04117244;       0,02534959;      4661,75
-0,04117244;       0,04867588;      4661,769
-0,03915618;       0,01439246;      4661,788
-0,04237563;       -0,02845806;      4661,806
-0,04292031;       -0,01253598;      4661,825
-0,03869768;       0,0221367;      4661,843
-0,03942458;       0,04281425;      4661,86
-0,03320292;       -0,01228326;      4661,878
-0,03028703;       -0,0246813;      4661,896
-0,02272336;       0,005261358;      4661,913
-0,02272336;       0,01550672;      4661,931
-0,02962033;       0,01102085;      4661,948
-0,02886862;       -0,008006617;      4661,965
-0,01490752;       0,01695011;      4661,981
-0,01045536;       -0,00431576;      4661,999
-0,01166499;       -0,02870041;      4662,019
-0,002638103;       -0,004159357;      4662,035
-0,009993304;       0,0263877;      4662,054
-0,007679016;       -0,0279857;      4662,072
-0,007679016;       0,01378738;      4662,089
-0,0008440381;       -0,003603474;      4662,108
-0,01896368;       -0,02123455;      4662,126
-0,02045208;       -0,009782944;      4662,144
-0,0212359;       0,02437496;      4662,163
-0,0231317;       0,003423385;      4662,18
-0,0231317;       -0,0253078;      4662,196
-0,02974408;       -0,007690715;      4662,215
-0,03271235;       0,008110193;      4662,232
-0,0323371;       -0,02096908;      4662,25
-0,0323371;       -0,009639447;      4662,268
-0,02848464;       -0,009827915;      4662,285
-0,03223623;       -0,001383485;      4662,304
-0,02883691;       -0,02021775;      4662,322
-0,02575956;       0,03256407;      4662,34
-0,009647865;       0,050175;      4662,358
-0,01871347;       -0,005522855;      4662,374
-0,02585706;       -0,007264936;      4662,393
-0,01375147;       0,04613194;      4662,411
-0,01375147;       0,01039366;      4662,429
-0,01976923;       -0,01174449;      4662,448
-0,01674176;       0,01154185;      4662,464
-0,008740971;       0,002217703;      4662,482
-0,000698511;       -0,0212673;      4662,498
-0,01037408;       -0,02377868;      4662,516
-0,008797225;       -0,009544584;      4662,534
-0,00058978;       -0,008183477;      4662,552
0,001959727;       0,007416245;      4662,569
-0,008662526;       -0,01322931;      4662,588
-0,002484078;       -0,03126913;      4662,605
-0,01823162;       -0,01019482;      4662,624
-0,01561232;       0,009625397;      4662,643
-0,02728355;       -0,01785718;      4662,659
-0,01033762;       -0,02075001;      4662,677
-0,02586157;       -0,009255392;      4662,696
-0,01860049;       0,01709053;      4662,714
-0,01568067;       -0,02946576;      4662,732
-0,02125382;       -0,02055467;      4662,751
-0,02125382;       0,003030053;      4662,768
-0,01576237;       0,002608785;      4662,786
-0,01663191;       0,04328314;      4662,805
-0,01281232;       -0,02048815;      4662,822
-0,006876515;       0,004690624;      4662,839
-0,009974931;       0,02012442;      4662,857
-0,01668528;       0,02071328;      4662,875
-0,008918987;       -0,00203813;      4662,894
-0,005418977;       0,01150056;      4662,911
-0,01037611;       -0,01721612;      4662,929
-0,01037611;       -0,03455277;      4662,946
-0,02459772;       -0,01340416;      4662,964
-0,01253938;       0,002078186;      4662,981
-0,01073487;       0,02580731;      4662,998
-0,008920213;       0,01858092;      4663,014
-0,008920213;       -0,03991752;      4663,029
-0,01517133;       -0,02826154;      4663,045
-0,008559976;       -0,00277309;      4663,063
-0,008170721;       0,01169805;      4663,08
-0,0103373;       0,006354819;      4663,097
-0,0157511;       -0,007623096;      4663,114
-0,01576774;       0,008254715;      4663,13
-0,01576774;       -0,01218166;      4663,146
-0,01629884;       0,01044483;      4663,164
-0,01277821;       -0,0001459009;      4663,18
-0,01204163;       0,02552282;      4663,197
-0,008752778;       0,003113569;      4663,214
-0,0179474;       -0,009275671;      4663,231
-0,0179474;       -0,01454648;      4663,247
0,0002545081;       -0,004689131;      4663,263
-0,01769091;       0,02692767;      4663,279
-0,01421454;       -0,02466032;      4663,296
-0,01886013;       -0,004827351;      4663,312
-0,016504;       -0,02620441;      4663,33
-0,016504;       -0,03980929;      4663,347
-0,0122876;       -0,04567394;      4663,363
-0,007459939;       0,003793161;      4663,379
0,03141145;       0,04605829;      4663,396
-0,005718976;       0,174503;      4663,413
-0,03813756;       -0,04488426;      4663,43
-0,03813756;       -0,1934306;      4663,448
-0,01218137;       -0,1717682;      4663,464
-0,1573235;       0,5673819;      4663,481
-0,3725665;       0,7632624;      4663,499
-0,2713746;       -0,1337472;      4663,516
-0,2231486;       -0,6059557;      4663,534
0,009527043;       0,0434765;      4663,553
0,009527043;       -0,05220273;      4663,568
0,4148278;       -0,1460512;      4663,587
0,4908211;       0,1777497;      4663,604
0,1864116;       -0,05701341;      4663,622
0,04603472;       -0,08747756;      4663,639
0,006463827;       -0,0406762;      4663,656
-0,06717992;       -0,01549657;      4663,674
-0,1089482;       -0,05239252;      4663,692
-0,1089482;       -0,02824141;      4663,71
-0,08690612;       0,05657087;      4663,727
-0,07886438;       0,1379827;      4663,745
-0,07513145;       0,1277975;      4663,762
-0,04023489;       0,109928;      4663,78
-0,05900044;       -0,02265713;      4663,797
-0,03184295;       -0,1430115;      4663,815
0,01143531;       0,02179341;      4663,833
0,006245409;       0,0326986;      4663,851
0,006245409;       -0,03199333;      4663,867
0,02466215;       -0,01092422;      4663,885
0,02204791;       0,01477579;      4663,903
0,01136481;       -0,002553562;      4663,921
0,0123818;       0,001257829;      4663,939
0,002197734;       0,007091516;      4663,957
-0,02743743;       -0,02048313;      4663,975
-0,01946793;       -0,006286452;      4663,994
-0,01086484;       0,01571617;      4664,013
-0,01086484;       0,06789864;      4664,03
-0,007833972;       0,05291349;      4664,048
-0,02489574;       -0,05590529;      4664,066
-0,01032012;       -0,02238753;      4664,084
-0,009615164;       0,06268799;      4664,102
-0,01135518;       0,04301742;      4664,119
-0,002971876;       -0,07216239;      4664,136
0,004139172;       -0,02100685;      4664,155
-0,003028645;       0,03227987;      4664,172
-0,009140097;       -0,006133436;      4664,191
-0,009140097;       -0,03818304;      4664,208
0,002205363;       0,008882766;      4664,226
-0,004259474;       0,05200256;      4664,243
-0,01832348;       -0,04630824;      4664,26
-0,003747458;       -0,04093046;      4664,277
-0,006786502;       0,0003850115;      4664,295
-0,01387313;       0,02166039;      4664,313
-0,02071863;       -0,01683239;      4664,332
-0,02071863;       -0,0003704749;      4664,349
-0,02049804;       -0,004566326;      4664,367
-0,01548262;       -0,02205648;      4664,385
-0,0236813;       -0,007944703;      4664,403
-0,01292157;       0,03258832;      4664,42
-0,01961953;       0,009736276;      4664,438
-0,0143106;       -0,00742108;      4664,456
-0,006298529;       -0,0007464379;      4664,475
-0,007342541;       -0,004641768;      4664,492
-0,008669246;       0,006761793;      4664,51
-0,008669246;       -0,000613875;      4664,526
-0,01477689;       -0,0123995;      4664,543
0,004589726;       -0,008138812;      4664,562
-0,01017599;       -0,003624184;      4664,579
-0,01198147;       -0,01952561;      4664,597
-0,008588008;       0,0001013944;      4664,615
-0,01073009;       0,01190347;      4664,632
-0,01109956;       -0,009343542;      4664,651
-0,01176532;       -0,01835852;      4664,67
-0,01176532;       -0,01421992;      4664,688
-0,01153187;       -0,001024149;      4664,706
-0,01220273;       0,01793142;      4664,726
-0,01522982;       -0,004401704;      4664,744
-0,01445386;       -0,009744887;      4664,761
-0,01379973;       -0,009688117;      4664,779
-0,006052235;       -0,009108048;      4664,795
-0,01416064;       -0,001782261;      4664,813
-0,01290824;       0,009489721;      4664,833
-0,01584216;       -0,01929107;      4664,85
-0,00811668;       -0,02001748;      4664,869
-0,00811668;       -0,003360021;      4664,886
-0,01203548;       -0,003161526;      4664,904
-0,01105391;       0,005479591;      4664,922
-0,01195824;       -0,004811303;      4664,94
-0,01230823;       -0,01352913;      4664,957
-0,01048905;       -0,006134886;      4664,974
-0,007473584;       0,01138838;      4664,992
-0,007473584;       0,0005759061;      4665,007
-0,01764982;       -0,01038867;      4665,024
-0,005668557;       0,002699635;      4665,041
-0,007378641;       0,003545083;      4665,057
-0,003114654;       -0,004643107;      4665,073
-0,01179437;       0,0005956919;      4665,089
-0,01179437;       0,007114859;      4665,104
-0,007463296;       -0,005040133;      4665,121
-0,006957237;       -0,001078787;      4665,137
-0,003212761;       -0,0006200944;      4665,153
-0,0102572;       0,00433246;      4665,169
-0,0102572;       -0,009602282;      4665,186
-0,01080415;       -0,005901822;      4665,201
-0,009361333;       0,0004663181;      4665,218
-0,004750699;       0,004824628;      4665,234
-0,009859953;       0,0006470134;      4665,251
-0,009859953;       0,006716802;      4665,269
-0,01350418;       -0,009074753;      4665,285
-0,01534504;       0,005722009;      4665,303
-0,01226949;       -0,004196091;      4665,32
-0,01045104;       -0,005139995;      4665,336
-0,01016404;       0,001426786;      4665,353
-0,01186412;       0,01489339;      4665,37
-0,01186412;       -0,009880042;      4665,385
-0,01053704;       -0,009518909;      4665,402
-0,006692948;       -0,008540086;      4665,419
-0,01086163;       -0,006159111;      4665,437
-0,005705534;       -0,002455478;      4665,455
-0,01001334;       0,001527407;      4665,473
-0,007132715;       -0,01459941;      4665,49
-0,007132715;       -0,01027538;      4665,508
-0,007047458;       -0,0009422409;      4665,527
-0,01451582;       0,0045856;      4665,545
-0,01169096;       -0,005759401;      4665,564
-0,01139935;       0,001650456;      4665,582
-0,004652539;       -0,007370461;      4665,601
-0,01037454;       -0,003452996;      4665,618
-0,01261393;       -0,006438794;      4665,636
-0,00614294;       -0,004125129;      4665,655
-0,009946153;       0,006101156;      4665,673
-0,01271179;       -0,00780049;      4665,692
-0,004419105;       -0,001515453;      4665,711
-0,004419105;       -0,0005760574;      4665,729
-0,007702843;       0,002031154;      4665,748
-0,01277939;       0,00100712;      4665,765
-0,007614232;       -0,009758796;      4665,784
-0,005763173;       0,0009033468;      4665,802
-0,01094685;       0,004871225;      4665,821
-0,01205954;       -0,01313397;      4665,84
-0,005951243;       0,009162401;      4665,858
-0,008822918;       -0,006703496;      4665,877
-0,008822918;       -0,01066142;      4665,896
-0,01030103;       0,001882105;      4665,912
-0,007652023;       0,002688142;      4665,93
-0,007652023;       0,001976906;      4665,948
-0,01418388;       -0,006432788;      4665,967
-0,008526537;       -0,000233412;      4665,984
-0,004639117;       0,005953046;      4666,001
-0,011689;       0,00127768;      4666,021
-0,009508274;       -0,001376534;      4666,039
-0,01349298;       -0,00113608;      4666,056
-0,007114862;       -0,01309525;      4666,073
-0,01032181;       -0,001037924;      4666,092
-0,01032181;       0,004030821;      4666,109
-0,005450591;       -0,001944433;      4666,127
-0,01129978;       -0,01578654;      4666,145
-0,009335163;       -0,003156132;      4666,163
-0,004304758;       -0,001280787;      4666,179
-0,01161031;       0,007418921;      4666,196
-0,01115924;       0,0006382727;      4666,213
-0,01808715;       -0,005633091;      4666,231
-0,008208654;       0,001359367;      4666,25
-0,008208654;       -0,004053428;      4666,267
-0,008418776;       0,002546239;      4666,285
-0,0176128;       -0,004869174;      4666,303
-0,01224683;       0,004480427;      4666,32
-0,005262082;       -0,005029924;      4666,336
-0,01721039;       -0,006530593;      4666,354
-0,008966359;       0,000451593;      4666,371
-0,01180998;       -0,009249051;      4666,39
-0,01180998;       -0,00803013;      4666,407
-0,0132771;       0,003047936;      4666,425
-0,012645;       -0,002249439;      4666,443
-0,01618597;       -0,0004796124;      4666,461
-0,006526901;       -0,004662473;      4666,479
-0,012626;       -0,005713663;      4666,497
-0,01548861;       -0,00548155;      4666,516
-0,005190457;       -0,01098661;      4666,534
-0,008274266;       -0,001139422;      4666,553
-0,01046703;       0,006931359;      4666,571
