0,002846426;       -0,001047953;      3423,403
-0,0005584536;       0,004691928;      3423,422
0,001759228;       -0,007486943;      3423,441
0,003299348;       -0,02408223;      3423,46
-0,002089574;       -0,02608005;      3423,479
0,001980257;       0,0222795;      3423,497
0,001980257;       0,007644364;      3423,514
0,0003641951;       0,001258315;      3423,531
0,001697083;       0,002907757;      3423,55
0,0004017998;       -0,02053177;      3423,569
0,0001746155;       0,00963774;      3423,585
0,002748877;       -0,02143946;      3423,604
-0,003814003;       -0,03784876;      3423,623
0,002811614;       0,03024206;      3423,642
0,004567569;       -0,01006851;      3423,661
-0,00179196;       0,00488373;      3423,679
-0,006410795;       -0,03093949;      3423,698
6,061746E-05;       -0,009606386;      3423,718
0,001764453;       0,01599058;      3423,737
-0,005300487;       -0,003918117;      3423,757
0,0005093474;       0,003725348;      3423,777
0,0005093474;       -0,01914965;      3423,795
-0,002280313;       -0,01088187;      3423,813
0,0003688271;       0,007582569;      3423,832
0,002898978;       0,008316782;      3423,851
0,007705026;       -0,03241975;      3423,871
-0,001949144;       0,01185812;      3423,889
-0,00438756;       0,003982059;      3423,907
0,0007557861;       -0,005779117;      3423,925
-0,003142562;       0,02353538;      3423,942
0,00445688;       -0,01631247;      3423,96
0,003169809;       -0,003217248;      3423,978
-0,003539606;       -0,006824024;      3423,997
-0,004236329;       0,01296807;      3424,015
0,002883799;       0,01087438;      3424,032
-0,0008812618;       0,005906135;      3424,049
0,002177833;       0,001855623;      3424,067
-0,0006664606;       -0,02377141;      3424,086
-0,002073186;       0,001589738;      3424,104
0,002307353;       0,02569854;      3424,121
0,003507549;       -0,01864282;      3424,139
-0,004320534;       0,006336925;      3424,158
-0,004320534;       0,0118978;      3424,175
0,007550079;       -0,03149211;      3424,193
-0,006661158;       0,00775555;      3424,21
0,0004533993;       -0,003595584;      3424,228
-0,00446133;       -0,01585582;      3424,246
-0,004507714;       0,02243166;      3424,264
0,004288529;       -0,007527536;      3424,281
-0,0007907143;       0,0007227412;      3424,3
-0,001570831;       0,02372512;      3424,318
-0,002546745;       -0,01047761;      3424,337
-0,002863583;       -0,003154643;      3424,356
-0,002863583;       -0,02924735;      3424,375
0,0008530815;       -0,02910173;      3424,393
-0,006375843;       0,03148713;      3424,411
0,004261358;       -0,006102094;      3424,429
0,003587406;       0,001587138;      3424,446
0,002471417;       -0,006185287;      3424,464
-0,0007578549;       -0,0173011;      3424,482
-0,0007738687;       -0,003996762;      3424,499
-0,0003098082;       -0,006255581;      3424,518
-0,0003098082;       -0,01612022;      3424,535
-0,004297147;       0,00639634;      3424,552
-0,003173429;       0,004372762;      3424,569
0,001869016;       0,008547875;      3424,587
-0,003669279;       -0,02773046;      3424,604
-0,0006907792;       -0,02167761;      3424,705
0,0005490301;       -0,01429644;      3424,723
0,0005490301;       -0,01234417;      3424,74
0,001020313;       0,01346382;      3424,758
0,002015087;       0,003741226;      3424,776
0,006759543;       0,002248508;      3424,794
0,002546434;       -0,02023688;      3424,812
-0,009075439;       -0,01431596;      3424,829
-0,005830463;       -0,01157425;      3424,847
0,007443748;       0,007956695;      3424,865
0,0004845723;       -0,001279847;      3424,884
0,0004845723;       0,001556653;      3424,902
-0,00679087;       -0,01207463;      3424,92
0,001008291;       -0,02662585;      3424,938
0,002065629;       0,0145385;      3424,956
0,001596218;       -0,003998617;      3424,972
-0,001802717;       -0,01501988;      3424,989
-0,003367375;       -0,01350247;      3425,007
0,00244905;       0,001525692;      3425,026
0,0007856986;       -0,02377644;      3425,044
0,008243285;       0,03248542;      3425,063
0,008243285;       -0,01867394;      3425,08
-0,0006577455;       -0,03667268;      3425,098
-0,009327739;       0,01071426;      3425,116
0,007726173;       0,007836724;      3425,135
-0,00152771;       -0,01895274;      3425,155
-0,00869045;       9,559339E-05;      3425,174
-0,003195961;       -0,008738577;      3425,194
-0,004212466;       -0,006117753;      3425,213
-8,298876E-05;       -0,0008076251;      3425,231
0,001128693;       0,004383648;      3425,25
0,002011416;       0,01079488;      3425,267
-0,0002790298;       -0,008361285;      3425,284
0,001216142;       0,00385311;      3425,302
0,001216142;       -0,00786539;      3425,32
0,0008051582;       0,005528409;      3425,338
0,005264839;       -0,02293858;      3425,356
-0,006656957;       -0,001817505;      3425,374
0,00128705;       -0,003585472;      3425,394
-0,004762383;       0,007519449;      3425,414
0,001159047;       0,005195281;      3425,435
0,003887094;       0,0001747591;      3425,451
-0,0009462115;       -0,02696152;      3425,47
-0,006268027;       -0,01221697;      3425,488
-0,001414863;       -0,004716966;      3425,507
0,0004662662;       0,001965789;      3425,525
-0,00552399;       0,005010577;      3425,543
-0,00552399;       -0,00419448;      3425,561
-7,327413E-05;       -0,01379946;      3425,579
-0,002354183;       -0,01412464;      3425,598
0,005547799;       0,01473277;      3425,617
0,003990424;       0,004630141;      3425,637
-0,00320297;       -0,0131208;      3425,655
-0,008519154;       -0,0270968;      3425,672
0,0002349589;       0,03142131;      3425,692
0,006633999;       -0,008485947;      3425,71
-0,001682645;       -0,01487563;      3425,727
-0,002183265;       -0,01440344;      3425,746
-0,005422674;       -0,02378794;      3425,763
-0,005422674;       0,02107604;      3425,781
0,003261315;       -0,0139916;      3425,799
-0,002288088;       0,004218883;      3425,816
0,005391791;       0,00836719;      3425,833
-0,001555494;       -0,02757277;      3425,851
-0,005030472;       0,002480191;      3425,87
-0,001856297;       -0,0312871;      3425,888
0,002212264;       0,01986417;      3425,907
9,078594E-05;       0,007988866;      3425,925
-0,004406232;       -0,01163181;      3425,943
-0,004406232;       -8,276093E-05;      3425,962
-0,006399955;       -0,01489664;      3425,979
-0,000809351;       0,008435461;      3425,998
1,046463E-05;       0,01093958;      3426,016
8,565537E-05;       -0,007455686;      3426,034
-0,001799176;       -0,01191105;      3426,05
0,006157334;       0,009711997;      3426,069
0,001924944;       -0,009059319;      3426,087
-0,002199675;       0,003463586;      3426,104
-0,001337606;       -0,01454678;      3426,122
-0,001337606;       -0,02330799;      3426,14
4,712347E-06;       0,03153123;      3426,158
0,001498942;       -0,007911219;      3426,177
-0,001465522;       -0,0007250144;      3426,195
0,003821792;       -0,019303;      3426,213
0,003442396;       0,01151708;      3426,231
0,03719446;       0,01784629;      3426,248
0,0463239;       -0,01342177;      3426,267
-0,02507442;       0,009124136;      3426,284
-0,02507442;       0,04522571;      3426,302
-0,05827188;       -0,004768034;      3426,32
-0,02024649;       -0,02996004;      3426,339
0,01167473;       -0,0546362;      3426,356
-0,003191768;       -0,02142943;      3426,376
-0,01142669;       0,0008668401;      3426,394
-0,003880056;       -0,01443237;      3426,413
-0,002253772;       0,02771023;      3426,431
-0,007496275;       0,03275642;      3426,449
-0,006697712;       -0,01515887;      3426,467
-0,001430865;       0,02287351;      3426,484
0,007693099;       -0,01655155;      3426,502
0,007693099;       -0,0310058;      3426,521
0,001701521;       -0,006380672;      3426,538
-0,0007591974;       0,008075373;      3426,556
0,002703587;       0,005310329;      3426,576
0,008957868;       -0,0129526;      3426,594
-0,006808123;       -0,03172683;      3426,611
-0,006808123;       0,01988402;      3426,628
0,002898094;       0,04034358;      3426,646
0,007545971;       -0,01191603;      3426,663
0,007545971;       -0,01255384;      3426,679
-0,009168052;       -0,04214678;      3426,695
-0,007618323;       -0,001550718;      3426,713
0,003272582;       0,01142866;      3426,73
0,004766848;       -0,005243627;      3426,747
-0,0007293331;       -0,01356615;      3426,766
-0,003523573;       0,006616943;      3426,784
-0,003523573;       0,01970091;      3426,801
-0,002311683;       -0,02658618;      3426,819
-0,006952423;       0,01523705;      3426,837
0,002119698;       -0,0006185465;      3426,854
-0,002409836;       -0,02269022;      3426,871
0,002776579;       -0,007132671;      3426,89
0,001396291;       0,02124237;      3426,907
0,006982889;       0,001671688;      3426,925
-0,008610362;       -0,01956077;      3426,943
-0,008610362;       0,009166315;      3426,961
5,134754E-05;       -0,005548885;      3426,981
0,002358275;       -0,003743135;      3426,997
0,002755373;       0,00455223;      3427,015
0,006386195;       -0,01655119;      3427,032
0,03385449;       0,003425662;      3427,049
0,1174227;       -0,001905477;      3427,065
0,1174227;       0,07313744;      3427,082
0,09470917;       0,09213398;      3427,099
-0,09991828;       0,1503958;      3427,117
-0,2088895;       0,1407903;      3427,135
-0,002729952;       0,04045625;      3427,155
0,03840937;       0,07511453;      3427,173
-0,02286256;       0,0945201;      3427,19
-0,02166016;       -0,09594463;      3427,207
0,01853616;       -0,2580422;      3427,224
0,03477225;       -0,1967878;      3427,243
0,03477225;       0,004683036;      3427,261
-0,00728138;       0,1104455;      3427,28
-0,01396518;       0,1694886;      3427,296
-0,006852491;       0,3044045;      3427,315
0,0069751;       0,1692955;      3427,333
0,0007301643;       -0,06661362;      3427,352
0,0257984;       -0,07636361;      3427,369
0,06798799;       0,07521155;      3427,387
0,01874406;       0,2419457;      3427,405
-0,09779811;       0,2712525;      3427,423
-0,02857323;       0,1068265;      3427,443
-0,02857323;       -0,02221136;      3427,46
0,01439083;       -0,05645864;      3427,478
-0,008882395;       -0,1193086;      3427,495
-0,01056265;       -0,1398202;      3427,513
0,006858198;       -0,04951943;      3427,531
0,01885809;       0,05155076;      3427,548
-0,0239381;       0,06495611;      3427,566
-0,01852039;       -0,1035986;      3427,583
-0,01852039;       -0,1809955;      3427,602
0,004797686;       -0,177102;      3427,621
0,01077969;       -0,1232074;      3427,638
0,005287353;       -0,07215874;      3427,656
-0,03213343;       -0,07117335;      3427,674
-0,01278254;       -0,09643316;      3427,692
0,03234895;       -0,06150705;      3427,71
0,005775956;       -0,005681308;      3427,728
-0,04307572;       0,1029328;      3427,745
-0,027609;       0,08458409;      3427,763
-0,027609;       0,01390976;      3427,781
-0,008734695;       -0,08001883;      3427,798
-0,01691511;       -0,151048;      3427,816
-0,03450543;       -0,2405271;      3427,834
-0,04586075;       -0,2706037;      3427,852
-0,01058049;       -0,1679965;      3427,871
0,05284476;       -0,1140069;      3427,889
0,05181632;       -0,0724337;      3427,907
-0,005393554;       -0,1754571;      3427,925
-0,01022865;       -0,1723394;      3427,943
-0,01022865;       -0,1237198;      3427,961
0,01796912;       -0,1259277;      3427,979
-0,005109837;       -0,1421538;      3427,996
-0,02236476;       -0,1207033;      3428,013
-0,02323882;       -0,01132618;      3428,031
0,02590194;       0,0112627;      3428,048
-0,001899166;       0,01575706;      3428,066
-0,01392318;       0,006065258;      3428,083
-0,01392318;       0,04126224;      3428,102
-0,04445809;       0,06548464;      3428,122
-0,003764805;       0,01500546;      3428,139
-0,008807697;       -0,05326895;      3428,156
0,01928726;       0,05188763;      3428,173
-0,002197501;       0,1485257;      3428,191
-0,01712455;       0,1827692;      3428,209
-0,006074279;       0,1211869;      3428,227
0,02491646;       0,02412838;      3428,245
-0,002029752;       -0,1152262;      3428,264
-0,03493091;       -0,1547486;      3428,282
-0,03493091;       -0,07832881;      3428,3
-0,01842589;       -0,02833146;      3428,318
-0,000633264;       0,1095251;      3428,336
-0,002700673;       0,2758837;      3428,353
-0,01219263;       0,3258891;      3428,37
0,01696188;       0,4454314;      3428,386
0,0872477;       0,5562495;      3428,406
0,04648669;       -0,02962577;      3428,424
-0,007076349;       -0,3113929;      3428,443
-0,007076349;       0,05868805;      3428,462
0,006316963;       0,2944395;      3428,478
0,0007018242;       0,5620456;      3428,493
-0,02692852;       0,4361323;      3428,51
0,003679749;       0,3110894;      3428,527
-0,009116247;       0,0269843;      3428,543
-0,009116247;       -0,223693;      3428,561
-0,006074163;       -0,2861861;      3428,578
0,002253473;       -0,1413315;      3428,594
-0,002855526;       0,07533994;      3428,61
-0,02071526;       0,1293074;      3428,627
-0,009546978;       0,03466204;      3428,644
-0,009546978;       -0,06952903;      3428,662
0,001589055;       -0,07712302;      3428,678
0,01832155;       -0,0764992;      3428,696
0,002033014;       -0,04535;      3428,712
-0,01030494;       -0,04048874;      3428,729
0,02622645;       -0,07293931;      3428,745
0,02622645;       -0,0854426;      3428,762
0,01731467;       -0,04592563;      3428,779
-0,01113129;       0,08614593;      3428,796
-0,01113129;       0,1179664;      3428,814
-0,01464374;       -0,01093082;      3428,832
-0,003734597;       -0,07731424;      3428,85
-0,0001817641;       -0,08951744;      3428,867
0,001979943;       -0,09503578;      3428,885
0,001979943;       -0,09789796;      3428,902
-0,005914365;       -0,08808286;      3428,921
-0,0003703805;       -0,08657829;      3428,939
-0,01268056;       -0,07405998;      3428,957
-0,02553089;       -0,08856375;      3428,974
-0,02731879;       -0,1399961;      3428,991
-0,03435477;       -0,1647086;      3429,009
-0,02405191;       -0,1811392;      3429,026
0,01096561;       -0,1736854;      3429,044
0,01096561;       -0,1553778;      3429,063
0,04979225;       -0,07984978;      3429,08
0,0115799;       -0,0529593;      3429,097
-0,03369612;       -0,1441032;      3429,115
-0,01809335;       -0,1860402;      3429,133
0,04726441;       -0,1353817;      3429,15
0,05352977;       -0,1460945;      3429,169
-0,02908352;       -0,1729985;      3429,186
-0,03158637;       -0,163775;      3429,204
-0,03158637;       -0,1150011;      3429,222
0,02297323;       -0,10904;      3429,239
0,04665837;       -0,0954617;      3429,257
-0,001951207;       -0,03769942;      3429,274
-0,04106747;       0,06235656;      3429,292
-0,02430231;       0,1009035;      3429,309
-0,02430231;       0,1080319;      3429,328
-0,049817;       -0,02444872;      3429,346
-0,04894715;       -0,07304623;      3429,363
-0,04894715;       -0,04124959;      3429,381
0,008048693;       0,001878167;      3429,399
0,005847944;       0,01593019;      3429,417
0,01914778;       0,1875447;      3429,434
-0,01403577;       0,2690001;      3429,454
-0,02220991;       0,2452797;      3429,472
-0,003628824;       0,1387027;      3429,491
0,009985914;       0,1029966;      3429,508
0,0008762423;       0,02323973;      3429,527
-0,01644283;       -0,0227727;      3429,545
-0,01210018;       -0,03207692;      3429,563
-0,01210018;       -0,08132615;      3429,58
-0,007531067;       0,09996538;      3429,598
0,01764556;       0,3242538;      3429,615
0,02452456;       -0,004193574;      3429,633
-0,001978782;       -0,1782013;      3429,65
0,004546853;       0,05328901;      3429,669
0,007548906;       0,1900395;      3429,686
0,005392171;       0,1460122;      3429,704
0,005392171;       -0,05785336;      3429,721
-0,002636858;       -0,03409085;      3429,739
-0,001540281;       0,01213642;      3429,757
0,003188905;       -0,006134327;      3429,775
0,004859443;       -0,02197623;      3429,794
0,001429745;       -0,02834336;      3429,813
-0,0002161315;       -0,002473897;      3429,832
0,005733405;       0,01307401;      3429,851
0,01250418;       -0,02478878;      3429,87
0,005941627;       -0,02131557;      3429,888
0,03754393;       -0,00736437;      3429,906
0,0512292;       0,01782492;      3429,923
0,0512292;       0,05619069;      3429,942
0,02382446;       0,1490588;      3429,961
-0,04769916;       0,1607912;      3429,981
-0,05280497;       0,1823811;      3430
-0,0003621997;       0,2257653;      3430,018
0,003072889;       0,2516847;      3430,036
-0,01323584;       0,1492343;      3430,055
-0,01028905;       0,05945711;      3430,075
0,01237519;       -0,0467869;      3430,093
0,02843374;       -0,1299723;      3430,111
-0,009352647;       -0,07456706;      3430,13
-0,02591347;       0,1312026;      3430,147
-0,009967881;       0,2016281;      3430,165
0,004730836;       0,06362906;      3430,184
0,01162637;       -0,02093624;      3430,204
0,01162637;       0,02347098;      3430,221
0,008669752;       0,05191133;      3430,24
-0,0139568;       0,05191133;      3430,256
0,02752569;       0,03177461;      3430,273
0,002672777;       0,03906874;      3430,292
-0,02897287;       0,01986012;      3430,31
-0,007293357;       0,004278212;      3430,33
0,02274214;       0,07365758;      3430,348
-0,01441493;       0,1422055;      3430,366
-0,04849954;       0,02955236;      3430,386
-0,01502304;       -0,1260009;      3430,407
0,01286688;       -0,1990822;      3430,426
-0,007973804;       -0,2380889;      3430,445
-0,007973804;       -0,2348783;      3430,463
-0,04325799;       -0,2342114;      3430,483
-0,04325799;       -0,2301712;      3430,502
-0,006436184;       -0,2258294;      3430,519
-0,01259317;       -0,1366647;      3430,532
0,03785119;       -0,1264332;      3430,549
0,03118907;       -0,1768888;      3430,565
0,03118907;       -0,2011418;      3430,582
-0,02949634;       -0,1915508;      3430,6
-0,02952029;       -0,1646009;      3430,618
0,001582514;       -0,1097946;      3430,637
0,03840418;       -0,123471;      3430,655
0,02545094;       -0,09438958;      3430,674
-0,01817766;       -0,06455418;      3430,692
-0,004311398;       -0,1193934;      3430,712
0,02223223;       -0,1746473;      3430,731
-0,03651955;       -0,2076043;      3430,75
-0,01357694;       -0,1882743;      3430,768
0,04623336;       -0,1806832;      3430,787
0,08415458;       -0,1392466;      3430,807
0,08415458;       -0,0795269;      3430,825
-0,09798712;       0,01450227;      3430,845
-0,03503133;       -0,05871478;      3430,864
-0,03503133;       -0,07240542;      3430,881
0,03334422;       -0,05023398;      3430,899
-0,005999006;       -0,08059618;      3430,918
-0,02052443;       -0,08093491;      3430,938
-0,006736111;       -0,0657496;      3430,957
-0,02617695;       0,04938593;      3430,976
-0,0216336;       0,09709783;      3430,995
-0,005294268;       0,1926124;      3431,012
0,01701086;       0,2995524;      3431,029
0,04083328;       0,3338678;      3431,047
-0,0009510852;       0,4374543;      3431,065
-0,02215748;       0,9264637;      3431,083
-0,02215748;       0,3767113;      3431,102
0,02766687;       -0,1369833;      3431,121
0,02313466;       -0,2912178;      3431,139
-0,01080624;       -0,4848699;      3431,158
-0,03424937;       -0,3704966;      3431,176
0,008762449;       0,03286849;      3431,196
0,03533648;       0,521889;      3431,216
0,01686031;       0,2719646;      3431,235
0,02276791;       0,06975061;      3431,258
-0,01188757;       0,05788807;      3431,277
0,05348141;       -0,01879046;      3431,296
-0,008820205;       0,1147702;      3431,314
-0,02110239;       0,2752272;      3431,333
0,004373577;       0,2278349;      3431,352
0,002216904;       0,2772684;      3431,371
-0,01521943;       0,2439868;      3431,389
0,001812287;       0,1098229;      3431,407
0,00487783;       0,04629824;      3431,426
-0,01172453;       0,03002673;      3431,446
0,01168704;       -0,007303044;      3431,464
0,02958699;       0,02665708;      3431,483
0,0006324593;       0,1447236;      3431,503
-0,03957069;       0,2724355;      3431,522
-0,03957069;       0,1557203;      3431,541
-0,01705166;       -0,09442438;      3431,561
-0,007792336;       -0,2156911;      3431,58
-0,01307408;       -0,2442531;      3431,598
-0,02960973;       -0,2912;      3431,615
-0,0109704;       -0,2464636;      3431,634
0,01419287;       -0,2191659;      3431,652
-0,001166837;       -0,1941461;      3431,669
0,003431771;       -0,1305805;      3431,688
0,01636264;       -0,008321589;      3431,706
0,003832389;       -0,1388813;      3431,724
0,001519186;       -0,1746756;      3431,743
0,001519186;       -0,140044;      3431,761
0,0423428;       -0,1117362;      3431,779
0,01702154;       -0,03897558;      3431,797
-0,04474956;       -0,01503405;      3431,816
-0,04189342;       0,02237047;      3431,834
-0,04245169;       0,05646178;      3431,852
-0,01181719;       -0,01567213;      3431,871
0,01264747;       -0,03896467;      3431,889
0,008709547;       -0,05002899;      3431,907
-0,03588785;       -0,04926244;      3431,925
-0,04791652;       -0,08120037;      3431,943
-0,01176911;       -0,1271593;      3431,964
0,01830327;       -0,1500008;      3431,983
0,01830327;       -0,1642493;      3432
0,01205664;       -0,1685449;      3432,02
0,0216132;       -0,1671845;      3432,038
-0,01153989;       -0,2077949;      3432,056
0,0173564;       -0,2408968;      3432,075
0,02638023;       -0,2616414;      3432,093
0,001161307;       -0,3273792;      3432,111
9,843707E-05;       -0,3723703;      3432,129
0,1602267;       -0,3266929;      3432,147
-0,01782451;       -0,217958;      3432,166
-0,01782451;       -0,2481865;      3432,183
-0,1639659;       -0,3735772;      3432,201
-0,1049295;       -0,3683263;      3432,218
0,05433018;       -0,01775558;      3432,236
-0,01825156;       0,2453285;      3432,255
-0,09610865;       0,2674952;      3432,273
-0,09610865;       0,3187009;      3432,291
-0,02140693;       0,3792437;      3432,31
0,07794368;       0,6710029;      3432,329
0,0131061;       0,6908371;      3432,347
0,09048148;       0,9609331;      3432,365
-0,02624725;       0,275943;      3432,383
-0,02624725;       -0,7433253;      3432,401
-0,1020894;       -0,8054031;      3432,42
-0,009017974;       -0,6655765;      3432,438
0,1086727;       -0,1093714;      3432,455
0,01210975;       0,785943;      3432,473
0,005543268;       0,6463415;      3432,49
-0,0171529;       0,3280065;      3432,51
0,05649269;       0,2580919;      3432,527
0,01180726;       0,06917629;      3432,547
-0,03299398;       0,02336115;      3432,565
0,0237383;       0,1882503;      3432,582
0,05108547;       0,228707;      3432,6
0,008528074;       0,2510288;      3432,618
-0,01536354;       0,278973;      3432,637
-0,01708064;       0,2315568;      3432,654
-0,009491457;       0,07822618;      3432,673
0,01057146;       -0,04268752;      3432,692
-0,01981807;       -0,09423543;      3432,71
-0,05407226;       -0,08378375;      3432,728
-0,01132358;       -0,06975818;      3432,745
-0,006309406;       -0,1013888;      3432,763
-0,006309406;       -0,119741;      3432,781
-0,02663981;       -0,1502495;      3432,801
0,002895813;       -0,1850663;      3432,82
0,04410073;       -0,1874343;      3432,837
0,04410073;       -0,1874343;      3432,854
0,01057166;       -0,1586492;      3432,872
-0,02688028;       -0,1189542;      3432,892
-0,062397;       -0,07647244;      3432,91
-0,04239952;       -0,05982675;      3432,928
-0,01158589;       -0,08961993;      3432,944
-0,009516783;       -0,1318387;      3432,963
-0,009516783;       -0,1675535;      3432,981
-0,004570773;       -0,1626007;      3433,001
-0,005330095;       -0,132641;      3433,02
-0,03261671;       -0,1267025;      3433,038
-0,0466789;       -0,1383568;      3433,056
-0,009296506;       -0,2271503;      3433,074
-0,02180262;       -0,2461931;      3433,092
0,02232023;       -0,2535054;      3433,111
0,1026484;       -0,2526391;      3433,129
0,06840487;       -0,2972902;      3433,147
-0,05108644;       -0,3848298;      3433,166
-0,1264222;       -0,5000212;      3433,183
-0,1264222;       -0,4924788;      3433,201
-0,02494198;       -0,4285108;      3433,219
0,1818712;       -0,2844968;      3433,236
0,1981416;       -0,1524203;      3433,255
-0,06946152;       -0,1214317;      3433,273
-0,2627048;       0,1237155;      3433,293
-0,1842223;       0,4529973;      3433,311
0,01229054;       0,6726895;      3433,332
0,1625075;       0,9341927;      3433,35
0,06908686;       0,8725724;      3433,37
-0,01530842;       0,7598439;      3433,389
-0,01102358;       0,2351145;      3433,408
0,02604836;       -0,08696477;      3433,427
-0,02617069;       -0,1011139;      3433,446
-0,06558277;       -0,2935343;      3433,465
-0,008181967;       -0,3016664;      3433,483
-0,008181967;       -0,02983332;      3433,501
0,0241927;       0,199064;      3433,519
-0,001829909;       0,1314152;      3433,536
-0,01000883;       -0,0162979;      3433,554
0,01175553;       0,1317039;      3433,572
0,03745976;       0,1095065;      3433,59
0,003931884;       -0,02480293;      3433,608
-0,03212771;       -0,1926498;      3433,627
-0,01514608;       -0,09974305;      3433,646
0,001329494;       0,003820783;      3433,664
0,001329494;       0,1068226;      3433,682
-0,002630953;       0,03628815;      3433,7
-0,008046567;       -0,03402967;      3433,719
-0,004053584;       -0,08409391;      3433,737
0,001716102;       -0,01996601;      3433,755
-0,006224877;       0,05235358;      3433,772
-0,01832816;       0,07472393;      3433,791
-0,005066665;       0,03239615;      3433,809
0,0006152932;       -0,04214404;      3433,826
-0,004230302;       -0,005795936;      3433,844
-0,004230302;       0,006735824;      3433,861
-0,003045785;       0,03049131;      3433,878
0,002858262;       -0,02153677;      3433,896
-0,002884421;       -0,02015718;      3433,914
-0,006351289;       -0,007774934;      3433,936
-0,003206998;       -0,004808142;      3433,952
-0,003846367;       0,01191263;      3433,97
-0,0041686;       0,01574876;      3433,988
-0,009549361;       0,02171257;      3434,006
-0,00347958;       -0,0274373;      3434,023
-0,00347958;       -0,02398933;      3434,041
-0,001308149;       0,001978457;      3434,06
-0,005360667;       -0,006025056;      3434,078
-0,0009231644;       0,01804473;      3434,096
-0,002300258;       -0,002056131;      3434,114
-0,003241378;       0,002474705;      3434,133
-0,007253546;       -0,0184989;      3434,15
-0,005223102;       -0,008643843;      3434,167
-0,004561078;       -0,002821314;      3434,185
-0,004561078;       -0,007285421;      3434,203
0,0005849195;       0,000166097;      3434,224
0,002663857;       0,01094453;      3434,243
0,002663857;       -0,01129304;      3434,26
-0,003220638;       -0,001782067;      3434,278
-0,005663398;       -0,009993149;      3434,295
-0,008456239;       -0,04085805;      3434,313
-0,002904163;       -0,003404992;      3434,332
0,00154836;       0,008966542;      3434,352
-0,001422998;       0,002587848;      3434,368
-0,004572601;       0,02487925;      3434,385
-0,004572601;       -0,0223968;      3434,402
-0,01308094;       -0,006090022;      3434,419
-0,006007931;       0,01351295;      3434,436
-0,01142487;       0,03718792;      3434,452
-0,02261565;       0,07719755;      3434,47
-0,005813995;       0,1095417;      3434,489
0,02962662;       0,2019451;      3434,506
0,02428364;       -0,02874087;      3434,523
0,02428364;       0,008602552;      3434,541
0,01250865;       0,1105464;      3434,56
0,0299691;       0,1604081;      3434,578
0,05280919;       0,1114455;      3434,597
0,0002815155;       0,0633646;      3434,614
-0,04261322;       -0,1092456;      3434,63
-0,02520546;       -0,1467801;      3434,647
-0,01000298;       -0,08509444;      3434,665
-0,01000298;       0,05713085;      3434,681
-0,03257833;       0,08884181;      3434,699
-0,06989972;       0,1313235;      3434,715
-0,0002088584;       0,256547;      3434,731
-0,0002088584;       0,256547;      3434,746
0,06525218;       0,4030662;      3434,762
0,03026544;       0,2896199;      3434,78
-0,01753826;       0,3317606;      3434,798
0,01041585;       0,05163084;      3434,817
0,05640846;       -0,3786996;      3434,835
-0,04444775;       -0,01908681;      3434,854
-0,06955992;       0,2293914;      3434,873
-0,03551408;       0,453664;      3434,891
-0,03654444;       -0,2179653;      3434,91
-0,03574189;       -0,3521133;      3434,928
0,05307858;       -0,3838935;      3434,946
0,1126989;       -0,2752861;      3434,965
-0,01745787;       -0,1785837;      3434,984
-0,1163766;       -0,1688629;      3435,002
-0,1163766;       0,01393251;      3435,02
-0,1251454;       0,01432269;      3435,039
-0,02281873;       -0,09015971;      3435,058
0,0213456;       -0,2938997;      3435,077
0,04387924;       -0,3128204;      3435,095
0,04829741;       -0,2279694;      3435,115
0,08087175;       -0,09748042;      3435,133
0,03785584;       -0,002636163;      3435,151
-0,05439498;       0,01786601;      3435,169
-0,03958035;       0,0254736;      3435,187
0,004479739;       0,05357495;      3435,206
0,05078509;       -0,008050693;      3435,224
0,05078509;       -0,05392726;      3435,241
0,04711887;       -0,01876521;      3435,262
-0,05570371;       -0,04189522;      3435,279
-0,08430973;       -0,03288835;      3435,296
-0,04881965;       0,02783349;      3435,314
-0,0187895;       -0,05294176;      3435,332
-0,01667405;       -0,06813554;      3435,351
-0,03125183;       -0,09413474;      3435,37
-0,0150417;       -0,1240766;      3435,388
0,002375814;       -0,1572396;      3435,406
0,01714371;       -0,2072514;      3435,427
0,03948576;       -0,3512081;      3435,445
0,05320763;       -0,4199913;      3435,466
0,06697485;       -0,4955279;      3435,486
-0,007609676;       -0,6371971;      3435,505
-0,08743898;       -0,7271238;      3435,524
0,001376342;       -0,5976398;      3435,543
0,05144837;       -0,2875483;      3435,563
-0,06930392;       0,4212775;      3435,582
0,10084;       1,059691;      3435,602
-0,003625777;       0,5828476;      3435,622
-0,01300742;       0,1334786;      3435,643
-0,01300742;       -0,1311668;      3435,661
-0,2226383;       0,2027772;      3435,679
-0,2117351;       1,7854;      3435,698
0,01622083;       0,7843953;      3435,718
0,2925372;       0,6546194;      3435,736
0,1635048;       -0,6273217;      3435,755
-0,06833692;       -0,755796;      3435,771
-0,1941433;       -0,5339083;      3435,788
-0,08945212;       0,2080289;      3435,806
0,04976338;       0,1652452;      3435,825
0,08535179;       0,3576691;      3435,844
-0,005679073;       0,4251736;      3435,864
-0,03196369;       0,4600396;      3435,883
0,01070384;       -0,124119;      3435,902
0,01757076;       -0,4219316;      3435,921
0,005247079;       -0,3964443;      3435,94
0,003663503;       -0,1977912;      3435,959
0,00727524;       -0,004535206;      3435,978
0,03752711;       0,327179;      3435,996
-0,03917325;       0,3514979;      3436,015
-0,1000046;       0,4696473;      3436,035
0,1591086;       0,6728857;      3436,054
0,2410053;       0,4945666;      3436,073
0,0356167;       0,2456585;      3436,093
-0,03630945;       0,03808913;      3436,111
-0,192363;       -0,1261918;      3436,129
-0,1191062;       -0,01296254;      3436,148
-0,08079217;       0,2315436;      3436,168
-0,02901126;       0,0676892;      3436,185
-0,03047469;       -0,4793323;      3436,203
-0,03047469;       -0,5642065;      3436,221
-0,02693029;       -0,4306737;      3436,241
-0,003099857;       -0,332053;      3436,256
-0,003099857;       -0,2593749;      3436,272
0,05092593;       -0,4114943;      3436,29
-0,03448245;       -0,3856574;      3436,308
-0,02302594;       -0,1824868;      3436,325
0,1307554;       -0,02125443;      3436,344
0,1307554;       0,09365144;      3436,362
0,02355351;       -0,000766695;      3436,379
-0,01263256;       -0,1831217;      3436,396
0,01835013;       0,01930472;      3436,414
-0,0243656;       0,02520816;      3436,432
-0,06512035;       0,1397596;      3436,449
-0,04616986;       0,1645665;      3436,469
0,0121589;       0,07577537;      3436,487
0,0664241;       -0,002367664;      3436,504
0,0664241;       -0,09176967;      3436,521
-0,01746316;       -0,113291;      3436,539
-0,0800265;       -0,1718242;      3436,556
-0,1015658;       -0,08114327;      3436,574
-0,0422629;       -0,03682077;      3436,592
0,02308249;       0,01736694;      3436,609
0,09215137;       -0,01968362;      3436,625
0,03519142;       -0,04269252;      3436,643
0,03519142;       -0,1085339;      3436,659
-0,04096632;       -0,1746404;      3436,675
-0,02224298;       -0,2460901;      3436,692
0,04944739;       -0,1880038;      3436,709
0,0490883;       -0,1556526;      3436,725
0,0490883;       -0,1816422;      3436,74
-0,003520185;       -0,1718629;      3436,756
0,04353829;       -0,2044692;      3436,775
0,1156437;       -0,2794119;      3436,792
0,08026615;       -0,2656527;      3436,811
-0,02627007;       -0,1794988;      3436,828
-0,1183593;       -0,05931928;      3436,846
-0,1436093;       -0,1365308;      3436,865
-0,1436093;       -0,1759652;      3436,885
-0,05538039;       -0,1159687;      3436,903
0,04254982;       0,03839537;      3436,92
-0,02608314;       0,05795258;      3436,939
0,02017998;       0,01915468;      3436,957
0,008637892;       -0,007919803;      3436,974
0,003643286;       0,0963951;      3436,993
0,01025666;       0,1657121;      3437,011
-0,02054716;       0,08127702;      3437,03
-0,02414808;       0,05975466;      3437,048
0,01729175;       0,02296041;      3437,067
0,04855127;       0,2130229;      3437,085
0,02226889;       0,5415426;      3437,103
0,02226889;       0,6170301;      3437,121
-0,0457397;       0,4034357;      3437,139
0,03657503;       -0,0001245737;      3437,157
-0,05732277;       -0,6718252;      3437,178
-0,05033481;       -0,1945597;      3437,197
0,03342384;       0,168392;      3437,215
0,1008837;       0,6187674;      3437,231
-0,02887375;       0,314567;      3437,249
-0,09856239;       -0,191005;      3437,268
0,006140202;       -0,2014997;      3437,286
0,006140202;       -0,07671618;      3437,304
-0,0001015521;       0,1686932;      3437,322
-0,0001015521;       -0,01886182;      3437,341
-0,01551322;       -0,06692645;      3437,359
-0,007508001;       -0,09126633;      3437,376
0,007869931;       -0,08230523;      3437,395
0,001119701;       0,01427728;      3437,412
-0,01147929;       0,001659222;      3437,43
0,006789571;       0,0003133882;      3437,448
-0,003551584;       0,05286776;      3437,465
-0,008788766;       0,1281264;      3437,487
-0,005367312;       0,1241013;      3437,505
0,008619057;       0,02559975;      3437,523
0,008619057;       0,004614121;      3437,54
0,03550168;       0,1394816;      3437,559
0,04791165;       0,2047946;      3437,576
0,01804141;       0,2562639;      3437,594
0,01234699;       0,2149584;      3437,614
-0,01503594;       0,1900693;      3437,632
-0,0279269;       0,2246535;      3437,649
-0,03469981;       0,2626632;      3437,665
-0,01809629;       0,3370155;      3437,684
-0,02351455;       0,1635244;      3437,703
-0,02351455;       -0,1767773;      3437,72
-0,006683823;       -0,2815036;      3437,738
0,001497921;       -0,3545035;      3437,755
-0,01792756;       -0,3267168;      3437,772
-0,01985957;       -0,2606986;      3437,789
0,02516908;       -0,09629508;      3437,809
0,02861335;       -0,02049069;      3437,826
0,02153911;       -0,0136362;      3437,842
0,02153911;       -0,1202566;      3437,861
-0,01849659;       -0,1259283;      3437,879
-0,01942248;       -0,02774813;      3437,896
0,03386431;       -0,004047532;      3437,915
0,02273171;       0,03224238;      3437,933
0,0011428;       0,09718145;      3437,951
-0,06562838;       0,1447839;      3437,97
-0,01342317;       0,1299444;      3437,988
-0,008118574;       0,05641117;      3438,006
-0,01312265;       -0,05276685;      3438,03
-0,01505252;       -0,08979328;      3438,048
0,003357174;       -0,1624507;      3438,065
-0,003059577;       -0,03915629;      3438,084
-0,003059577;       0,004272072;      3438,101
-0,02665391;       -0,01105661;      3438,118
-0,02142046;       -0,04373701;      3438,136
-0,007825408;       -0,06342941;      3438,153
0,002936369;       -0,07287855;      3438,168
0,004577731;       -0,1112392;      3438,185
0,004577731;       -0,1079421;      3438,201
0,01647927;       -0,09632638;      3438,218
0,02503393;       -0,05867913;      3438,234
0,003471078;       -0,04630074;      3438,252
-0,02719414;       -0,0108571;      3438,271
-0,02359425;       -0,02771952;      3438,288
-0,008488989;       -0,07956269;      3438,306
0,0452185;       -0,04873609;      3438,324
0,0452185;       0,01339574;      3438,34
0,01361558;       0,02607703;      3438,356
-0,01403786;       0,01412207;      3438,373
-0,04691061;       -0,008624714;      3438,39
-0,03157782;       -0,01004657;      3438,405
-0,03157782;       0,00190238;      3438,421
-0,01136266;       -0,00807661;      3438,435
0,01123955;       -0,03314527;      3438,451
-0,01754819;       -0,05437871;      3438,467
-0,03598252;       -0,08993508;      3438,482
-0,03598252;       -0,10492;      3438,499
-0,03208436;       -0,1206825;      3438,515
-0,01215526;       -0,1473285;      3438,531
0,01983317;       -0,215821;      3438,548
0,04133152;       -0,2446499;      3438,564
0,04133152;       -0,2585396;      3438,58
0,08362342;       -0,244482;      3438,596
0,01908513;       -0,2722163;      3438,612
-0,02978184;       -0,2860028;      3438,628
0,0056343;       -0,3574091;      3438,644
0,0056343;       -0,3812696;      3438,66
0,05598105;       -0,2879473;      3438,677
0,01619828;       -0,1260525;      3438,695
-0,04346449;       -0,02077022;      3438,71
-0,06899287;       -0,03559814;      3438,729
-0,03240176;       -0,1137302;      3438,746
-0,07881799;       -0,1553388;      3438,763
-0,07881799;       0,07693667;      3438,781
-0,08242314;       0,5241811;      3438,799
0,05196408;       0,6402413;      3438,817
0,1623094;       0,4925963;      3438,834
0,1284771;       0,4292997;      3438,853
0,02060127;       0,3165351;      3438,87
-0,1652256;       0,198485;      3438,889
-0,206891;       0,143121;      3438,907
-0,04538563;       0,0529266;      3438,924
-0,04538563;       0,04159121;      3438,94
0,1192234;       0,1114175;      3438,957
0,1154069;       0,09818256;      3438,975
0,01642311;       0,1916529;      3438,992
-0,008439644;       0,1608082;      3439,008
-0,04303218;       -0,006039992;      3439,025
-0,04303218;       0,07833916;      3439,041
-0,05998091;       0,09886791;      3439,058
-0,005033767;       0,00650999;      3439,075
-0,002381743;       -0,05391075;      3439,093
-0,0001564287;       -0,04761073;      3439,11
0,01847997;       -0,05579055;      3439,126
-0,00503944;       0,02239931;      3439,144
-0,00503944;       0,03751712;      3439,161
-0,008926807;       0,009839797;      3439,178
-0,006754139;       -0,01645852;      3439,194
0,01105612;       0,02605456;      3439,211
0,0353772;       0,02738435;      3439,228
-0,009122418;       0,08507972;      3439,245
-0,009122418;       0,1644604;      3439,261
-0,006311895;       0,0842548;      3439,277
0,01657823;       -0,06048933;      3439,294
0,02118327;       -0,1014301;      3439,31
0,02118327;       -0,1014301;      3439,325
-0,01919457;       0,02030734;      3439,341
-0,06025689;       0,02446756;      3439,358
-0,008105218;       -0,01267787;      3439,375
0,0149133;       -0,09579924;      3439,393
0,01021536;       0,01414231;      3439,412
0,01347221;       0,08041236;      3439,429
0,000638147;       0,2015758;      3439,447
-0,01223798;       0,2411802;      3439,465
0,003132045;       0,1685863;      3439,483
-0,005706012;       0,03556468;      3439,502
-0,01559064;       -0,04366704;      3439,522
-0,01559064;       -0,08204336;      3439,539
0,00606613;       -0,03204812;      3439,558
0,01722098;       0,007756257;      3439,575
0,05666302;       0,07082732;      3439,592
0,001916048;       0,1570173;      3439,61
0,02729765;       0,1977436;      3439,626
0,0162792;       0,1173933;      3439,645
-0,03814878;       0,08686811;      3439,663
-0,02793721;       0,1964828;      3439,683
-0,02793721;       0,2316229;      3439,701
-0,03179781;       0,2060786;      3439,719
-0,03015011;       0,1262351;      3439,738
-0,03426247;       -0,02719584;      3439,754
-0,01730205;       -0,2175425;      3439,771
0,001872169;       -0,281471;      3439,79
0,002175923;       -0,2708227;      3439,806
-0,0009970404;       -0,2788905;      3439,824
-0,0009970404;       -0,2388358;      3439,84
0,02216561;       -0,1884606;      3439,857
0,01258142;       -0,07501855;      3439,874
-0,009950449;       0,03264908;      3439,891
-0,009950449;       0,04434136;      3439,908
-0,02402897;       -0,03219634;      3439,928
0,0007314961;       -0,1332963;      3439,946
-0,01330387;       -0,118015;      3439,964
-0,01090306;       -0,05115083;      3439,984
-0,01449024;       -0,07233313;      3440,002
-0,01449024;       -0,08551325;      3440,021
0,00149762;       -0,05696524;      3440,039
0,01124223;       -0,0414563;      3440,056
0,0121903;       -0,03904978;      3440,074
0,002234265;       -0,006398706;      3440,092
0,01227497;       0,01138778;      3440,11
-0,01577291;       0,006862505;      3440,126
-0,01556698;       0,01160168;      3440,143
-0,01556698;       -0,03108235;      3440,161
-0,02403111;       -0,03592181;      3440,178
-0,002335944;       -0,001103948;      3440,195
0,0071745;       0,009874156;      3440,213
-0,007775965;       -0,03393341;      3440,233
0,0158543;       -0,0250559;      3440,25
-0,0006381515;       -0,01592268;      3440,268
-0,001086776;       -0,03095631;      3440,286
-0,01506795;       -0,005936181;      3440,303
-0,01506795;       0,00766878;      3440,322
9,476859E-05;       -0,00584839;      3440,338
-0,01689596;       -0,05273966;      3440,354
-0,00525286;       -0,05743577;      3440,369
0,005426535;       -0,02229268;      3440,385
0,005426535;       0,0102332;      3440,402
0,003025299;       -0,007623218;      3440,421
0,0007800846;       -0,007431313;      3440,439
-0,004928348;       -0,008492359;      3440,457
0,009236561;       -0,00874932;      3440,476
-0,006558548;       0,01052377;      3440,492
-0,01270633;       0,001606568;      3440,511
-0,01894882;       -0,00292467;      3440,527
-0,01315878;       0,007766532;      3440,544
-0,01315878;       0,007614885;      3440,559
-0,01573526;       -0,01516058;      3440,576
-0,02401407;       -0,05823324;      3440,591
-0,01676046;       -0,07227892;      3440,606
-0,01676046;       -0,08176999;      3440,622
0,01184692;       -0,09399333;      3440,638
0,06238022;       -0,08012809;      3440,654
0,002838146;       0,008345769;      3440,671
-0,0538445;       -0,0100327;      3440,688
-0,03911425;       -0,1591878;      3440,704
-0,03911425;       -0,3048588;      3440,721
-0,003921428;       -0,3247105;      3440,742
0,007188698;       -0,3069935;      3440,76
0,0471367;       -0,2915184;      3440,779
0,02594677;       -0,2847586;      3440,797
0,05346209;       -0,2381486;      3440,814
0,1092521;       -0,1316186;      3440,831
-0,0753146;       -0,0671597;      3440,847
-0,1032021;       -0,1073255;      3440,863
-0,1032021;       -0,1675828;      3440,881
-0,02613068;       -0,3007464;      3440,899
-0,01264136;       -0,3007464;      3440,915
-0,07582992;       -0,1242234;      3440,932
-0,01394007;       0,03952111;      3440,949
0,08161277;       0,1994977;      3440,969
0,02463821;       0,2550685;      3440,987
-0,01250225;       0,5870056;      3441,006
-0,07832402;       0,8664752;      3441,023
-0,05411442;       1,16962;      3441,043
-0,05411442;       0,2195352;      3441,06
0,1396983;       -0,08965582;      3441,078
0,02908949;       -0,4181076;      3441,096
-0,06388345;       -0,05038094;      3441,116
0,006868685;       -0,07344671;      3441,133
-0,01760691;       0,1038207;      3441,15
-0,04598058;       0,2206232;      3441,167
-0,02270504;       0,06403776;      3441,185
0,006171743;       -0,0283965;      3441,202
0,006171743;       0,001656421;      3441,219
-0,02623304;       0,06360304;      3441,236
-0,003405987;       0,06332726;      3441,253
0,04859623;       0,06326338;      3441,269
0,01446621;       -0,04762486;      3441,285
0,01509975;       0,1393877;      3441,303
0,01509975;       0,181453;      3441,32
-0,01240729;       0,1265652;      3441,338
-0,03203823;       -0,1742354;      3441,354
-0,01741001;       -0,1255081;      3441,374
-0,003356032;       0,1342634;      3441,392
0,02636782;       0,252414;      3441,413
0,04733419;       0,2042437;      3441,433
0,003978577;       0,2159607;      3441,451
-0,04224246;       0,3347711;      3441,47
-0,03921183;       0,3205187;      3441,488
-0,005737125;       0,1382598;      3441,506
-0,003542036;       -0,05786903;      3441,524
0,00127985;       -0,1413694;      3441,543
0,03315974;       -0,1652088;      3441,563
0,00383134;       -0,1366201;      3441,582
0,00383134;       -0,06507394;      3441,601
-0,000525441;       -0,01699241;      3441,618
-0,03743904;       -0,0356652;      3441,635
-0,002188073;       -0,07811424;      3441,654
-0,01923623;       -0,05086693;      3441,672
0,008024126;       0,0186548;      3441,69
0,02612268;       0,1007385;      3441,706
-0,02921947;       0,1116442;      3441,728
-0,03414838;       0,0007665148;      3441,746
-0,01738585;       -0,08050638;      3441,762
-0,01738585;       -0,04330586;      3441,78
0,0221018;       -0,04764314;      3441,797
0,007038885;       -0,06521514;      3441,815
0,006878935;       -0,05676886;      3441,834
-0,006019689;       -0,05735311;      3441,854
-0,02238077;       -0,07764694;      3441,872
-0,04355329;       -0,116678;      3441,892
0,007722426;       -0,06504317;      3441,909
0,03917122;       -0,1235535;      3441,926
0,01084467;       -0,09471592;      3441,943
0,01084467;       -0,009664574;      3441,961
-0,01721003;       0,001111216;      3441,98
-0,03338033;       -0,1144708;      3442
-0,00363901;       -0,1417488;      3442,018
-0,004827339;       -0,1602164;      3442,036
-0,00735754;       -0,1086914;      3442,055
-0,02416692;       -0,09697973;      3442,074
-0,01538541;       -0,1120326;      3442,094
-0,002793963;       -0,1325702;      3442,112
-0,0004209802;       -0,1143491;      3442,129
0,02609115;       -0,1422065;      3442,146
0,01385126;       -0,2070849;      3442,164
0,01385126;       -0,2310534;      3442,181
0,008954725;       -0,2322717;      3442,197
0,02239029;       -0,2066293;      3442,215
0,02933555;       -0,1908465;      3442,233
-0,01444141;       -0,2254841;      3442,25
-0,01773673;       -0,2329302;      3442,268
0,001291314;       -0,2387931;      3442,286
0,01316891;       -0,2070965;      3442,304
0,01316891;       -0,2208611;      3442,32
0,005332217;       -0,1385461;      3442,336
0,01171203;       0,01690824;      3442,355
-0,03823795;       0,1242849;      3442,372
-0,01785634;       0,06284368;      3442,387
-0,07844108;       0,04850524;      3442,404
-0,07844108;       0,2672944;      3442,42
-0,06983175;       0,3624742;      3442,436
0,03089117;       0,5202479;      3442,451
0,04978151;       1,138566;      3442,469
-0,02360911;       1,75856;      3442,487
0,01922854;       0,5186346;      3442,503
0,01922854;       -0,2361145;      3442,519
0,005053841;       -0,7028214;      3442,533
-0,05942518;       -0,8329899;      3442,547
-0,01125488;       -0,4205436;      3442,563
-0,01125488;       -0,02479762;      3442,579
0,06167254;       0,09688444;      3442,596
-0,0168772;       0,5172079;      3442,612
-0,03841347;       0,3068105;      3442,629
-0,00142825;       0,09646276;      3442,647
-0,00142825;       0,08262687;      3442,662
0,07067195;       0,230928;      3442,678
0,02740008;       0,2518157;      3442,696
-0,00350035;       0,2851431;      3442,713
-0,00350035;       0,2851431;      3442,73
-0,01694816;       0,1228256;      3442,747
-0,01694816;       0,05156751;      3442,765
0,04119242;       0,164249;      3442,785
0,02902491;       0,3404186;      3442,803
0,02902491;       0,3310449;      3442,821
-0,003479499;       0,2501535;      3442,838
-0,03135945;       0,0515939;      3442,855
-0,01009991;       -0,1386961;      3442,872
0,04901471;       -0,09445086;      3442,891
0,003395906;       -0,06884569;      3442,907
0,003395906;       -0,06884569;      3442,924
0,003395906;       -0,06884569;      3442,939
-0,01907001;       0,03403463;      3442,956
-0,04075737;       -0,02592482;      3442,973
-0,06710523;       0,03313217;      3442,991
-0,02179417;       -0,06035984;      3443,011
-0,001485081;       -0,2178175;      3443,03
0,009505376;       -0,253208;      3443,046
-0,01116433;       -0,2417984;      3443,064
-0,01116433;       -0,1929998;      3443,081
0,02134829;       -0,2277544;      3443,098
0,0001363298;       -0,2379875;      3443,12
-0,02171591;       -0,1442736;      3443,137
-0,01165172;       0,03819039;      3443,155
-0,008312091;       0,1041166;      3443,173
0,005399615;       0,01479351;      3443,19
-0,01884174;       -0,04071688;      3443,208
-0,02659133;       -0,125743;      3443,226
-0,02659133;       -0,161577;      3443,243
-0,03850807;       -0,1742993;      3443,26
0,04267632;       -0,1169445;      3443,278
-0,01914419;       0,009290636;      3443,298
-0,02195624;       0,01597357;      3443,314
-0,01962616;       -0,06455046;      3443,331
-0,08242847;       -0,1036267;      3443,349
-0,04018339;       -0,1109081;      3443,365
0,08401071;       -0,09254105;      3443,382
0,08401071;       -0,07056733;      3443,398
0,1236434;       -0,03492615;      3443,415
0,05550357;       -0,05130875;      3443,432
-0,02262729;       -0,1144659;      3443,45
-0,04256682;       -0,1320506;      3443,467
0,01913713;       -0,152154;      3443,483
0,01913713;       -0,1617314;      3443,501
0,02546954;       -0,1828249;      3443,519
0,02279315;       -0,180356;      3443,536
-0,03563883;       -0,2009267;      3443,553
-0,0723436;       -0,253787;      3443,57
0,01456277;       -0,2825442;      3443,587
0,1233365;       -0,2753259;      3443,604
-0,06643051;       -0,2440514;      3443,623
-0,06643051;       -0,1927773;      3443,639
-0,1463563;       -0,1480016;      3443,655
-0,02467746;       -0,1654646;      3443,672
0,1245231;       -0,118308;      3443,689
0,04673208;       -0,08875211;      3443,707
-0,07145528;       0,03555072;      3443,724
-0,07145528;       0,08611342;      3443,74
-0,1753135;       0,2068293;      3443,757
-0,07309212;       0,3538141;      3443,774
0,05717316;       0,3006638;      3443,791
0,07257041;       0,1739139;      3443,808
-0,03144124;       -0,07468095;      3443,826
-0,03144124;       0,08496424;      3443,843
-0,03108699;       0,5026569;      3443,86
-0,02974026;       1,113437;      3443,876
0,03954851;       0,4975256;      3443,894
0,02790894;       -0,2730233;      3443,911
-0,03175454;       -0,7694232;      3443,931
-0,03175454;       -0,6142544;      3443,948
0,03405688;       -0,2789527;      3443,966
-0,0114298;       0,1441795;      3443,982
-0,0114298;       0,7807806;      3444
-0,01097552;       0,500679;      3444,018
0,004002145;       -0,0361298;      3444,037
0,0598088;       -0,1299216;      3444,053
0,04233385;       0,004727878;      3444,07
-0,04158208;       0,1260888;      3444,087
-0,06950423;       0,2858736;      3444,105
-0,06950423;       0,3028749;      3444,122
0,01699541;       0,238809;      3444,138
0,001049144;       0,01305858;      3444,156
-0,002637932;       -0,07176097;      3444,173
0,003353395;       -0,01630001;      3444,192
0,0229305;       0,1059077;      3444,211
-0,005597427;       0,2079767;      3444,229
-0,009673905;       0,4010607;      3444,247
-0,006493685;       0,2209621;      3444,264
-0,006493685;       -0,06052411;      3444,282
0,01608801;       0,03257345;      3444,3
0,009164019;       0,1238321;      3444,318
-0,003131736;       0,1297251;      3444,335
-0,01151667;       0,009875465;      3444,352
-0,02366947;       0,03068896;      3444,367
-0,03426581;       0,04360957;      3444,384
-0,03426581;       -0,00419954;      3444,398
-9,451248E-05;       -0,1145531;      3444,414
0,02169943;       -0,1673993;      3444,431
-0,002982358;       -0,182769;      3444,447
-0,002982358;       -0,155197;      3444,462
-0,04244423;       -0,1388745;      3444,479
-0,03745649;       -0,1645095;      3444,495
-0,01096626;       -0,146976;      3444,516
0,02102251;       -0,155372;      3444,533
0,002644286;       -0,07510909;      3444,55
-0,02644487;       -0,04970351;      3444,564
-0,02644487;       -0,05306869;      3444,58
-0,03638437;       -0,1176577;      3444,595
-0,01126579;       -0,2019828;      3444,611
0,03365551;       -0,1834958;      3444,628
-0,01299533;       -0,09728932;      3444,645
-0,01299533;       -0,05020877;      3444,661
-0,03221922;       -0,05171357;      3444,678
-0,02425018;       -0,07198162;      3444,695
-0,01426391;       -0,054258;      3444,711
-0,02310246;       -0,0606574;      3444,728
-0,006806739;       -0,0910072;      3444,745
-0,006806739;       -0,106649;      3444,761
-0,01363646;       -0,110219;      3444,779
-0,00100047;       -0,1118931;      3444,796
0,07874846;       -0,08577787;      3444,812
0,1262852;       -0,07172933;      3444,829
0,01116061;       -0,06241769;      3444,846
-0,06845552;       -0,03925508;      3444,863
-0,06845552;       -0,04210525;      3444,879
-0,07187326;       -0,1468476;      3444,895
-0,06228833;       -0,2547988;      3444,913
0,05457764;       -0,2627734;      3444,93
0,086995;       -0,233364;      3444,947
0,07921036;       -0,1968485;      3444,965
0,07921036;       -0,2234353;      3444,982
-0,08043677;       -0,2202426;      3444,999
-0,09039283;       -0,214542;      3445,017
-0,04245704;       -0,3026838;      3445,034
0,04811676;       -0,3662637;      3445,053
0,09347855;       -0,2851058;      3445,07
0,006117799;       -0,1717207;      3445,085
0,006117799;       0,1089129;      3445,101
-0,02909442;       0,1631115;      3445,118
-0,05265985;       0,1811331;      3445,135
-0,08831096;       0,07989701;      3445,153
-0,1296987;       0,1021899;      3445,17
-0,07784197;       0,2305974;      3445,187
0,06604999;       0,5623803;      3445,205
0,06604999;       0,5080047;      3445,221
0,1381525;       0,4636198;      3445,239
0,003603362;       0,5562491;      3445,256
-0,0151126;       0,713872;      3445,273
-0,03852884;       0,5008731;      3445,29
-0,04821809;       -0,1135459;      3445,306
-0,01472781;       -0,3168598;      3445,323
-0,01472781;       -0,3876687;      3445,339
0,06749286;       -0,2395011;      3445,356
0,02777252;       0,004569556;      3445,374
0,001423995;       0,2743329;      3445,391
-0,0330005;       0,1516699;      3445,408
0,008060778;       0,03224645;      3445,426
0,008060778;       0,005307585;      3445,443
0,02432165;       0,03403516;      3445,459
0,04470848;       -0,02740211;      3445,476
0,00516458;       0,005589894;      3445,492
-0,02799109;       0,128211;      3445,509
-0,0001457501;       0,2171815;      3445,526
-0,006302792;       0,2776518;      3445,543
0,01458888;       0,2466786;      3445,563
0,01458888;       0,2250372;      3445,58
-0,02785626;       0,1923956;      3445,598
0,01373215;       0,1200328;      3445,615
0,01799671;       0,04308753;      3445,633
0,01440229;       0,07187022;      3445,65
-0,01145741;       0,1083506;      3445,667
0,01187779;       0,1966855;      3445,684
0,01187779;       0,2138077;      3445,702
-0,01958034;       0,1928975;      3445,719
-0,003959641;       0,117432;      3445,736
-0,002637494;       0,1065498;      3445,753
-0,006138708;       0,004117507;      3445,771
-0,01878897;       -0,02408866;      3445,788
-0,01506748;       -0,1125386;      3445,806
-0,009012411;       -0,1846198;      3445,823
-0,009012411;       -0,1997562;      3445,84
-0,03684311;       -0,2109921;      3445,856
-0,0002619689;       -0,1526798;      3445,875
0,02338603;       -0,1750276;      3445,893
0,0156892;       -0,1654654;      3445,91
-0,02818985;       -0,156594;      3445,927
-0,007051868;       -0,1053066;      3445,944
-0,007051868;       -0,08311884;      3445,962
0,02205783;       -0,1161442;      3445,979
0,002021637;       -0,09748065;      3445,996
-0,001931012;       -0,05475809;      3446,012
-0,0642908;       -0,1033169;      3446,03
-0,05437388;       -0,1361058;      3446,049
-0,01969;       -0,1843922;      3446,067
-0,02974059;       -0,1866479;      3446,083
-0,02974059;       -0,1823324;      3446,101
-0,04366729;       -0,1596972;      3446,118
-0,009075679;       -0,06596954;      3446,136
-0,01222095;       -0,01000545;      3446,153
-0,03919483;       -0,007097416;      3446,17
0,002691843;       -0,02677109;      3446,188
0,03118955;       -0,07100672;      3446,206
0,03118955;       -0,1160419;      3446,222
0,1122962;       -0,1164419;      3446,239
0,05960246;       -0,1456602;      3446,256
0,04922101;       -0,2136028;      3446,272
0,02133097;       -0,2330031;      3446,29
-0,08124085;       -0,2462272;      3446,306
-0,08124085;       -0,2487682;      3446,323
-0,1022435;       -0,3111876;      3446,339
0,1081713;       -0,2743044;      3446,355
0,005299114;       -0,201047;      3446,371
-0,09348954;       -0,2232242;      3446,388
-0,0232111;       -0,2705083;      3446,404
-0,0232111;       -0,2199441;      3446,419
-0,0450659;       0,02076283;      3446,435
-0,01096956;       0,1825475;      3446,451
0,00947801;       0,07093995;      3446,467
0,00207733;       -0,009732209;      3446,482
0,00207733;       -0,005608425;      3446,499
-0,05085297;       0,01215234;      3446,513
-0,03963513;       0,09752356;      3446,529
0,02041355;       0,1813771;      3446,544
0,02041355;       0,3562857;      3446,561
0,04682375;       0,3786709;      3446,577
-0,001415955;       0,2658209;      3446,592
0,002890222;       0,2170672;      3446,607
-0,02822727;       0,1828372;      3446,625
-0,007092744;       0,2562012;      3446,642
-0,007092744;       0,6411261;      3446,66
-0,0003163796;       0,4485494;      3446,677
0,00623758;       0,2720858;      3446,693
0,009023178;       -0,07204618;      3446,709
-0,008494709;       -0,3017599;      3446,724
-0,01447464;       -0,448197;      3446,74
-0,005828926;       -0,2166542;      3446,755
0,01174111;       0,2237768;      3446,772
-0,01134661;       0,4211704;      3446,79
0,00804032;       0,2507868;      3446,807
0,003061434;       -0,1010755;      3446,823
0,003061434;       -0,09216499;      3446,84
0,05996572;       -0,009329142;      3446,856
0,03210908;       0,1170798;      3446,873
0,01754898;       0,1448602;      3446,891
-0,05306862;       0,1192589;      3446,907
-0,06176662;       0,1808115;      3446,926
0,001401082;       0,2407707;      3446,942
0,001401082;       0,3606149;      3446,958
0,01977845;       0,3754272;      3446,974
-0,004905568;       0,222007;      3446,992
-0,01360279;       0,1466356;      3447,008
-0,005416906;       0,01195923;      3447,026
0,01097369;       -0,08949894;      3447,043
0,01097369;       -0,06628475;      3447,06
0,004427074;       -0,01856998;      3447,076
-0,02207562;       0,06759507;      3447,096
0,008321209;       0,1485118;      3447,114
0,01485525;       0,1152066;      3447,13
0,01091082;       0,06246222;      3447,15
-0,03103221;       -0,01089383;      3447,167
-0,03103221;       -0,04023384;      3447,185
-0,03237072;       0,02023087;      3447,202
-0,004666097;       -0,05027569;      3447,22
-0,009998812;       -0,09734787;      3447,238
-0,03601426;       -0,2329261;      3447,254
-0,03450527;       -0,3201582;      3447,271
-0,01382869;       -0,2694073;      3447,29
0,02851723;       -0,2089117;      3447,308
0,01775038;       -0,1355312;      3447,325
-0,03498096;       -0,0924982;      3447,343
-0,03498096;       -0,08928783;      3447,361
-0,01488328;       -0,08512377;      3447,378
-0,02256736;       -0,1120409;      3447,395
-0,01809778;       -0,08932729;      3447,412
0,01656063;       -0,090435;      3447,429
0,02399625;       -0,09290116;      3447,446
-0,009559916;       -0,09435415;      3447,463
-0,009559916;       -0,1092855;      3447,479
-0,0849362;       -0,1124754;      3447,497
-0,04883442;       -0,1492037;      3447,514
0,03060283;       -0,1167897;      3447,531
0,01417257;       -0,08599485;      3447,551
-0,0214363;       -0,09978688;      3447,569
-0,005924135;       -0,1147776;      3447,587
0,06301248;       -0,1353129;      3447,605
0,1370642;       -0,1666557;      3447,624
-0,03163774;       -0,1824918;      3447,643
-0,08990383;       -0,145161;      3447,662
-0,08990383;       -0,1142734;      3447,681
-0,01968586;       -0,1389117;      3447,699
0,01145815;       -0,1586557;      3447,716
-0,04849325;       -0,2094383;      3447,733
-0,05642004;       -0,2479291;      3447,751
0,01625777;       -0,1500859;      3447,77
0,13982;       0,04137695;      3447,789
-0,01605028;       0,1230398;      3447,806
-0,105958;       0,2077178;      3447,824
-0,08662942;       -0,00647803;      3447,843
-0,07294223;       -0,1062818;      3447,863
-0,07294223;       -0,08398806;      3447,881
0,00149226;       0,1559293;      3447,9
0,04830249;       0,3586383;      3447,919
0,009623937;       0,2826242;      3447,938
-0,02490587;       0,207901;      3447,957
-0,01779107;       0,1216166;      3447,976
-0,008558553;       -0,05958698;      3447,996
0,01065249;       0,1239136;      3448,014
0,02319753;       0,2980467;      3448,033
0,00438036;       0,424212;      3448,052
-0,01560751;       0,2701484;      3448,071
5,16288E-05;       0,1188647;      3448,089
0,03117931;       -0,01286669;      3448,108
0,003757995;       -0,3381086;      3448,128
-0,01132093;       -0,01600822;      3448,148
-0,004374419;       0,2401834;      3448,17
-0,01300494;       0,2284255;      3448,188
-0,0006257026;       -0,03588949;      3448,207
0,03790293;       -0,04080752;      3448,226
0,03429823;       0,01556594;      3448,244
0,03429823;       0,03088981;      3448,262
0,00516443;       0,1065306;      3448,28
-0,02270103;       0,1377228;      3448,298
-0,02898636;       0,1662128;      3448,316
-0,02636985;       0,1781883;      3448,334
0,005797081;       0,2297441;      3448,351
0,04276484;       0,2541063;      3448,367
0,04276484;       0,204207;      3448,381
0,01566377;       0,2041711;      3448,397
0,007161133;       0,2275403;      3448,414
0,002379231;       0,2463079;      3448,433
0,0159534;       0,2620026;      3448,45
0,004800655;       0,2665467;      3448,467
-0,02218044;       0,2071041;      3448,486
-0,02218044;       0,1310742;      3448,5
-0,01168909;       0,06634572;      3448,517
-0,009600721;       -0,02334574;      3448,533
-0,02656546;       -0,1117485;      3448,552
-0,0545623;       -0,2041083;      3448,571
-0,07390465;       -0,2907162;      3448,59
-0,02151948;       -0,3052163;      3448,605
0,01486542;       -0,3450301;      3448,623
0,01486542;       -0,3437248;      3448,64
-0,0230985;       -0,246292;      3448,663
-0,0230985;       -0,2264718;      3448,679
-0,004295459;       -0,1762192;      3448,696
0,04487792;       -0,09025367;      3448,712
0,01621192;       -0,05317994;      3448,729
0,02146059;       -0,07384374;      3448,745
0,02146059;       -0,1140314;      3448,761
-0,03185244;       -0,1047566;      3448,778
-0,007027846;       -0,06898021;      3448,794
-0,02464148;       -0,07434827;      3448,811
-0,01634189;       -0,08133143;      3448,827
-0,01541544;       -0,08464319;      3448,844
-0,01142342;       -0,048629;      3448,862
-0,01142342;       -0,03278648;      3448,879
-0,01128089;       -0,02060464;      3448,895
-0,004198795;       -0,01508049;      3448,914
-0,02200878;       -0,04186359;      3448,934
-0,0295854;       -0,1089051;      3448,951
-0,005024213;       -0,1470333;      3448,969
-0,005024213;       -0,1470333;      3448,984
-0,02513405;       -0,2021993;      3449
-0,01747053;       -0,2038258;      3449,017
0,06736048;       -0,2053688;      3449,034
0,04079886;       -0,2208825;      3449,051
-0,009275249;       -0,218226;      3449,069
-0,03829892;       -0,1803076;      3449,086
0,02435769;       -0,2084954;      3449,103
0,02435769;       -0,251065;      3449,119
0,1075096;       -0,233094;      3449,136
0,008497495;       -0,1901952;      3449,155
-0,09069173;       -0,1619572;      3449,172
-0,09468493;       -0,1076641;      3449,191
0,02224579;       -0,08000643;      3449,208
0,05044946;       -0,05633379;      3449,226
-0,0520292;       -0,06620772;      3449,242
-0,0520292;       0,3237703;      3449,259
-0,05412866;       0,3791932;      3449,276
-0,03097733;       0,3270131;      3449,294
0,01108161;       0,284854;      3449,311
-0,009590626;       0,3308113;      3449,328
-0,02340505;       0,3744306;      3449,345
0,008659091;       0,2905854;      3449,363
0,008659091;       0,428201;      3449,379
0,02275654;       0,7610997;      3449,396
0,01239543;       0,1193218;      3449,413
-0,02168042;       0,2139028;      3449,43
0,006346535;       -0,05764235;      3449,446
-0,01340736;       -0,4434322;      3449,463
-0,01340736;       -0,1718049;      3449,479
0,07350937;       -0,0103586;      3449,497
0,1014697;       0,4613357;      3449,514
-0,01636069;       0,3826382;      3449,536
-0,06558008;       0,2171257;      3449,555
-0,03135666;       0,2320315;      3449,573
0,01023952;       0,1719611;      3449,591
0,0150946;       0,1014817;      3449,608
0,01954856;       -0,009749837;      3449,624
0,01954856;       -0,003699124;      3449,64
-0,002491347;       0,07988422;      3449,659
-0,01292165;       0,06985503;      3449,676
-0,013732;       0,1470059;      3449,692
-0,008834059;       0,1637425;      3449,71
0,002801464;       0,1054833;      3449,727
-0,0007276377;       0,01317213;      3449,744
-0,0007276377;       -0,1093106;      3449,761
-0,01618689;       -0,09141365;      3449,778
-0,001384618;       -0,0558797;      3449,794
0,006142141;       -0,1500958;      3449,812
-0,01854396;       -0,2169753;      3449,828
-0,01592118;       -0,1664166;      3449,844
-0,01592118;       0,01083291;      3449,861
0,01508688;       0,06859259;      3449,877
0,008306971;       -0,02821642;      3449,895
-0,02941943;       -0,1380046;      3449,912
0,02394641;       -0,1275766;      3449,928
0,01598476;       -0,04525075;      3449,944
0,01598476;       0,07958031;      3449,961
0,00449726;       0,1207243;      3449,978
-0,04385982;       0,1055907;      3449,993
-0,02469201;       -0,08943616;      3450,011
0,006561185;       -0,1019148;      3450,027
-0,01149687;       -0,08614036;      3450,044
-0,01149687;       -0,1206014;      3450,062
-0,02081876;       -0,141455;      3450,079
-0,01871173;       -0,1423262;      3450,096
-0,0258785;       -0,09618642;      3450,114
-0,02983714;       -0,0727527;      3450,131
-0,01352449;       -0,09186058;      3450,149
0,01245783;       -0,1028825;      3450,167
-0,03003625;       -0,1089041;      3450,182
-0,03003625;       -0,08576792;      3450,201
-0,002129361;       -0,08461959;      3450,218
0,003162663;       -0,06933195;      3450,235
0,008064594;       -0,07296047;      3450,252
0,0255748;       -0,0674433;      3450,269
0,01021676;       -0,0627187;      3450,287
0,02956731;       -0,05607846;      3450,304
-0,01136545;       -0,04422726;      3450,323
-0,01136545;       -0,03742939;      3450,34
-0,0361576;       -0,04893629;      3450,357
-0,04697569;       -0,1022802;      3450,374
-0,0291323;       -0,1950199;      3450,389
0,01551867;       -0,2248183;      3450,405
0,01551867;       -0,152485;      3450,422
0,14093;       -0,1049937;      3450,438
-0,07468968;       -0,09494329;      3450,455
-0,09025674;       -0,2112553;      3450,471
-0,03446566;       -0,2792963;      3450,486
0,08486983;       -0,3108959;      3450,502
0,08486983;       -0,2645953;      3450,518
0,143474;       -0,1106016;      3450,533
-0,06097463;       -0,1142993;      3450,55
-0,1070715;       -0,1945784;      3450,565
-0,1070715;       -0,2375842;      3450,58
-0,07117286;       -0,2391273;      3450,597
-0,005713347;       -0,1755888;      3450,614
0,0981348;       0,04204965;      3450,63
0,0251875;       0,1768911;      3450,645
0,0251875;       0,4100834;      3450,661
-0,05980656;       0,4124677;      3450,678
-0,1373614;       0,2639845;      3450,693
-0,02466394;       0,1584463;      3450,709
0,07059675;       0,1988656;      3450,724
0,07059675;       0,267791;      3450,739
0,01927614;       0,2484992;      3450,755
0,002971869;       0,1444344;      3450,771
-0,02978523;       0,1806875;      3450,788
-0,004924817;       0,7763001;      3450,804
-0,004924817;       0,007550225;      3450,821
0,001114436;       -0,1159132;      3450,838
-0,03545729;       -0,04790626;      3450,853
0,0240713;       -0,2736;      3450,872
0,004545663;       -0,3479154;      3450,888
0,04340534;       -0,3039232;      3450,904
0,04340534;       -0,001110259;      3450,92
0,04793886;       0,1580073;      3450,937
0,002853276;       0,4866382;      3450,954
-0,03210643;       0,2391717;      3450,972
-0,06782535;       0,2054938;      3450,989
0,0005040215;       0,2747441;      3451,005
0,0005972018;       0,2517967;      3451,021
0,01653137;       0,1128357;      3451,038
0,01841952;       -0,0509235;      3451,054
0,01779439;       0,0342292;      3451,071
0,01034434;       0,07511709;      3451,087
-0,01076042;       0,1034233;      3451,103
-0,01076042;       0,05393422;      3451,12
-0,02178072;       0,03468674;      3451,136
-0,009908669;       0,001729919;      3451,152
-0,01486073;       -0,0212965;      3451,168
0,005501159;       -0,01139018;      3451,186
0,004678347;       -0,04284338;      3451,202
0,004678347;       -0,06648679;      3451,219
-0,01047754;       -0,06451466;      3451,237
-0,01056745;       -0,08312922;      3451,257
0,006969672;       -0,1009706;      3451,275
0,0184466;       -0,08269132;      3451,293
-0,005028458;       -0,01399928;      3451,309
-0,04963389;       -0,004726639;      3451,327
-0,03650795;       0,02587054;      3451,345
-0,002850369;       -0,05977055;      3451,364
0,01312941;       -0,1273332;      3451,382
0,01312941;       -0,09964962;      3451,4
0,01486346;       -0,08870503;      3451,418
-0,03075363;       -0,1137468;      3451,437
-0,01115619;       -0,119565;      3451,454
0,00728124;       -0,1163363;      3451,471
0,03961543;       -0,06388475;      3451,49
-0,01195424;       -0,07048838;      3451,509
-0,03784569;       -0,08435549;      3451,528
-0,01415311;       -0,08472423;      3451,544
-0,01415311;       -0,07447814;      3451,562
-0,0153019;       -0,07806294;      3451,578
-0,006835196;       -0,07910844;      3451,596
0,001213336;       -0,09568485;      3451,614
-0,03047031;       -0,1061015;      3451,633
-0,04659457;       -0,1183653;      3451,652
