0,03182887;       0,0007213169;      1369,477
0,03182887;       0,0007213169;      1369,495
0,01093836;       0,0007213169;      1369,514
-0,0002367559;       0,0007213169;      1369,533
0,0111123;       0,0003630691;      1369,552
0,01228371;       -0,865454;      1369,573
-0,01180342;       -0,02206185;      1369,592
-0,009431243;       0,2872099;      1369,611
0,00738038;       -0,2540235;      1369,629
0,03530002;       0,3465029;      1369,649
0,05679396;       0,5619746;      1369,669
0,07760456;       -0,1167518;      1369,688
0,08516832;       -0,2231301;      1369,705
0,07115719;       -0,1837976;      1369,723
0,05173111;       0,102282;      1369,741
0,009367767;       -0,02389098;      1369,758
0,009367767;       -0,02389098;      1369,774
-0,004480572;       -0,02389098;      1369,79
0,01237796;       -0,02389098;      1369,806
0,01895909;       -0,02389098;      1369,823
0,01485004;       -0,02389098;      1369,839
0,01485004;       -0,02389098;      1369,854
0,05239179;       0,01806283;      1369,872
0,09159858;       0,01283815;      1369,889
0,1165852;       -0,02024246;      1369,905
0,08108319;       -0,01295183;      1369,922
0,02503456;       -0,01597452;      1369,938
0,02503456;       -0,02642767;      1369,954
-0,02229578;       -0,02569192;      1369,97
-0,01909967;       -0,009025183;      1369,988
0,02439645;       -0,2014214;      1370,005
0,06481251;       0,481683;      1370,022
0,07078552;       0,3659384;      1370,041
0,04718944;       -0,5612443;      1370,058
0,01787973;       0,1418732;      1370,079
0,001603046;       0,1315786;      1370,099
0,009837817;       -0,214937;      1370,118
0,05532886;       0,06423035;      1370,136
0,0935096;       -0,03969538;      1370,156
0,0935096;       0,008561941;      1370,174
0,100302;       -0,00897083;      1370,192
0,07043988;       0,008804001;      1370,21
0,03240408;       0,01153486;      1370,227
0,06524731;       0,02606621;      1370,244
0,1521581;       0,02891641;      1370,261
0,1881455;       0,04945365;      1370,278
0,1881455;       0,04634909;      1370,294
0,1485715;       0,01440707;      1370,312
0,1026858;       0,02131598;      1370,33
0,08621372;       0,02809766;      1370,348
0,07573108;       0,04770838;      1370,368
0,07635362;       0,02577491;      1370,387
0,08424101;       0,02372191;      1370,407
0,06025453;       -0,005134223;      1370,426
0,04974344;       -0,0008478509;      1370,444
0,04895689;       -0,001210678;      1370,462
0,03669747;       0,009240803;      1370,478
0,03669747;       0,009963804;      1370,496
0,02748962;       -0,005978912;      1370,514
0,009926185;       -0,0005768277;      1370,536
0,005856381;       -0,002813257;      1370,553
-0,01664408;       -0,0119971;      1370,57
-0,05848177;       -0,02820494;      1370,588
-0,103606;       -0,03433507;      1370,605
-0,09051641;       -0,005405882;      1370,621
-0,04671483;       -0,006912844;      1370,637
-0,008452162;       -0,006303254;      1370,656
-0,008452162;       -0,0113385;      1370,674
0,04082387;       -0,009924756;      1370,692
0,06461991;       0,003056049;      1370,709
0,09477834;       0,002000766;      1370,728
0,05348914;       -0,008167291;      1370,745
-0,007822914;       -0,007787608;      1370,762
-0,05311188;       -0,003135608;      1370,779
-0,0802283;       0,00718476;      1370,796
-0,0802283;       0,004516463;      1370,813
-0,095498;       -0,0189843;      1370,829
-0,0988109;       -0,01743568;      1370,846
-0,07601767;       -0,02913263;      1370,863
-0,08467282;       -0,02913263;      1370,879
-0,08060658;       -0,005292804;      1370,897
-0,08060658;       -0,01098105;      1370,914
-0,0899725;       -0,0088872;      1370,931
-0,1309973;       0,0001453031;      1370,947
-0,1453415;       -0,008291798;      1370,964
-0,1503991;       -0,02735789;      1370,981
-0,2382126;       -0,07022289;      1370,999
-0,2408445;       0,03807973;      1371,017
-0,2408445;       0,112078;      1371,035
-0,1195748;       0,07029298;      1371,053
-0,01954343;       -0,03221143;      1371,071
0,03742584;       -0,01291837;      1371,09
0,109734;       -0,02434156;      1371,109
0,1925241;       -0,01824061;      1371,127
0,2178081;       0,003005166;      1371,149
0,1653075;       0,00384325;      1371,168
0,1000511;       0,007468343;      1371,187
0,08870969;       0,01270453;      1371,207
0,08565937;       0,010922;      1371,225
0,1367198;       0,0260047;      1371,244
0,2380415;       0,02572442;      1371,262
0,2517277;       0,002086999;      1371,281
0,2517277;       0,01584899;      1371,3
0,06869344;       0,01240568;      1371,319
-0,007543139;       0,002767555;      1371,337
-0,007543139;       -0,002194954;      1371,357
-0,04207053;       0,01070882;      1371,375
-0,02212183;       -0,00157631;      1371,393
0,02934846;       -0,001013679;      1371,413
0,04502233;       -0,007079994;      1371,434
0,008729024;       -0,007850745;      1371,453
-0,02371904;       0,004535751;      1371,471
-0,00701522;       0,02598435;      1371,488
0,08849129;       0,02146817;      1371,505
0,156293;       -0,007492907;      1371,523
0,1550265;       0,000531259;      1371,54
0,1046882;       0,01511436;      1371,558
0,1046882;       0,02177441;      1371,575
0,08553164;       0,01322634;      1371,594
0,09737391;       0,01450978;      1371,611
0,119397;       0,03295308;      1371,628
0,1879448;       0,02394045;      1371,646
0,2146539;       -0,0133685;      1371,664
0,1702171;       0,001042846;      1371,682
0,1013952;       0,001042846;      1371,697
0,1013952;       0,01434596;      1371,714
0,008654187;       0,01687746;      1371,733
-0,06290733;       0,01257566;      1371,751
-0,04184949;       -0,01830466;      1371,768
-0,03863897;       0,002362368;      1371,787
-0,02483318;       -0,0008543676;      1371,805
-0,003120896;       0,003430918;      1371,822
0,008627717;       -0,009369018;      1371,837
0,008627717;       -0,009369018;      1371,853
-0,03903945;       -0,009369018;      1371,869
-0,09262758;       0,0005457266;      1371,886
-0,08593161;       -0,02092093;      1371,904
-0,06911015;       -0,007071668;      1371,92
-0,06911015;       -0,003145313;      1371,936
-0,04364575;       -0,006899844;      1371,952
-0,04364575;       -0,01376693;      1371,969
0,01156196;       -0,004534554;      1371,986
0,003372998;       -0,0005474961;      1372,003
-0,0152868;       -0,0133162;      1372,02
-0,02674558;       -0,0009171558;      1372,038
-0,02674558;       0,01095944;      1372,054
-0,03168985;       -0,006938681;      1372,075
0,03159983;       -0,007782792;      1372,096
0,03159983;       0,004490406;      1372,114
0,04063222;       0,01668059;      1372,133
0,02274434;       0,002161075;      1372,151
0,01539344;       -0,005078927;      1372,169
0,01888652;       0,0003788586;      1372,19
0,04176765;       0,01428789;      1372,211
0,07098804;       8,01261E-05;      1372,233
0,0793951;       0,001926029;      1372,252
0,07419518;       0,003735061;      1372,268
0,05257101;       0,008433353;      1372,287
0,02356028;       0,003721778;      1372,306
0,01629588;       0,009300498;      1372,325
0,02055594;       0,007248911;      1372,344
0,03895082;       0,007248911;      1372,361
0,03856194;       0,007073019;      1372,38
0,03824549;       -0,008989373;      1372,398
0,0441463;       0,002226304;      1372,418
0,02141432;       -0,006547803;      1372,437
0,02141432;       -0,001467168;      1372,455
0,02455256;       0,009445935;      1372,473
0,02989304;       0,004488823;      1372,493
0,02552612;       -0,00245629;      1372,512
0,02338192;       -0,0009174345;      1372,529
0,02905909;       0,00513478;      1372,545
0,02561836;       0,002494439;      1372,562
0,02283138;       0,00175141;      1372,579
0,02449898;       -0,006125929;      1372,596
0,02449898;       0,001800619;      1372,613
0,02174054;       0,003956405;      1372,629
0,02121751;       0,0006641799;      1372,647
0,0171656;       0,001877532;      1372,664
0,01383518;       0,001877532;      1372,681
0,01441636;       0,00280106;      1372,699
0,01441636;       0,0003278987;      1372,714
0,02253485;       0,0007650542;      1372,729
0,03922826;       -0,005278755;      1372,747
0,03922826;       -0,005278755;      1372,763
0,02808308;       -0,005278755;      1372,778
0,01620114;       -0,005278755;      1372,796
0,01620114;       -0,005278755;      1372,812
0,02047744;       -0,005278755;      1372,829
0,02682688;       -0,005278755;      1372,845
0,02711206;       -0,005278755;      1372,863
0,01865907;       -0,005278755;      1372,877
0,01865907;       -0,005278755;      1372,893
0,01293031;       -0,001748373;      1372,911
0,02535563;       -0,00316531;      1372,93
0,02393667;       0,001332343;      1372,948
0,0244967;       0,00633296;      1372,965
0,03138148;       0,00633296;      1372,981
0,03336831;       0,002982266;      1373,001
0,03224779;       0,001196005;      1373,02
0,02848263;       0,008521328;      1373,038
0,02848263;       0,001542238;      1373,056
0,02711508;       0,002088798;      1373,073
0,02742327;       -0,00140648;      1373,091
0,03143445;       0,008294168;      1373,109
0,04161957;       0,01653495;      1373,126
0,04145833;       -0,003920789;      1373,146
0,02315571;       -0,001452011;      1373,165
0,0285131;       0,0005106322;      1373,183
0,02577118;       0,001236571;      1373,202
0,01413947;       0,007391132;      1373,22
0,0191254;       -0,001258631;      1373,238
0,01942547;       -0,0003617825;      1373,257
0,01942547;       0,006285077;      1373,276
0,01642551;       0,002213282;      1373,294
0,02988021;       0,009912947;      1373,313
0,03839781;       0,009912947;      1373,331
0,0354984;       -0,001847;      1373,35
0,03427806;       0,00522323;      1373,369
0,03399049;       -0,003811741;      1373,386
0,02933087;       -0,004195783;      1373,404
0,02716619;       0,004597923;      1373,423
0,02862704;       0,008604794;      1373,441
0,03238403;       0,00872157;      1373,46
0,03664907;       -0,001297057;      1373,477
0,03929121;       0,003784677;      1373,498
0,0391091;       0,005367396;      1373,517
0,03413221;       -0,0001227316;      1373,536
0,03413221;       0,00717267;      1373,554
0,02326787;       0,00122142;      1373,572
0,03210323;       0,0008268228;      1373,592
0,0214173;       0,001099469;      1373,611
0,0250752;       -0,0006302546;      1373,63
0,02236744;       0,003249772;      1373,649
0,03050149;       -0,004596842;      1373,673
0,01105297;       -0,00054453;      1373,697
0,02604701;       -0,000384067;      1373,721
0,03652346;       -0,001343677;      1373,744
0,03861539;       0,002573039;      1373,765
0,03757109;       0,002573039;      1373,787
0,04271946;       0,002573039;      1373,804
0,0324459;       0,002573039;      1373,82
0,02801539;       0,002573039;      1373,837
0,02686339;       0,002573039;      1373,863
0,02327605;       0,002573039;      1373,881
0,0155148;       0,002573039;      1373,899
0,02143756;       0,004900919;      1373,916
0,02143756;       0,004019954;      1373,933
0,02298733;       0,003183124;      1373,95
0,02754884;       0,0004137369;      1373,971
0,02538878;       0,002812897;      1373,99
0,02573015;       0,006754386;      1374,009
0,02116694;       -0,001089812;      1374,029
0,02454003;       0,009880291;      1374,048
0,03251251;       0,004525845;      1374,067
0,03659419;       -0,0003784038;      1374,086
0,02803694;       -0,002492795;      1374,105
0,0274166;       -0,0009031798;      1374,123
0,01735519;       0,003920906;      1374,141
0,01741826;       0,002226872;      1374,159
0,01914185;       0,003307033;      1374,177
0,02184837;       0,005357685;      1374,196
0,02849564;       0,003346914;      1374,216
0,02849564;       0,00461702;      1374,235
0,03953955;       0,005643163;      1374,255
0,03832176;       -0,001093498;      1374,274
0,0355011;       -4,227774E-05;      1374,293
0,02471312;       0,005776641;      1374,313
0,02612996;       0,005270697;      1374,333
0,02556027;       0,001898067;      1374,354
0,02838174;       0,0005900525;      1374,372
0,03004725;       0,001103718;      1374,389
0,0344539;       -0,001701368;      1374,407
0,03007032;       -0,0078776;      1374,425
0,02183179;       0,002519143;      1374,446
0,02707548;       -0,002153498;      1374,464
0,0272624;       0,001241662;      1374,484
0,02363537;       -0,0005528791;      1374,503
0,03636559;       0,003461321;      1374,519
0,03913331;       -0,003616991;      1374,538
0,0393249;       0,002387763;      1374,555
0,0393249;       0,0009175392;      1374,573
0,02842267;       0,005004276;      1374,59
0,02597452;       0,002989532;      1374,609
0,02792606;       0,003083251;      1374,628
0,02801806;       0,0006672811;      1374,649
0,03448106;       -0,0005171901;      1374,667
0,03548877;       -0,006868131;      1374,685
0,02941952;       -0,002589323;      1374,702
0,02966372;       0,002658078;      1374,719
0,02966372;       0,01299426;      1374,736
0,02855397;       0,009820731;      1374,752
0,01890625;       0,009820731;      1374,768
0,02317029;       0,009820731;      1374,784
0,03051372;       0,009820731;      1374,8
0,03798603;       0,009820731;      1374,816
0,03798603;       0,009820731;      1374,831
0,02968384;       0,009820731;      1374,849
0,0267234;       0,009820731;      1374,864
0,0321372;       0,009820731;      1374,882
0,0364015;       0,003779386;      1374,901
0,01923888;       0,004387668;      1374,919
0,01923888;       0,001416369;      1374,936
0,02108564;       0,001416369;      1374,954
0,02437495;       0,003350333;      1374,972
0,02964716;       0,0003503397;      1374,99
0,02808401;       0,005291603;      1375,007
0,02814275;       0,00191196;      1375,023
0,03181433;       0,002033893;      1375,041
0,02511612;       0,002293312;      1375,06
0,03196791;       -0,001854062;      1375,076
0,03196791;       0,004819613;      1375,093
0,02483183;       0,001832798;      1375,109
0,02618697;       0,002453855;      1375,127
0,02361548;       0,002361848;      1375,145
0,03243085;       0,0004292433;      1375,163
0,02644417;       0,003275177;      1375,181
0,01960475;       0,002454878;      1375,199
0,02039333;       -0,003579758;      1375,215
0,02039333;       0,002249265;      1375,232
0,0189296;       0,002459148;      1375,249
0,0228856;       0,005356469;      1375,265
0,02842748;       0,005202574;      1375,283
0,03310978;       0,002656383;      1375,299
0,03310978;       0,001357624;      1375,315
0,02926395;       0,002505466;      1375,331
0,02569288;       0,003358346;      1375,347
0,03397161;       0,00221566;      1375,363
0,03678063;       -0,001556409;      1375,379
0,03678063;       0,004058637;      1375,395
0,03077344;       -9,156796E-05;      1375,411
0,02896271;       0,008031089;      1375,427
0,02500192;       0,00314522;      1375,444
0,02722221;       0,00143013;      1375,46
0,02745208;       -0,002674083;      1375,478
0,02745208;       0,004994463;      1375,496
0,02398707;       0,003094621;      1375,514
0,02379777;       0,006393773;      1375,533
0,02216114;       0,001157899;      1375,552
0,01992413;       0,001579264;      1375,571
0,02109148;       0,00154919;      1375,591
0,03583591;       -0,001436438;      1375,61
0,03130564;       0,006485695;      1375,629
0,02709919;       -0,0001741121;      1375,65
0,02709919;       -0,003565668;      1375,669
0,02709919;       -0,003565668;      1375,687
0,03372452;       -0,001921086;      1375,706
0,02822844;       0,0009264669;      1375,726
0,02822844;       0,001380537;      1375,746
0,02236512;       0,003025536;      1375,767
0,0250225;       0,004208448;      1375,785
0,02271523;       0,003374194;      1375,803
0,02599927;       0,0003561882;      1375,825
0,02599927;       0,0003561882;      1375,844
0,02752861;       0,004526734;      1375,866
0,0290178;       0,002177471;      1375,885
0,02926309;       0,003227794;      1375,903
0,03187403;       -0,0006461303;      1375,923
0,03567937;       0,004453318;      1375,94
0,03567937;       0,001255854;      1375,96
0,02064063;       -0,002776082;      1375,977
0,02064063;       0,0008353936;      1375,994
0,02283305;       -0,002986511;      1376,013
0,03052329;       0,002688063;      1376,031
0,02675682;       0,001070129;      1376,05
0,02866851;       -0,001589486;      1376,068
0,02853924;       0,0008189057;      1376,085
0,02922052;       0,002205475;      1376,101
0,0304863;       0,003178877;      1376,119
0,0304863;       0,006281312;      1376,136
0,03834466;       0,002158415;      1376,153
0,03872925;       -0,005318784;      1376,169
0,03184912;       0,0001107492;      1376,187
0,03149919;       0,001342236;      1376,205
0,02938962;       0,003703082;      1376,223
0,0361983;       0,000941502;      1376,24
0,03235426;       0,0001619745;      1376,259
0,02509385;       0,002460513;      1376,276
0,02509385;       0,0001731551;      1376,292
0,02379538;       0,001206724;      1376,309
0,04355632;       3,212481E-05;      1376,326
0,03204886;       0,001144594;      1376,343
0,02825182;       0,008559668;      1376,359
0,02825182;       0,001589602;      1376,375
0,02619912;       0,001563776;      1376,392
0,02934851;       -0,00459894;      1376,41
0,02155956;       0,004770516;      1376,426
0,02136814;       0,002744048;      1376,444
0,02224271;       0,0005792641;      1376,461
0,03230931;       4,683365E-05;      1376,476
0,03230931;       0,00723725;      1376,493
0,02854834;       0,003893181;      1376,512
0,02787489;       0,004447865;      1376,531
0,0372593;       8,142518E-05;      1376,551
0,03012778;       5,833595E-05;      1376,57
0,007941543;       0,0001077384;      1376,588
0,009610542;       -0,003338488;      1376,609
0,01982356;       -0,003891876;      1376,628
0,01859599;       0,004729192;      1376,65
0,02656102;       0,006160202;      1376,669
0,01294022;       0,003513963;      1376,687
-0,0106264;       -0,001999441;      1376,704
0,003572328;       -0,002263648;      1376,723
0,05034211;       0,004040673;      1376,741
0,0558764;       0,004295726;      1376,759
0,04700848;       -0,0005280441;      1376,777
0,02943695;       0,009388757;      1376,797
0,03073608;       0,005197912;      1376,817
0,02777482;       -0,0007506298;      1376,837
0,03725506;       0,00201583;      1376,857
0,02468918;       0,005215024;      1376,875
0,02468918;       0,005706459;      1376,895
0,0254559;       0,001526131;      1376,914
0,02565582;       0,003406148;      1376,934
0,02618665;       0,00200797;      1376,952
0,02618665;       0,00200797;      1376,969
0,02998259;       -0,002830184;      1376,989
0,03555809;       0,002459183;      1377,007
0,01666685;       -0,008100946;      1377,025
0,02392089;       0,006084765;      1377,04
0,03004564;       0,004099153;      1377,057
0,03004564;       0,002472478;      1377,073
0,03047757;       8,45904E-05;      1377,089
0,03126493;       0,003038121;      1377,107
0,03423307;       -0,002459185;      1377,124
0,03290179;       0,001153883;      1377,14
0,02649661;       -0,001424885;      1377,157
0,02649661;       0,005335455;      1377,174
0,02638929;       0,001604187;      1377,191
0,02212201;       0,001700694;      1377,206
0,02518147;       0,002194918;      1377,223
0,02522564;       0,001714306;      1377,24
0,02471137;       -0,0007082303;      1377,257
0,02471137;       -0,0008372453;      1377,273
0,03004117;       0,001694336;      1377,289
0,02871845;       0,003474827;      1377,307
0,02648284;       0,003926264;      1377,324
0,02709318;       0,0002056255;      1377,341
0,02709318;       -0,0002952268;      1377,357
0,03567964;       -0,001184763;      1377,374
0,02643763;       -0,0018868;      1377,389
0,01979202;       0,002918639;      1377,407
0,0217692;       0,001605192;      1377,425
0,02730292;       0,005872921;      1377,444
0,02907476;       0,002620922;      1377,46
0,03438609;       -0,001648891;      1377,477
0,03438609;       0,005168492;      1377,494
0,03040282;       0,006257123;      1377,51
0,03331903;       0,0003181917;      1377,527
0,02893633;       0,001942149;      1377,545
0,02509727;       4,610675E-05;      1377,564
0,02538025;       0,005282311;      1377,583
0,03234722;       0,005612954;      1377,6
0,03271062;       0,001213072;      1377,618
0,03271062;       -0,001427104;      1377,634
0,03326768;       0,002572503;      1377,651
0,02947428;       -0,003959645;      1377,666
0,02340518;       -0,001064114;      1377,684
0,02137382;       -0,001042294;      1377,701
0,02013643;       0,00207887;      1377,718
0,02013643;       -0,001848551;      1377,735
0,020871;       -0,0001739015;      1377,753
0,02506103;       0,0003881857;      1377,772
0,02489946;       0,0006134412;      1377,791
0,02156321;       0,002284333;      1377,81
0,03494288;       0,004983169;      1377,83
0,03724959;       -0,002003397;      1377,85
0,02703897;       -0,00224519;      1377,87
0,0264681;       0,003163316;      1377,89
0,03024238;       0,005617515;      1377,91
0,03039217;       0,001177776;      1377,929
0,03103491;       0,005532384;      1377,948
0,03824332;       0,01001475;      1377,965
0,0416991;       -0,001180013;      1377,983
0,03369351;       0,005502688;      1378,004
0,0341966;       0,0006789096;      1378,022
0,03303876;       -0,002102239;      1378,042
0,03303876;       -0,002102239;      1378,061
0,02271987;       0,002404931;      1378,079
0,0199408;       0,0005401904;      1378,098
0,0199408;       0,003441561;      1378,117
0,01369589;       -0,001640447;      1378,134
0,01027239;       -0,001596107;      1378,153
0,01506403;       -0,005043229;      1378,171
0,02123616;       0,004091614;      1378,191
0,01484632;       0,004086452;      1378,211
0,02448331;       -0,0006441114;      1378,23
0,0283593;       -0,001393929;      1378,251
0,03143461;       0,001610469;      1378,271
0,03045952;       0,004043345;      1378,29
0,01937421;       0,001305425;      1378,307
0,005966502;       -0,002474745;      1378,326
0,01517146;       -0,001787839;      1378,345
0,02820257;       0,00621641;      1378,362
0,02754855;       0,009415324;      1378,381
0,02964837;       -0,001667138;      1378,396
0,02964837;       0,001429974;      1378,413
0,03180952;       0,00367894;      1378,432
0,03400397;       -0,002240165;      1378,448
0,03384234;       0,002963925;      1378,465
0,02754441;       -0,00346197;      1378,482
0,02258002;       0,004035162;      1378,499
0,02258002;       0,0007071915;      1378,516
0,0274823;       0,001692541;      1378,532
0,02069794;       -0,002677808;      1378,549
0,02393546;       -0,0006857254;      1378,567
0,02272178;       -0,0005957882;      1378,584
0,02578378;       -0,001224496;      1378,602
0,02659584;       0,0008505718;      1378,619
0,03001519;       0,000655736;      1378,636
0,03001519;       0,004602432;      1378,653
0,03137807;       -0,003301397;      1378,671
0,02373656;       -0,0001361856;      1378,689
0,02833587;       -0,001698441;      1378,708
0,03758924;       0,006239009;      1378,726
0,02994935;       0,001147867;      1378,745
0,02445374;       0,00157624;      1378,763
0,0225432;       0,004914091;      1378,782
0,03070391;       0,007425292;      1378,799
0,02916957;       0,000736284;      1378,817
0,02153885;       0,002154234;      1378,836
0,02153885;       -0,001967121;      1378,854
0,02032591;       0,006951888;      1378,873
0,02742347;       0,001525251;      1378,889
0,03324077;       0,0005676363;      1378,907
0,02942099;       0,005815068;      1378,927
0,03085915;       0,001169091;      1378,945
0,03038893;       0,005573526;      1378,964
0,02626593;       0,006487855;      1378,981
0,02603615;       -0,003714663;      1378,999
0,01756709;       0,001712501;      1379,019
0,02757127;       -0,001997116;      1379,039
0,02428656;       0,003969885;      1379,058
0,01613984;       0,001757378;      1379,078
0,03421428;       0,000168598;      1379,097
0,02695364;       0,002755795;      1379,116
0,02695364;       -0,0008060007;      1379,134
0,02757214;       0,006256694;      1379,153
0,03359851;       0,0003966652;      1379,174
0,02567041;       -0,002709122;      1379,193
0,0246573;       0,001965178;      1379,211
0,0244755;       0,004136872;      1379,233
0,02367985;       0,00468059;      1379,251
0,02713375;       -0,002371042;      1379,269
0,02520257;       0,0005330861;      1379,289
0,0312396;       -0,00339429;      1379,307
0,02764176;       -0,004719628;      1379,325
0,02754918;       0,003467062;      1379,343
0,02605843;       0,0007634453;      1379,366
0,02612735;       -0,003363967;      1379,384
0,02120673;       0,005978593;      1379,404
0,02516277;       0,004115584;      1379,42
0,02516277;       0,00480458;      1379,436
0,02696455;       0,00105974;      1379,453
0,02772803;       0,001852131;      1379,469
0,02948192;       -0,001791227;      1379,486
0,02800328;       0,001782574;      1379,502
0,02800328;       0,001782574;      1379,518
0,02863882;       0,001782574;      1379,534
0,03037965;       0,0002287162;      1379,552
0,02978655;       -0,000382212;      1379,57
0,02903518;       0,003789617;      1379,589
0,01982588;       0,00192377;      1379,607
0,02156105;       0,00311644;      1379,623
0,02506403;       0,001658207;      1379,641
0,027663;       0,00529236;      1379,658
0,027663;       -0,0006038931;      1379,675
0,03162909;       0,002377044;      1379,694
0,03199565;       0,002539558;      1379,714
0,03278882;       0,005479651;      1379,733
0,03556806;       0,003941204;      1379,75
0,01837043;       0,002834671;      1379,769
0,01290247;       0,001037601;      1379,788
0,01899809;       0,00476353;      1379,807
0,02678988;       0,007111968;      1379,827
0,03158479;       0,0017305;      1379,845
0,02605807;       -0,001155611;      1379,861
0,02943517;       -0,003189649;      1379,878
0,02943517;       0,002408308;      1379,896
0,02774923;       -0,0002388356;      1379,915
0,02816689;       0,0008323881;      1379,934
0,02838572;       -0,003035184;      1379,953
0,02870174;       0,0003041967;      1379,971
0,02978822;       -0,0004277427;      1379,991
0,02491424;       0,003521883;      1380,012
0,01754183;       -0,0006034575;      1380,034
0,02182774;       0,006237098;      1380,051
0,03204523;       -0,0009782901;      1380,07
0,02677673;       0,002886905;      1380,089
0,03133572;       0,0008381319;      1380,108
0,0282734;       0,001424362;      1380,128
0,02458504;       0,003578247;      1380,147
0,0259667;       0,003033396;      1380,166
0,02458129;       0,00295432;      1380,185
0,01866083;       -0,002903555;      1380,203
0,02420751;       -0,0014686;      1380,223
0,03441115;       0,003065388;      1380,242
0,03441115;       -0,0006210118;      1380,259
0,03838788;       -0,002138832;      1380,277
0,03838788;       0,006553589;      1380,295
0,0252403;       0,001067808;      1380,312
0,022185;       -0,002862522;      1380,33
0,02473022;       -0,001497928;      1380,347
0,02358284;       0,0008617172;      1380,366
0,02043339;       0,006750344;      1380,383
0,01851883;       -5,737811E-05;      1380,403
0,0297176;       0,001808436;      1380,42
0,02423533;       -0,0009891328;      1380,436
0,02423533;       0,005680383;      1380,455
0,03063661;       0,001703524;      1380,472
0,02793286;       -0,001497947;      1380,488
0,03519621;       0,003304323;      1380,506
0,03330886;       9,608746E-05;      1380,524
0,02956485;       0,00153271;      1380,54
0,02808661;       0,0004800006;      1380,556
0,02808661;       0,004223852;      1380,573
0,02266532;       -0,002899694;      1380,59
0,02852201;       0,002667319;      1380,607
0,02354182;       0,00578538;      1380,625
0,02775595;       -0,001546824;      1380,643
0,02215869;       -0,00209583;      1380,662
0,01981711;       0,003174629;      1380,682
0,03421475;       0,009367079;      1380,701
0,03833054;       0,0005027655;      1380,719
0,03364415;       -0,006390959;      1380,736
0,03364415;       0,006980895;      1380,755
0,02951852;       0,002788763;      1380,772
0,0310146;       -0,0004815557;      1380,79
0,02521329;       0,00381223;      1380,808
0,01774654;       0,004840457;      1380,826
0,02219179;       -0,0001475447;      1380,842
0,02219179;       0,0004407959;      1380,858
0,02670221;       -0,00167821;      1380,874
0,03107692;       -0,002697634;      1380,89
0,02899162;       0,001072992;      1380,906
0,03542222;       0,001910973;      1380,923
0,03132593;       0,0002919696;      1380,939
0,02720357;       -0,002064923;      1380,956
0,02720357;       0,006393471;      1380,971
0,02600244;       -0,003158639;      1380,986
0,02768104;       0,0003915916;      1381,003
0,02512475;       0,006843042;      1381,02
0,0272649;       -0,003949528;      1381,037
0,0272649;       0,002672947;      1381,052
0,02540295;       0,001675245;      1381,068
0,02521635;       0,007307896;      1381,084
0,02914537;       -0,001999065;      1381,1
0,02545785;       0,002323765;      1381,117
0,02298926;       0,003937615;      1381,135
0,02197374;       0,007287083;      1381,153
0,02285364;       0,001689994;      1381,169
0,02970875;       -0,001591324;      1381,187
0,02553063;       0,001072028;      1381,204
0,02410288;       -0,0002814584;      1381,221
0,02756698;       0,006408204;      1381,236
0,02756698;       -0,0005055958;      1381,253
0,02876908;       -0,0003975775;      1381,269
0,03034605;       0,000806495;      1381,286
0,01919171;       -0,0006570283;      1381,302
0,02378631;       -0,00189761;      1381,32
0,03058907;       0,00400992;      1381,336
0,03058907;       0,006583647;      1381,353
0,0275322;       0,001009426;      1381,371
0,03299592;       -0,00222816;      1381,388
0,0233634;       0,007559551;      1381,405
0,0275904;       0,003183125;      1381,421
0,02395832;       0,000507704;      1381,438
0,02395832;       0,001735861;      1381,454
0,02464156;       0,002181484;      1381,47
0,02529289;       0,006672931;      1381,488
0,02685752;       -0,0005670028;      1381,505
0,03031341;       -0,0001554234;      1381,523
0,03267368;       -0,001757972;      1381,54
0,0304773;       0,001722059;      1381,558
0,0304773;       0,003204372;      1381,574
0,03105272;       0,003568474;      1381,59
0,02408541;       0,0008484453;      1381,609
0,02653997;       0,00538937;      1381,628
0,02686422;       0,0004194855;      1381,646
0,02197805;       0,001422283;      1381,663
0,01800891;       0,002394205;      1381,682
0,02260053;       0,003657917;      1381,7
0,02372059;       0,001347103;      1381,718
0,02760325;       0,005590653;      1381,737
0,02760325;       0,002774252;      1381,755
0,02645597;       0,001362452;      1381,773
0,02748738;       0,001599065;      1381,793
0,03201104;       0,007936058;      1381,817
0,02307536;       0,00434222;      1381,837
0,02873227;       0,002387531;      1381,856
0,02873227;       0,00231523;      1381,875
0,02601486;       0,004876349;      1381,893
0,02568724;       0,001018366;      1381,912
0,0310296;       0,000683128;      1381,93
0,02569856;       0,002857665;      1381,95
0,01912268;       0,001702907;      1381,97
0,0252812;       -0,0001923973;      1381,987
0,02221205;       0,003493105;      1382,005
0,02086047;       0,003252603;      1382,024
0,03547931;       0,0007574803;      1382,043
0,03322373;       0,004553095;      1382,062
0,03715522;       0,004044959;      1382,081
0,0280254;       0,0008424995;      1382,101
0,02910108;       0,002430165;      1382,121
0,01035599;       0,001049525;      1382,138
0,01035599;       0,003034221;      1382,154
0,02484357;       0,003597365;      1382,17
0,01813591;       -0,002295454;      1382,187
0,0176548;       0,004396266;      1382,204
0,02137942;       0,000215876;      1382,22
0,02137942;       0,004782314;      1382,235
0,02921451;       -0,0008201707;      1382,25
0,03015808;       0,004210587;      1382,267
0,03107567;       0,002613609;      1382,285
0,03257076;       -0,001064113;      1382,302
0,03503558;       0,00753354;      1382,318
0,03503558;       0,003552978;      1382,335
0,02981817;       -0,0004775126;      1382,351
0,02159462;       -0,000314827;      1382,368
0,01815041;       0,00339779;      1382,385
0,02246715;       0,00339779;      1382,401
0,02246715;       0,00313624;      1382,417
0,02246715;       0,00313624;      1382,43
0,02372845;       0,00313624;      1382,444
0,02372845;       0,00313624;      1382,46
0,03243513;       0,00313624;      1382,478
0,03243513;       0,00313624;      1382,495
0,0274324;       0,00313624;      1382,52
0,03975564;       0,00313624;      1382,538
0,03975564;       0,00313624;      1382,556
0,03975564;       0,00313624;      1382,573
0,02492375;       0,00313624;      1382,59
0,02714345;       0,00313624;      1382,608
0,02686585;       0,0005609249;      1382,625
0,02597048;       0,001379667;      1382,643
0,02273799;       -0,001988502;      1382,66
0,02800266;       0,003127193;      1382,675
0,02800266;       0,0003346232;      1382,691
0,02968865;       0,0005175544;      1382,708
0,02580026;       -0,001874526;      1382,725
0,02213901;       -0,0004531902;      1382,742
0,02336628;       0,00350893;      1382,758
0,02336628;       -0,001422135;      1382,774
0,02902765;       0,004003056;      1382,791
0,03325339;       0,0008228594;      1382,807
0,03001597;       -0,002061606;      1382,827
0,03135563;       0,001304647;      1382,844
0,02881508;       0,003472955;      1382,862
0,02809839;       -0,001625105;      1382,877
0,02809839;       -0,0004177603;      1382,893
0,02540499;       -0,001797614;      1382,912
0,02508423;       0,0002172603;      1382,93
0,02675936;       0,004128945;      1382,948
0,0296184;       0,004377803;      1382,968
0,02583303;       -0,0006010738;      1382,988
0,02215648;       0,00460985;      1383,007
0,0230957;       -0,0002379013;      1383,027
0,02985361;       0,001179463;      1383,049
0,03424023;       0,003165082;      1383,067
0,03246775;       -0,00136929;      1383,087
0,03097255;       -0,00136929;      1383,106
0,03079993;       6,11968E-05;      1383,125
0,02022711;       0,0002356663;      1383,143
0,01517854;       0,005003653;      1383,163
0,02358466;       0,001555498;      1383,184
0,02035814;       0,004118649;      1383,202
0,03095195;       0,002629666;      1383,219
0,02488523;       -0,002146418;      1383,237
0,02808948;       0,004879495;      1383,257
0,02808948;       -0,001641649;      1383,274
0,02849496;       0,00477305;      1383,293
0,02898515;       -0,0003626733;      1383,312
0,02319372;       0,00220611;      1383,332
0,0185247;       -0,00276074;      1383,351
0,02353393;       0,003171704;      1383,369
0,02151201;       0,003873096;      1383,389
0,03072616;       -0,000354882;      1383,406
0,02872686;       0,001621288;      1383,424
0,0278718;       0,00214129;      1383,443
0,03247277;       -0,001120618;      1383,461
0,02951633;       -0,0006291897;      1383,478
0,02074927;       0,00095328;      1383,498
0,01891956;       0,003596351;      1383,517
0,01891956;       0,004096965;      1383,535
0,03071798;       0,006951877;      1383,553
0,04453704;       0,002657863;      1383,57
0,03241365;       0,005794624;      1383,589
0,02260813;       0,002233548;      1383,606
0,02955211;       0,002233548;      1383,623
0,02625038;       -0,007179983;      1383,643
0,03568465;       0,004281096;      1383,661
0,02246261;       0,004945686;      1383,68
0,01964059;       -0,002715704;      1383,699
0,02541947;       0,002410434;      1383,718
0,02200367;       0,0007764167;      1383,737
0,02200367;       0,003159355;      1383,755
0,02763634;       0,006555317;      1383,774
0,02166698;       0,00125735;      1383,79
0,03009104;       0,004607878;      1383,808
0,02352647;       0,002639619;      1383,825
0,02458759;       0,002639619;      1383,842
0,02186561;       0,001029413;      1383,86
0,02186561;       -0,007745503;      1383,876
0,01635638;       0,003033871;      1383,893
0,02202788;       0,002961808;      1383,91
0,02205431;       0,006665479;      1383,927
0,02918388;       -0,0007280969;      1383,947
0,04066003;       0,001072173;      1383,966
0,03391979;       0,00972848;      1383,985
0,07780646;       -0,00131887;      1384,003
0,05669075;       -0,01121487;      1384,021
0,03736261;       -0,006279054;      1384,038
0,03736261;       0,008721833;      1384,055
0,04694929;       0,01172482;      1384,075
0,0529786;       0,004570478;      1384,091
0,04258558;       0,00836311;      1384,109
0,01223256;       -0,008824505;      1384,125
-0,003412831;       -0,003529048;      1384,143
0,002254723;       -0,002086125;      1384,163
0,002179398;       -0,006655265;      1384,181
-0,0004253667;       -0,006690051;      1384,2
0,01100552;       0,003205867;      1384,216
0,01100552;       0,001041478;      1384,234
0,02711728;       0,001111241;      1384,25
0,03198576;       0,00572029;      1384,267
0,01646181;       0,002899829;      1384,285
0,01512566;       -0,001400874;      1384,303
0,0192732;       0,001175841;      1384,323
0,02118055;       0,002619268;      1384,341
0,02260785;       0,001465129;      1384,36
0,01241503;       0,00121512;      1384,377
0,01241503;       0,004239467;      1384,395
0,02683464;       0,0005926271;      1384,414
0,04548717;       -0,001531838;      1384,431
0,05326882;       0,003749755;      1384,45
0,03952748;       0,007765104;      1384,468
0,03119365;       -0,004866518;      1384,488
0,02758946;       0,002728338;      1384,507
0,02025218;       0,0002869308;      1384,527
0,03172694;       0,003688502;      1384,544
0,03074827;       -0,0005005901;      1384,563
0,02492793;       0,003105621;      1384,582
0,02950493;       -0,003418872;      1384,601
0,02997026;       -0,0006614529;      1384,622
0,0206135;       0,002016493;      1384,641
0,02796891;       0,002103392;      1384,66
0,02900597;       -0,003152051;      1384,679
0,02589349;       0,0001559132;      1384,699
0,02589349;       0,001164628;      1384,717
0,01718094;       0,001024614;      1384,734
0,02552818;       -0,0001213998;      1384,755
0,02552818;       -2,963841E-05;      1384,774
0,0245086;       -2,963841E-05;      1384,792
0,02546494;       -0,001273331;      1384,811
0,03394923;       -0,001946545;      1384,832
0,03056247;       0,0036122;      1384,852
0,03296428;       0,0015878;      1384,871
0,03322714;       0,0009562699;      1384,891
0,03544358;       0,005263486;      1384,911
0,0206549;       0,001301374;      1384,929
0,01082401;       0,001781143;      1384,948
0,02225374;       -8,205359E-05;      1384,968
0,03829663;       -0,00465341;      1384,986
0,03704189;       0,0001119835;      1385,005
0,04426792;       0,005211865;      1385,024
0,03204203;       -0,002403295;      1385,043
0,01909012;       -0,003406049;      1385,061
0,01311485;       0,004840055;      1385,076
0,01311485;       0,005736175;      1385,091
0,01916596;       -0,002629549;      1385,107
0,01278049;       -0,003283214;      1385,124
0,01324116;       0,0003206567;      1385,141
0,03353298;       0,004644252;      1385,158
0,03353298;       -6,611389E-05;      1385,174
0,03066292;       -0,003250456;      1385,189
0,03112036;       0,002189898;      1385,207
0,02946106;       -0,003877765;      1385,224
0,02127359;       -0,0005186589;      1385,241
0,01872655;       -0,002634104;      1385,259
0,03245506;       0,003302113;      1385,276
0,02914586;       0,0009806411;      1385,296
0,02914586;       -0,0007819228;      1385,314
0,02994336;       -0,003276414;      1385,331
0,03340277;       0,001867895;      1385,349
0,03337193;       -0,0001831542;      1385,366
0,0300858;       0,00287026;      1385,385
0,03544201;       0,005349352;      1385,405
0,04060803;       0,0006417927;      1385,423
0,04060803;       0,0006417927;      1385,439
0,03405755;       0,0006417927;      1385,457
0,03745435;       0,0006417927;      1385,473
0,0512784;       0,0006417927;      1385,49
0,06187987;       0,0006417927;      1385,507
0,03975397;       0,0006417927;      1385,523
0,03975397;       0,0006417927;      1385,54
0,02902803;       0,0006417927;      1385,559
0,02902803;       0,0006417927;      1385,576
0,005415757;       0,0006417927;      1385,593
-0,0004945422;       0,0006417927;      1385,611
0,004253791;       0,0006417927;      1385,631
0,01727252;       -0,01178812;      1385,649
0,01781791;       -0,00117262;      1385,67
0,006833707;       -0,001439058;      1385,69
0,0139068;       0,007912697;      1385,709
0,0161122;       0,007912697;      1385,727
0,03615015;       -0,001792864;      1385,745
0,0450491;       0,001229936;      1385,763
0,04977106;       0,007437388;      1385,783
0,02331;       0,00391467;      1385,801
0,01739306;       -0,001419389;      1385,819
0,02121387;       -0,0006676528;      1385,836
0,0177913;       -0,001726558;      1385,855
0,0177913;       -0,003365414;      1385,874
0,01760982;       -0,003365414;      1385,893
0,02061291;       -0,0009578174;      1385,914
0,02061291;       -0,002911267;      1385,934
0,01660962;       0,008266128;      1385,952
0,02632724;       0,009452098;      1385,971
0,03461203;       0,006433316;      1385,99
0,03268004;       -0,001874277;      1386,008
0,01697788;       -0,0006129947;      1386,026
0,01215738;       -0,001307735;      1386,044
0,02790148;       0,005190474;      1386,062
0,03346156;       0,0003639707;      1386,079
0,03548049;       -0,003113616;      1386,097
0,01798015;       -0,001858959;      1386,115
0,01798015;       0,005995623;      1386,133
0,03262022;       0,001769749;      1386,152
0,02922566;       -0,002053578;      1386,172
0,02272551;       0,003778226;      1386,189
0,02214355;       0,003499712;      1386,208
0,01939336;       -0,002622273;      1386,226
0,02748102;       0,001247855;      1386,243
0,02542681;       -0,00478567;      1386,259
0,02542681;       -0,001849275;      1386,275
0,02504926;       -0,003388848;      1386,294
0,02900117;       0,0003185389;      1386,31
0,02890342;       0,001716982;      1386,326
0,02791903;       0,002159877;      1386,343
0,02582012;       -0,004220354;      1386,361
0,02709918;       -0,005952175;      1386,379
0,0207224;       0,002518695;      1386,399
0,01467454;       0,001509293;      1386,416
0,01467454;       0,001962369;      1386,434
0,02483561;       0,003800584;      1386,451
0,0227153;       0,001518645;      1386,469
0,02409233;       0,0003617447;      1386,488
0,02665681;       -0,001869188;      1386,505
0,02794066;       0,00267314;      1386,524
0,03905158;       0,002874129;      1386,541
0,03880141;       0,002208514;      1386,557
0,03880141;       0,001088956;      1386,574
0,03032137;       0,003181253;      1386,595
0,03032137;       0,003103826;      1386,613
0,03452046;       -0,001186507;      1386,632
0,02907827;       -0,002228633;      1386,65
0,01911702;       0,004523271;      1386,667
0,02482989;       -0,003579548;      1386,684
0,01894077;       -0,001249498;      1386,703
0,02368965;       -0,005062977;      1386,72
0,01957893;       0,004472407;      1386,738
0,01957893;       0,001839693;      1386,754
0,03136643;       0,004544113;      1386,772
0,03441161;       0,008235772;      1386,789
0,03652532;       0,004165959;      1386,805
0,03934496;       0,005361542;      1386,823
0,0460316;       0,001482924;      1386,841
0,03706581;       0,005698598;      1386,86
0,02954399;       -0,002414462;      1386,877
0,02954399;       0,001189702;      1386,893
0,01785262;       0,0002791007;      1386,912
0,006100921;       -0,008524866;      1386,931
0,005728164;       -0,001125168;      1386,948
0,0142783;       0,001123672;      1386,966
0,02688196;       0,006043387;      1386,985
0,03470179;       0,004027309;      1387,002
0,03470179;       0,004695853;      1387,019
0,04503557;       0,004299548;      1387,035
0,04503557;       0,002144777;      1387,052
0,03272018;       0,001825511;      1387,07
0,01975598;       0,009707596;      1387,089
0,0167756;       -0,001520803;      1387,107
0,01457003;       -0,003777964;      1387,126
0,01647073;       -0,0001458105;      1387,144
0,01675014;       -0,005600712;      1387,162
0,02238974;       0,003963821;      1387,178
0,02611879;       0,00361723;      1387,195
0,02611879;       0,006479257;      1387,212
0,03022255;       0,001555069;      1387,229
0,04033572;       0,002073668;      1387,246
0,04033572;       0,002073668;      1387,262
0,02930614;       0,002073668;      1387,279
0,02930614;       0,002073668;      1387,294
0,02641298;       0,002073668;      1387,31
0,02466349;       0,002073668;      1387,327
0,02473749;       0,002073668;      1387,345
0,02475991;       0,002073668;      1387,363
0,02225228;       0,002073668;      1387,38
0,02068025;       0,001390333;      1387,399
0,02280387;       -0,0009862893;      1387,417
0,01634704;       -0,00152521;      1387,436
0,01634704;       0,00477288;      1387,454
0,02891916;       -0,001016498;      1387,473
0,03417318;       -1,43263E-05;      1387,493
0,0272159;       -0,004066102;      1387,511
0,02990741;       0,000121681;      1387,53
0,0226466;       0,0006227698;      1387,55
0,02397989;       0,005376833;      1387,57
0,01971057;       0,001063618;      1387,586
0,03160036;       0,002867043;      1387,604
0,03607452;       0,003257863;      1387,622
0,0381856;       -0,00211103;      1387,64
0,0288249;       -0,004674562;      1387,66
0,02101711;       0,005359973;      1387,677
0,02101711;       0,0003135476;      1387,695
0,02822647;       0,005769261;      1387,714
0,0167035;       0,004918846;      1387,733
0,01570842;       -0,002838781;      1387,751
0,02194906;       -0,00148208;      1387,77
0,02408371;       -0,001141722;      1387,789
0,0242606;       0,0002641209;      1387,807
0,03477692;       0,003569233;      1387,827
0,03536651;       0,003104225;      1387,848
0,03124418;       0,005592394;      1387,867
0,02738626;       -2,533869E-05;      1387,886
0,03023692;       0,001909035;      1387,906
0,02469886;       0,003123033;      1387,924
0,02334772;       0,005034573;      1387,941
0,02590607;       0,002374107;      1387,961
0,02868665;       0,004148225;      1387,979
0,02233558;       -0,001655842;      1387,998
0,02175951;       0,007495752;      1388,017
0,02714362;       -0,003164913;      1388,036
0,02714362;       0,000745747;      1388,054
0,03474053;       0,00312031;      1388,072
0,02711502;       -0,0008576843;      1388,09
0,03249199;       0,002994969;      1388,109
0,02544406;       0,0002592515;      1388,129
0,007885532;       0,003352385;      1388,148
0,01173408;       -0,006690582;      1388,167
0,01227232;       -0,001728685;      1388,185
0,02954607;       0,003563772;      1388,204
0,0329533;       0,0003296839;      1388,221
0,02154192;       0,001821246;      1388,241
0,03155443;       -0,003085263;      1388,258
0,03155443;       -0,003085263;      1388,275
0,03280869;       -0,003085263;      1388,292
0,03635421;       -0,003085263;      1388,311
0,05011238;       -0,003085263;      1388,329
0,03916738;       -0,003085263;      1388,347
0,02678981;       -0,003085263;      1388,365
0,01261743;       -0,003085263;      1388,383
-5,856856E-05;       0,001353868;      1388,4
0,01261155;       0,002185472;      1388,42
0,01261155;       -0,0124413;      1388,439
0,01820653;       -0,0124413;      1388,457
0,01025722;       -0,0124413;      1388,475
0,02516026;       0,003111827;      1388,495
0,05473537;       0,0112408;      1388,517
0,05473537;       0,007935349;      1388,534
0,06322448;       0,007935349;      1388,551
0,05203038;       0,007935349;      1388,569
0,04385304;       0,007935349;      1388,59
0,02797475;       0,007935349;      1388,608
0,01142726;       0,007935349;      1388,628
-0,003105321;       0,007935349;      1388,649
-0,004477114;       -0,01819883;      1388,667
0,0221952;       -0,01819883;      1388,685
0,02374622;       -0,01819883;      1388,703
0,03420855;       -0,01819883;      1388,723
0,03074555;       -0,01819883;      1388,74
0,02950438;       -0,01819883;      1388,76
0,01987865;       -0,01819883;      1388,778
0,01679075;       -0,01819883;      1388,796
0,03331836;       -0,003997615;      1388,816
0,03331836;       -0,00433822;      1388,834
0,0450553;       -0,00433822;      1388,853
0,04453027;       -0,00433822;      1388,872
0,03296575;       -0,00433822;      1388,89
0,02982243;       -0,00433822;      1388,909
0,01723917;       0,00151598;      1388,929
0,01662301;       0,01112001;      1388,949
0,0259801;       0,003042096;      1388,968
0,02435329;       0,002399601;      1388,985
0,01388578;       0,001194711;      1389,003
0,02624557;       -0,002658506;      1389,019
0,01592765;       -0,004919674;      1389,035
0,01592765;       0,0004456888;      1389,051
0,007539057;       -0,001572961;      1389,068
0,02315334;       0,0103562;      1389,084
0,04643575;       0,007547961;      1389,099
0,04878998;       0,00910956;      1389,115
0,04878998;       -0,0004333719;      1389,133
0,03791612;       0,001206285;      1389,149
0,03886765;       0,002857868;      1389,166
0,02540543;       -0,001420873;      1389,185
0,01754675;       0,0006381152;      1389,204
0,0041596;       0,003183456;      1389,221
0,01766517;       0,002519545;      1389,238
0,01766517;       -0,001583453;      1389,255
0,01773802;       -0,001583453;      1389,271
0,02529704;       -0,001822826;      1389,288
0,03316554;       0,00538108;      1389,305
0,04214362;       0,007082327;      1389,323
0,03799639;       0,006812508;      1389,341
0,04099913;       0,004531521;      1389,357
0,04099913;       0,004602247;      1389,374
0,03277607;       0,00185382;      1389,389
0,0207957;       -0,002868053;      1389,406
0,02063671;       0,004333964;      1389,423
0,01160935;       0,002370868;      1389,441
0,01160935;       0,0009367036;      1389,458
0,01061891;       -0,006428011;      1389,475
0,01814029;       -0,00539039;      1389,491
0,01473913;       -0,0040294;      1389,507
0,01854189;       0,007459616;      1389,523
0,03276598;       0,01047969;      1389,539
0,03276598;       0,009535266;      1389,554
0,0459661;       0,006865064;      1389,57
0,04609596;       0,005800829;      1389,586
0,04319344;       -0,006419168;      1389,602
0,02868769;       -0,001724677;      1389,618
0,02868769;       -0,009135785;      1389,634
0,01988332;       0,0007680415;      1389,651
0,006698289;       0,002123595;      1389,668
0,001095964;       -0,001714044;      1389,686
0,009707444;       0,002031765;      1389,705
0,01579779;       0,002654012;      1389,723
0,03123806;       0,00246445;      1389,74
0,03790088;       -0,0021379;      1389,76
0,03905968;       0,002847472;      1389,778
0,03126496;       0,002330121;      1389,796
0,03126496;       0,001703178;      1389,814
0,02672236;       -0,001070648;      1389,831
0,02547891;       0,002205961;      1389,85
0,02310457;       0,00300592;      1389,87
0,02878462;       0,002028698;      1389,888
0,04525724;       -0,004091179;      1389,906
0,03704447;       0,004426884;      1389,923
0,02185975;       0,008471004;      1389,939
0,01290255;       -0,0002442517;      1389,955
0,01290255;       -0,005866142;      1389,972
0,006407211;       -0,00657812;      1389,988
0,008672945;       -0,001225093;      1390,004
0,02076408;       0,00715993;      1390,019
0,02076408;       0,005290098;      1390,034
0,03206791;       0,006237328;      1390,05
0,03342525;       0,001614475;      1390,065
0,04263454;       0,0006664732;      1390,084
0,04259639;       0,004101663;      1390,1
0,04259639;       0,002356415;      1390,115
0,03973934;       0,005556114;      1390,133
0,02546677;       0,005729143;      1390,15
0,01580106;       0,001448436;      1390,168
0,01215106;       0,001448436;      1390,185
0,006298628;       -0,001206655;      1390,203
0,02328794;       -0,001150575;      1390,221
0,0295337;       -0,002581248;      1390,239
0,03253656;       -0,001709138;      1390,259
0,03003125;       0,0004916649;      1390,277
0,03003125;       0,004483121;      1390,294
0,02971455;       0,003136225;      1390,312
0,03009603;       0,00412876;      1390,328
