1191,059
1191,073
1191,088
1191,103
1191,115
1191,128
1191,142
1191,157
1191,17
1191,182
1191,196
1191,211
1191,225
1191,239
1191,252
1191,263
1191,278
1191,291
1191,305
1191,32
1191,335
1191,35
1191,365
1191,38
1191,396
1191,413
1191,43
1191,446
1191,462
1191,478
1191,495
1191,51
1191,527
1191,543
1191,559
1191,574
1191,59
1191,604
1191,62
1191,632
1191,646
1191,66
1191,673
1191,686
1191,698
1191,711
1191,724
1191,738
1191,752
1191,764
1191,778
1191,794
1191,808
1191,823
1191,838
1191,849
1191,862
1191,876
1191,891
1191,907
1191,925
1191,941
1191,957
1191,973
1191,988
1192,004
1192,02
1192,036
1192,05
1192,064
1192,079
1192,094
1192,109
1192,127
1192,145
1192,161
1192,178
1192,192
1192,209
1192,224
1192,24
1192,257
1192,276
1192,293
1192,31
1192,329
1192,347
1192,367
1192,384
1192,406
1192,424
1192,441
1192,458
1192,475
1192,492
1192,511
1192,528
1192,545
1192,562
1192,578
1192,594
1192,609
1192,624
1192,64
1192,656
1192,673
1192,69
1192,707
1192,724
1192,742
1192,759
1192,776
1192,792
1192,809
1192,825
1192,841
1192,859
1192,876
1192,893
1192,911
1192,929
1192,947
1192,964
1192,982
1193
1193,018
1193,033
1193,049
1193,065
1193,083
1193,099
1193,115
1193,131
1193,146
1193,161
1193,176
1193,189
1193,204
1193,217
1193,231
1193,245
1193,26
1193,274
1193,287
1193,301
1193,313
1193,327
1193,343
1193,359
1193,375
1193,39
1193,404
1193,422
1193,439
1193,454
1193,469
1193,484
1193,501
1193,516
1193,532
1193,548
1193,564
1193,579
1193,594
1193,607
1193,621
1193,636
1193,648
1193,666
1193,684
1193,702
1193,722
1193,74
1193,758
1193,776
1193,794
1193,812
1193,83
1193,849
1193,867
1193,885
1193,903
1193,921
1193,938
1193,956
1193,972
1193,989
1194,006
1194,023
1194,04
1194,057
1194,073
1194,088
1194,101
1194,112
1194,126
1194,139
1194,151
1194,164
1194,179
1194,194
1194,209
1194,224
1194,24
1194,256
1194,27
1194,286
1194,301
1194,316
1194,331
1194,345
1194,36
1194,374
1194,387
1194,401
1194,413
1194,429
1194,446
1194,463
1194,477
1194,489
1194,502
1194,513
1194,527
1194,54
1194,555
1194,57
1194,584
1194,599
1194,614
1194,629
1194,644
1194,66
1194,675
1194,691
1194,706
1194,722
1194,737
1194,752
1194,765
1194,781
1194,797
1194,813
1194,829
1194,845
1194,862
1194,879
1194,896
1194,916
1194,933
1194,953
1194,972
1194,99
1195,008
1195,025
1195,042
1195,06
1195,077
1195,093
1195,11
1195,127
1195,143
1195,16
1195,175
1195,192
1195,209
1195,225
1195,241
1195,258
1195,273
1195,286
1195,3
1195,312
1195,326
1195,34
1195,354
1195,365
1195,378
1195,392
1195,405
1195,42
1195,437
1195,454
1195,471
1195,486
1195,499
1195,515
1195,53
1195,547
1195,562
1195,578
1195,593
1195,609
1195,624
1195,638
1195,653
1195,669
1195,682
1195,696
1195,712
1195,728
1195,743
1195,761
1195,776
1195,793
1195,808
1195,823
1195,839
1195,855
1195,871
1195,887
1195,904
1195,919
1195,935
1195,951
1195,966
1195,979
1195,995
1196,011
1196,028
1196,043
1196,06
1196,075
1196,091
1196,108
1196,125
1196,141
1196,157
1196,172
1196,188
1196,203
1196,219
1196,232
1196,249
1196,264
1196,28
1196,296
1196,312
1196,329
1196,344
1196,36
1196,377
1196,393
1196,41
1196,427
1196,446
1196,464
1196,482
1196,501
1196,518
1196,535
1196,552
1196,569
1196,585
1196,6
1196,618
1196,635
1196,651
1196,667
1196,682
1196,697
1196,714
1196,731
1196,748
1196,766
1196,784
1196,801
1196,82
1196,838
1196,856
1196,874
1196,892
1196,913
1196,931
1196,949
1196,968
1196,987
1197,005
1197,021
1197,039
1197,055
1197,072
1197,089
1197,106
1197,123
1197,14
1197,157
1197,175
1197,19
1197,208
1197,225
1197,242
1197,258
1197,274
1197,292
1197,307
1197,321
1197,333
1197,346
1197,362
1197,377
1197,391
1197,405
1197,419
1197,431
1197,445
1197,462
1197,478
1197,493
1197,505
1197,52
1197,535
1197,548
1197,561
1197,574
1197,588
1197,601
1197,613
1197,628
1197,641
1197,656
1197,67
1197,686
1197,701
1197,713
1197,727
1197,74
1197,754
1197,766
1197,779
1197,793
1197,806
1197,821
1197,834
1197,848
1197,861
1197,874
1197,887
1197,902
1197,916
1197,93
1197,943
1197,957
1197,971
1197,983
1197,998
1198,011
1198,024
1198,04
1198,056
1198,07
1198,086
1198,101
1198,115
1198,129
1198,146
1198,162
1198,179
1198,195
1198,213
1198,229
1198,244
1198,258
1198,273
1198,287
1198,301
1198,314
1198,326
1198,34
1198,354
1198,366
1198,38
1198,395
1198,409
1198,423
1198,438
1198,45
1198,463
1198,478
1198,495
1198,514
1198,531
1198,552
1198,57
1198,589
1198,607
1198,625
1198,643
1198,661
1198,678
1198,697
1198,713
1198,73
1198,748
1198,764
1198,78
1198,797
1198,814
1198,83
1198,846
1198,861
1198,877
1198,89
1198,905
1198,921
1198,937
1198,951
1198,964
1198,979
1198,994
1199,01
1199,026
1199,041
1199,056
1199,071
1199,087
1199,103
1199,118
1199,13
1199,144
1199,16
1199,176
1199,192
1199,208
1199,225
1199,242
1199,258
1199,272
1199,288
1199,303
1199,319
1199,332
1199,345
1199,361
1199,376
1199,39
1199,405
1199,418
1199,43
1199,445
1199,46
1199,476
1199,491
1199,507
1199,52
1199,532
1199,544
1199,562
1199,58
1199,597
1199,616
1199,634
1199,654
1199,672
1199,69
1199,708
1199,726
1199,744
1199,763
1199,782
1199,801
1199,818
1199,836
1199,853
1199,871
1199,888
1199,906
1199,923
1199,942
1199,961
1199,977
1199,993
1200,009
1200,024
1200,039
1200,054
1200,068
1200,079
1200,093
1200,104
1200,119
1200,13
1200,146
1200,16
1200,174
1200,187
1200,198
1200,211
1200,227
1200,24
1200,253
1200,265
1200,278
1200,294
1200,31
1200,323
1200,336
1200,348
1200,362
1200,377
1200,391
1200,405
1200,418
1200,43
1200,444
1200,459
1200,472
1200,485
1200,502
1200,517
1200,528
1200,543
1200,555
1200,568
1200,585
1200,599
1200,611
1200,626
1200,641
1200,656
1200,671
1200,687
1200,701
1200,714
1200,729
1200,744
1200,759
1200,774
1200,79
1200,807
1200,824
1200,839
1200,853
1200,868
1200,881
1200,896
1200,91
1200,924
1200,938
1200,951
1200,964
1200,977
1200,991
1201,007
1201,02
1201,032
1201,045
1201,06
1201,076
1201,09
1201,103
1201,117
1201,129
1201,143
1201,157
1201,169
1201,182
1201,194
1201,208
1201,222
1201,236
1201,251
1201,262
1201,276
1201,29
1201,303
1201,316
1201,328
1201,342
1201,355
1201,369
1201,384
1201,395
1201,41
1201,424
1201,438
1201,451
1201,465
1201,479
1201,496
1201,514
1201,531
1201,546
1201,56
1201,578
1201,595
1201,611
1201,625
1201,641
1201,657
1201,672
1201,685
1201,698
1201,712
1201,726
1201,738
1201,751
1201,763
1201,777
1201,791
1201,804
1201,817
1201,836
1201,85
1201,862
1201,877
1201,89
1201,903
1201,917
1201,931
1201,944
1201,958
1201,972
1201,984
1201,996
1202,01
1202,025
1202,038
1202,051
1202,063
1202,077
1202,091
1202,107
1202,121
1202,136
1202,15
1202,163
1202,177
1202,192
1202,206
1202,22
1202,234
1202,245
1202,259
1202,272
1202,287
1202,302
1202,314
1202,329
1202,344
1202,358
1202,373
1202,388
1202,404
1202,421
1202,438
1202,455
1202,472
1202,492
1202,51
1202,529
1202,549
1202,569
1202,588
1202,606
1202,622
1202,639
1202,655
1202,672
1202,688
1202,702
1202,718
1202,734
1202,751
1202,767
1202,782
1202,797
1202,811
1202,826
1202,84
1202,854
1202,867
1202,878
1202,892
1202,905
1202,92
1202,931
1202,944
1202,958
1202,973
1202,987
1203,002
1203,018
1203,033
1203,046
1203,059
1203,072
1203,087
1203,102
1203,117
1203,13
1203,149
1203,163
1203,179
1203,196
1203,212
1203,228
1203,244
1203,26
1203,274
1203,288
1203,304
1203,319
1203,332
1203,344
1203,359
1203,373
1203,386
1203,398
1203,412
1203,428
1203,444
1203,458
1203,472
1203,485
1203,499
1203,513
1203,532
1203,553
1203,57
1203,588
1203,607
1203,626
1203,645
1203,664
1203,685
1203,703
1203,719
1203,736
1203,753
1203,772
1203,788
1203,804
1203,82
1203,837
1203,853
1203,87
1203,885
1203,901
1203,917
1203,928
1203,942
1203,956
1203,969
1203,984
1203,996
1204,009
1204,022
1204,037
1204,052
1204,069
1204,086
1204,1
1204,114
1204,129
1204,145
1204,16
1204,177
1204,191
1204,206
1204,223
1204,238
1204,252
1204,265
1204,279
1204,293
1204,308
1204,322
1204,335
1204,348
1204,36
1204,376
1204,39
1204,404
1204,418
1204,43
1204,443
1204,456
1204,468
1204,48
1204,493
1204,506
1204,521
1204,536
1204,554
1204,569
1204,581
1204,595
1204,609
1204,623
1204,637
1204,651
1204,663
1204,677
1204,691
1204,706
1204,72
1204,734
1204,745
1204,76
1204,774
1204,788
1204,804
1204,82
1204,836
1204,852
1204,867
1204,881
1204,895
1204,912
1204,928
1204,945
1204,959
1204,974
1204,99
1205,005
1205,019
1205,031
1205,045
1205,059
1205,072
1205,086
1205,101
1205,116
1205,128
1205,144
1205,159
1205,175
1205,19
1205,204
1205,218
1205,23
1205,244
1205,258
1205,271
1205,284
1205,297
1205,31
1205,325
1205,339
1205,352
1205,366
1205,379
1205,393
1205,409
1205,422
1205,436
1205,448
1205,463
1205,48
1205,5
1205,517
1205,536
1205,556
1205,575
1205,593
1205,61
1205,628
1205,645
1205,663
1205,679
1205,696
1205,713
1205,729
1205,747
1205,765
1205,784
1205,802
1205,82
1205,837
1205,854
1205,87
1205,886
1205,903
1205,919
1205,935
1205,949
1205,963
1205,98
1205,993
1206,007
1206,02
1206,036
1206,048
1206,062
1206,075
1206,088
1206,101
1206,112
1206,125
1206,138
1206,151
1206,164
1206,179
1206,192
1206,206
1206,219
1206,231
1206,245
1206,262
1206,275
1206,288
1206,302
1206,318
1206,331
1206,345
1206,361
1206,375
1206,388
1206,402
1206,418
1206,433
1206,447
1206,463
1206,478
1206,493
1206,51
1206,526
1206,542
1206,558
1206,574
1206,59
1206,605
1206,62
1206,636
1206,651
1206,666
1206,68
1206,694
1206,71
1206,725
1206,739
1206,752
1206,767
1206,785
1206,803
1206,821
1206,84
1206,859
1206,876
1206,895
1206,913
1206,933
1206,951
1206,968
1206,985
1207,003
1207,019
1207,034
1207,051
1207,068
1207,085
1207,1
1207,116
1207,131
1207,145
1207,16
1207,175
1207,189
1207,203
1207,217
1207,229
1207,243
1207,258
1207,271
1207,285
1207,296
1207,309
1207,323
1207,336
1207,348
1207,362
1207,376
1207,389
1207,403
1207,417
1207,428
1207,442
1207,457
1207,472
1207,486
1207,5
1207,513
1207,528
1207,543
1207,559
1207,578
1207,596
1207,611
1207,627
1207,642
1207,658
1207,674
1207,69
1207,706
1207,722
1207,738
1207,752
1207,767
1207,783
1207,798
1207,813
1207,829
1207,844
1207,859
1207,872
1207,887
1207,9
1207,913
1207,927
1207,94
1207,954
1207,967
1207,978
1207,991
1208,004
1208,017
1208,036
1208,049
1208,063
1208,077
1208,091
1208,106
1208,12
1208,134
1208,145
1208,161
1208,175
1208,189
1208,203
1208,217
1208,232
1208,247
1208,261
1208,277
1208,291
1208,305
1208,32
1208,333
1208,347
1208,36
1208,376
1208,389
1208,404
1208,418
1208,437
1208,454
1208,472
1208,493
1208,51
1208,528
1208,546
1208,564
1208,584
1208,603
1208,622
1208,641
1208,659
1208,677
1208,693
1208,709
1208,726
1208,742
1208,76
1208,776
1208,793
1208,809
1208,823
1208,838
1208,851
1208,863
1208,876
1208,89
1208,904
1208,918
1208,933
1208,944
1208,959
1208,972
1208,985
1209
1209,012
1209,027
1209,041
1209,056
1209,07
1209,086
1209,101
1209,116
1209,129
1209,145
1209,161
1209,18
1209,196
1209,213
1209,228
1209,243
1209,259
1209,274
1209,289
1209,303
1209,319
1209,333
1209,349
1209,365
1209,38
1209,395
1209,409
1209,423
1209,437
1209,45
1209,462
1209,476
1209,492
1209,509
1209,528
1209,545
1209,564
1209,586
1209,605
1209,622
1209,64
1209,656
1209,675
1209,693
1209,709
1209,725
1209,743
1209,76
1209,777
1209,793
1209,811
1209,827
1209,845
1209,861
1209,879
1209,894
1209,914
1209,93
1209,945
1209,961
1209,977
1209,994
1210,01
1210,025
1210,041
1210,054
1210,068
1210,08
1210,098
1210,112
1210,128
1210,144
1210,159
1210,174
1210,19
1210,203
1210,218
1210,23
1210,243
1210,258
1210,271
1210,285
1210,298
1210,31
1210,326
1210,338
1210,352
1210,366
1210,379
1210,392
1210,406
1210,422
1210,436
1210,45
1210,462
1210,476
1210,49
1210,503
1210,516
1210,528
1210,543
1210,557
1210,571
1210,587
1210,602
1210,618
1210,63
1210,643
1210,657
1210,672
1210,686
1210,7
1210,713
1210,727
1210,742
1210,756
1210,771
1210,786
1210,802
1210,818
1210,832
1210,847
1210,862
1210,877
1210,894
1210,911
1210,927
1210,943
1210,959
1210,975
1210,99
1211,004
1211,017
1211,029
1211,042
1211,056
1211,071
1211,084
1211,096
1211,109
1211,122
1211,137
1211,15
1211,162
1211,175
1211,188
1211,201
1211,216
1211,229
1211,242
1211,255
1211,269
1211,28
1211,293
1211,307
1211,321
1211,336
1211,348
1211,361
1211,378
1211,393
1211,407
1211,421
1211,435
1211,446
1211,46
1211,474
1211,488
1211,501
1211,515
1211,527
1211,544
1211,559
1211,571
1211,584
1211,6
1211,615
1211,632
1211,647
1211,662
1211,678
1211,696
1211,714
1211,734
1211,75
1211,764
1211,779
1211,795
1211,81
1211,826
1211,843
1211,859
1211,874
1211,889
1211,901
1211,916
1211,928
1211,942
1211,955
1211,969
1211,979
1211,993
1212,006
1212,021
1212,036
1212,048
1212,061
1212,075
1212,088
1212,102
1212,116
1212,128
1212,141
1212,155
1212,169
1212,183
1212,195
1212,21
1212,223
1212,236
1212,25
1212,262
1212,275
1212,287
1212,3
1212,314
1212,328
1212,345
1212,36
1212,375
1212,39
1212,405
1212,42
1212,435
1212,451
1212,465
1212,479
1212,493
1212,51
1212,527
1212,544
1212,56
1212,575
1212,59
1212,604
1212,619
1212,634
1212,646
1212,659
1212,674
1212,687
1212,701
1212,713
1212,727
1212,741
1212,755
1212,77
1212,87
1212,887
1212,901
1212,916
1212,927
1212,941
1212,954
1212,969
1212,983
1212,996
1213,009
1213,023
1213,036
1213,05
1213,065
1213,08
1213,094
1213,111
1213,129
1213,147
1213,164
1213,187
1213,205
1213,223
1213,241
1213,258
1213,275
1213,293
1213,312
1213,331
1213,348
1213,367
1213,385
1213,403
1213,42
1213,437
1213,454
1213,469
1213,487
1213,504
1213,522
1213,54
1213,555
1213,571
1213,584
1213,596
1213,61
1213,625
1213,638
1213,654
1213,667
1213,68
1213,693
1213,707
1213,722
1213,736
1213,747
1213,761
1213,774
1213,788
1213,8
1213,814
1213,837
1213,852
1213,864
1213,88
1213,892
1213,906
1213,919
1213,931
1213,947
1213,96
1213,974
1213,987
1214,002
1214,019
1214,033
1214,048
1214,064
1214,079
1214,096
1214,11
1214,128
1214,146
1214,164
1214,185
1214,205
1214,223
1214,241
1214,258
1214,276
1214,294
1214,312
1214,329
1214,346
1214,362
1214,381
1214,401
1214,418
1214,434
1214,45
1214,466
1214,482
1214,497
1214,512
1214,526
1214,542
1214,555
1214,568
1214,58
1214,595
1214,609
1214,625
1214,639
1214,653
1214,666
1214,678
1214,691
1214,704
1214,717
1214,732
1214,744
1214,758
1214,771
1214,784
1214,795
1214,809
1214,823
1214,837
1214,85
1214,863
1214,877
1214,893
1214,909
1214,922
1214,936
1214,951
1214,966
1214,98
1214,996
1215,011
1215,026
1215,043
1215,059
1215,074
1215,09
1215,105
1215,12
1215,135
1215,147
1215,161
1215,176
1215,191
1215,204
1215,217
1215,229
1215,245
1215,258
1215,27
1215,284
1215,296
1215,309
1215,325
1215,339
1215,353
1215,366
1215,379
1215,395
1215,412
1215,426
1215,441
1215,455
1215,468
1215,484
1215,5
1215,512
1215,525
1215,541
1215,555
1215,568
1215,58
1215,595
1215,609
1215,623
1215,637
1215,65
1215,663
1215,677
1215,693
1215,709
1215,724
1215,74
1215,753
1215,768
1215,784
1215,796
1215,811
1215,828
1215,844
1215,86
1215,877
1215,892
1215,908
1215,925
1215,94
1215,955
1215,97
1215,985
1216,001
1216,016
1216,031
1216,046
1216,062
1216,075
1216,089
1216,104
1216,117
1216,132
1216,144
1216,16
1216,176
1216,188
1216,202
1216,214
1216,227
1216,24
1216,255
1216,268
1216,279
1216,293
1216,307
1216,321
1216,333
1216,344
1216,358
1216,37
1216,385
1216,401
1216,417
1216,431
1216,444
1216,458
1216,471
1216,485
1216,498
1216,512
1216,526
1216,541
1216,554
1216,571
1216,587
1216,604
1216,621
1216,635
1216,65
1216,668
1216,685
1216,702
1216,721
1216,737
1216,755
1216,774
1216,791
1216,812
1216,829
1216,851
1216,869
1216,887
1216,906
1216,923
1216,942
1216,959
1216,977
1216,993
1217,011
1217,027
1217,045
1217,062
1217,079
1217,095
1217,111
1217,128
1217,145
1217,159
1217,173
1217,186
1217,2
1217,213
1217,226
1217,24
1217,253
1217,268
1217,283
1217,295
1217,309
1217,324
1217,338
1217,351
1217,366
1217,378
1217,395
1217,413
1217,429
1217,446
1217,463
1217,479
1217,496
1217,514
1217,531
1217,547
1217,563
1217,579
1217,595
1217,612
1217,627
1217,644
1217,661
1217,677
1217,693
1217,708
1217,723
1217,737
1217,75
1217,762
1217,777
1217,793
1217,812
1217,831
1217,848
1217,868
1217,885
1217,905
1217,924
1217,943
1217,962
1217,979
1217,995
1218,012
1218,029
1218,046
1218,063
1218,081
1218,097
1218,112
1218,129
1218,145
1218,161
1218,177
1218,192
1218,205
1218,22
1218,234
1218,246
1218,26
1218,274
1218,287
1218,302
1218,316
1218,333
1218,346
1218,363
1218,379
1218,395
1218,413
1218,429
1218,446
1218,463
1218,478
1218,493
1218,51
1218,525
1218,541
1218,555
1218,57
1218,586
1218,602
1218,615
1218,629
1218,644
1218,659
1218,672
1218,686
1218,7
1218,713
1218,726
1218,741
1218,756
1218,77
1218,782
1218,795
1218,809
1218,823
1218,836
1218,848
1218,861
1218,875
1218,888
1218,901
1218,914
1218,927
1218,941
1218,955
1218,969
1218,983
1218,996
1219,009
1219,023
1219,037
1219,053
1219,068
1219,083
1219,097
1219,112
1219,127
1219,141
1219,156
1219,169
1219,183
1219,195
1219,21
1219,226
1219,242
1219,254
1219,268
1219,284
1219,3
1219,314
1219,33
1219,345
1219,361
1219,38
1219,397
1219,417
1219,436
1219,455
1219,473
1219,492
1219,511
1219,532
1219,551
1219,569
1219,587
1219,605
1219,623
1219,641
1219,657
1219,674
1219,689
1219,704
1219,721
1219,738
1219,755
1219,772
1219,788
1219,803
1219,817
1219,829
1219,844
1219,857
1219,871
1219,884
1219,897
1219,91
1219,925
1219,937
1219,951
1219,967
1219,981
1219,994
1220,01
1220,024
1220,039
1220,054
1220,069
1220,085
1220,101
1220,115
1220,127
1220,143
1220,158
1220,171
1220,184
1220,195
1220,209
1220,225
1220,238
1220,25
1220,267
1220,283
1220,296
1220,312
1220,327
1220,343
1220,358
1220,374
1220,388
1220,402
1220,416
1220,427
1220,443
1220,459
1220,474
1220,488
1220,502
1220,516
1220,527
1220,542
1220,555
1220,568
1220,582
1220,595
1220,609
1220,623
1220,637
1220,652
1220,667
1220,679
1220,693
1220,708
1220,723
1220,738
1220,752
1220,768
1220,784
1220,8
1220,817
1220,833
1220,849
1220,863
1220,878
1220,893
1220,907
1220,921
1220,935
1220,949
1220,964
1220,977
1220,994
1221,012
1221,034
1221,054
1221,072
1221,092
1221,109
1221,125
1221,142
1221,157
1221,17
1221,185
1221,197
1221,209
1221,224
1221,24
1221,257
1221,274
1221,292
1221,31
1221,329
1221,347
1221,367
1221,385
1221,403
1221,421
1221,438
1221,454
1221,472
1221,49
1221,508
1221,524
1221,543
1221,561
1221,579
1221,593
1221,61
1221,627
1221,644
1221,662
1221,676
1221,693
1221,708
1221,722
1221,738
1221,755
1221,771
1221,788
1221,805
1221,822
1221,837
1221,854
1221,87
1221,885
1221,899
1221,911
1221,925
1221,938
1221,95
1221,962
1221,976
1221,99
1222,004
1222,019
1222,03
1222,045
1222,06
1222,074
1222,087
1222,101
1222,113
1222,125
1222,139
1222,153
1222,167
1222,179
1222,193
1222,208
1222,222
1222,235
1222,246
1222,26
1222,274
1222,289
1222,301
1222,313
1222,327
1222,343
1222,356
1222,37
1222,383
1222,396
1222,41
1222,424
1222,439
1222,452
1222,468
1222,483
1222,495
1222,509
1222,522
1222,535
1222,547
1222,561
1222,575
1222,588
1222,603
1222,618
1222,634
1222,65
1222,663
1222,678
1222,693
1222,709
1222,724
1222,74
1222,756
1222,772
1222,788
1222,804
1222,819
1222,832
1222,844
1222,858
1222,872
1222,887
1222,9
1222,911
1222,924
1222,937
1222,95
1222,963
1222,975
1222,994
1223,009
1223,023
1223,037
1223,049
1223,062
1223,076
1223,089
1223,105
1223,118
1223,133
1223,145
1223,158
1223,173
1223,189
1223,203
1223,217
1223,235
1223,253
1223,271
1223,289
1223,306
1223,326
1223,344
1223,362
1223,379
1223,395
1223,412
1223,429
1223,445
1223,462
1223,48
1223,498
1223,515
1223,528
1223,543
1223,558
1223,575
1223,592
1223,609
1223,625
1223,64
1223,657
1223,672
1223,687
1223,702
1223,715
1223,726
1223,739
1223,752
1223,764
1223,776
1223,79
1223,805
1223,818
1223,829
1223,844
1223,857
1223,871
1223,886
1223,901
1223,916
1223,929
1223,943
1223,961
1223,978
1223,994
1224,01
1224,026
1224,043
1224,059
1224,073
1224,09
1224,106
1224,119
1224,135
1224,148
1224,161
1224,175
1224,19
1224,204
1224,217
1224,23
1224,243
1224,258
1224,277
1224,296
1224,313
1224,336
1224,355
1224,373
1224,39
1224,406
1224,425
1224,443
1224,461
1224,479
1224,496
1224,514
1224,533
1224,549
1224,566
1224,582
1224,597
1224,613
1224,63
1224,648
1224,662
1224,675
1224,688
1224,702
1224,717
1224,729
1224,743
1224,757
1224,771
1224,785
1224,798
1224,809
1224,824
1224,839
1224,852
1224,865
1224,876
1224,891
1224,906
1224,922
1224,937
1224,954
1224,97
1224,985
1225,001
1225,016
1225,032
1225,048
1225,061
1225,075
1225,091
1225,109
1225,124
1225,141
1225,157
1225,17
1225,185
1225,198
1225,21
1225,224
1225,237
1225,251
1225,262
1225,276
1225,291
1225,305
1225,318
1225,333
1225,345
1225,359
1225,371
1225,386
1225,401
1225,412
1225,426
1225,44
1225,453
1225,466
1225,477
1225,492
1225,508
1225,524
1225,539
1225,553
1225,567
1225,582
1225,596
1225,612
1225,629
1225,646
1225,663
1225,679
1225,695
1225,711
1225,726
1225,743
1225,76
1225,775
1225,792
1225,809
1225,826
1225,842
1225,856
1225,869
1225,882
1225,894
1225,908
1225,923
1225,937
1225,953
1225,971
1225,988
1226,005
1226,022
1226,042
1226,06
1226,078
1226,106
1226,125
1226,143
1226,16
1226,177
1226,194
1226,211
1226,228
1226,244
1226,261
1226,278
1226,293
1226,311
1226,328
1226,346
1226,362
1226,378
1226,392
1226,409
1226,427
1226,443
1226,459
1226,474
1226,488
1226,504
1226,52
1226,535
1226,548
1226,56
1226,574
1226,587
1226,601
1226,618
1226,633
1226,649
1226,666
1226,682
1226,696
1226,711
1226,727
1226,743
1226,76
1226,776
1226,791
1226,805
1226,821
1226,837
1226,852
1226,865
1226,877
1226,892
1226,906
1226,92
1226,934
1226,948
1226,96
1226,975
1226,988
1227,002
1227,015
1227,028
1227,044
1227,058
1227,071
1227,086
1227,101
1227,116
1227,129
1227,144
1227,16
1227,173
1227,186
1227,2
1227,211
1227,225
1227,24
1227,254
1227,266
1227,282
1227,294
1227,307
1227,32
1227,334
1227,346
1227,36
1227,374
1227,387
1227,403
1227,42
1227,438
1227,457
1227,475
1227,495
1227,515
1227,536
1227,555
1227,573
1227,592
1227,61
1227,63
1227,65
1227,668
1227,685
1227,701
1227,719
1227,735
1227,752
1227,767
1227,783
1227,797
1227,813
1227,828
1227,842
1227,857
1227,872
1227,885
1227,898
1227,912
1227,926
1227,942
1227,957
1227,97
1227,983
1227,994
1228,007
1228,021
1228,034
1228,048
1228,06
1228,074
1228,09
1228,103
1228,116
1228,129
1228,144
1228,158
1228,173
1228,188
1228,203
1228,216
1228,227
1228,243
1228,256
1228,271
1228,286
1228,301
1228,314
1228,327
1228,343
1228,359
1228,375
1228,391
1228,408
1228,424
1228,44
1228,458
1228,474
1228,491
1228,507
1228,525
1228,543
1228,561
1228,575
1228,59
1228,605
1228,618
1228,633
1228,647
1228,661
1228,675
1228,689
1228,703
1228,718
1228,731
1228,744
1228,758
1228,771
1228,785
1228,799
1228,813
1228,827
1228,843
1228,858
1228,872
1228,887
1228,9
1228,911
1228,924
1228,938
1228,951
1228,965
1228,979
1228,994
1229,01
1229,026
1229,042
1229,061
1229,077
1229,093
1229,11
1229,128
1229,144
1229,161
1229,178
1229,194
1229,21
1229,228
1229,245
1229,261
1229,276
1229,291
1229,307
1229,323
1229,339
1229,354
1229,367
1229,384
1229,401
1229,419
1229,436
1229,456
1229,475
1229,493
1229,511
1229,534
1229,553
1229,57
1229,588
1229,604
1229,622
1229,64
1229,656
1229,673
1229,691
1229,708
1229,725
1229,742
1229,758
1229,774
1229,79
1229,803
1229,818
1229,829
1229,844
1229,858
1229,87
1229,885
1229,898
1229,91
1229,924
1229,939
1229,953
1229,966
1229,982
1229,996
1230,008
1230,022
1230,036
1230,049
1230,064
1230,082
1230,099
1230,117
1230,133
1230,149
1230,165
1230,187
1230,203
1230,217
1230,232
1230,249
1230,264
1230,279
1230,293
1230,307
1230,322
1230,336
1230,349
1230,361
1230,378
1230,392
1230,408
1230,428
1230,446
1230,465
1230,484
1230,503
1230,52
1230,539
1230,559
1230,578
1230,596
1230,614
1230,631
1230,649
1230,664
1230,678
1230,694
1230,71
1230,726
1230,742
1230,759
1230,775
1230,791
1230,806
1230,821
1230,835
1230,848
1230,859
1230,874
1230,888
1230,903
1230,918
1230,933
1230,949
1230,964
1230,976
1230,994
1231,009
1231,025
1231,04
1231,056
1231,07
1231,086
1231,099
1231,114
1231,129
1231,144
1231,16
1231,175
1231,191
1231,207
1231,223
1231,237
1231,251
1231,266
1231,277
1231,292
1231,306
1231,319
1231,332
1231,344
1231,357
1231,372
1231,385
1231,398
1231,412
1231,426
1231,441
1231,457
1231,471
1231,486
1231,501
1231,516
1231,531
1231,546
1231,562
1231,577
1231,591
1231,606
1231,62
1231,634
1231,649
1231,66
1231,674
1231,687
1231,702
1231,714
1231,729
1231,742
1231,756
1231,769
1231,784
1231,798
1231,81
1231,824
1231,838
1231,853
1231,869
1231,884
1231,899
1231,912
1231,928
1231,943
1231,959
1231,974
1231,99
1232,005
1232,02
1232,035
1232,05
1232,065
1232,079
1232,093
1232,108
1232,122
1232,136
1232,15
1232,162
1232,176
1232,191
1232,205
1232,219
1232,234
1232,245
1232,259
1232,274
1232,287
1232,301
1232,313
1232,326
1232,341
1232,354
1232,367
1232,38
1232,394
1232,409
1232,424
1232,439
1232,452
1232,465
1232,476
1232,49
1232,504
1232,518
1232,534
1232,548
1232,564
1232,582
1232,598
1232,613
1232,627
1232,641
1232,658
1232,674
1232,689
1232,704
1232,72
1232,735
1232,749
1232,76
1232,774
1232,787
1232,801
1232,815
1232,826
1232,84
1232,853
1232,866
1232,878
1232,891
1232,911
1232,925
1232,94
1232,954
1232,967
1232,981
1232,993
1233,008
1233,023
1233,038
1233,052
1233,066
1233,081
1233,093
1233,106
1233,12
1233,134
1233,145
1233,157
1233,17
1233,185
1233,2
1233,212
1233,225
1233,241
1233,256
1233,269
1233,283
1233,295
1233,308
1233,323
1233,336
1233,35
1233,363
1233,377
1233,39
1233,409
1233,423
1233,44
1233,456
1233,471
1233,485
1233,5
1233,515
1233,531
1233,545
1233,561
1233,578
1233,595
1233,611
1233,627
1233,643
1233,659
1233,675
1233,692
1233,705
1233,72
1233,734
1233,748
1233,76
1233,774
1233,788
1233,803
1233,816
1233,829
1233,842
1233,856
1233,87
1233,884
1233,897
1233,908
1233,923
1233,936
1233,95
1233,964
1233,977
1233,991
1234,005
1234,019
1234,034
1234,049
1234,065
1234,078
1234,093
1234,108
1234,126
1234,144
1234,163
1234,178
1234,193
1234,21
1234,226
1234,242
1234,258
1234,274
1234,289
1234,304
1234,318
1234,333
1234,351
1234,369
1234,386
1234,403
1234,421
1234,439
1234,455
1234,472
1234,491
1234,509
1234,526
1234,544
1234,561
1234,579
1234,598
1234,617
1234,634
1234,651
1234,667
1234,683
1234,7
1234,716
1234,731
1234,748
1234,764
1234,776
1234,79
1234,804
1234,818
1234,832
1234,848
1234,859
1234,873
1234,887
1234,901
1234,913
1234,925
1234,939
1234,953
1234,967
1234,98
1234,994
1235,007
1235,023
1235,036
1235,049
1235,063
1235,078
1235,093
1235,107
1235,124
1235,139
1235,153
1235,168
1235,183
1235,2
1235,216
1235,233
1235,249
1235,265
1235,281
1235,296
1235,312
1235,327
1235,341
1235,358
1235,373
1235,389
1235,404
1235,419
1235,433
1235,445
1235,458
1235,471
1235,485
1235,5
1235,513
1235,525
1235,538
1235,551
1235,565
1235,579
1235,598
1235,617
1235,635
1235,655
1235,674
1235,692
1235,71
1235,728
1235,747
1235,766
1235,784
1235,8
1235,816
1235,831
1235,849
1235,866
1235,882
1235,901
1235,919
1235,934
1235,952
1235,967
1235,984
1236
1236,016
1236,031
1236,047
1236,063
1236,076
1236,09
1236,103
1236,117
1236,129
1236,142
1236,155
1236,168
1236,182
1236,194
1236,206
1236,22
1236,235
1236,248
1236,261
1236,275
1236,288
1236,302
1236,316
1236,33
1236,342
1236,356
1236,369
1236,381
1236,394
1236,409
1236,423
1236,437
1236,449
1236,461
1236,474
1236,489
1236,504
1236,518
1236,531
1236,542
1236,557
1236,572
1236,585
1236,598
1236,612
1236,626
1236,642
1236,656
1236,67
1236,685
1236,701
1236,715
1236,728
1236,744
1236,759
1236,775
1236,792
1236,808
1236,825
1236,841
1236,856
1236,872
1236,888
1236,904
1236,92
1236,937
1236,954
1236,971
1236,99
1237,011
1237,029
1237,049
1237,068
1237,086
1237,106
1237,126
1237,146
1237,166
1237,187
1237,208
1237,228
1237,25
1237,269
1237,29
1237,311
1237,334
1237,354
1237,373
1237,393
1237,415
1237,433
1237,451
1237,467
1237,484
1237,502
1237,52
1237,538
1237,555
1237,573
1237,59
1237,607
1237,624
1237,642
1237,66
1237,677
1237,692
1237,708
1237,724
1237,74
1237,757
1237,772
1237,787
1237,803
1237,818
1237,833
1237,849
1237,864
1237,88
1237,893
1237,907
1237,922
1237,939
1237,954
1237,97
1237,988
1238,008
1238,025
1238,045
1238,064
1238,081
1238,099
1238,116
1238,132
1238,148
1238,164
1238,176
1238,191
1238,207
1238,222
1238,236
1238,25
1238,264
1238,278
1238,291
1238,306
1238,319
1238,335
1238,352
1238,369
1238,384
1238,4
1238,417
1238,433
1238,449
1238,464
1238,477
1238,492
1238,508
1238,522
1238,537
1238,553
1238,568
1238,583
1238,598
1238,612
1238,626
1238,643
1238,662
1238,677
1238,691
1238,706
1238,721
1238,735
1238,748
1238,762
1238,775
1238,791
1238,807
1238,82
1238,837
1238,853
1238,869
1238,885
1238,901
1238,916
1238,932
1238,948
1238,964
1238,981
1238,997
1239,019
1239,035
1239,05
1239,067
1239,084
1239,1
1239,115
1239,132
1239,148
1239,164
1239,18
1239,194
1239,21
1239,224
1239,241
1239,257
1239,27
1239,284
1239,297
1239,311
1239,325
1239,34
1239,357
1239,372
1239,387
1239,4
1239,414
1239,427
1239,441
1239,456
1239,472
1239,488
1239,504
1239,518
1239,533
1239,547
1239,56
1239,576
1239,591
1239,605
1239,619
1239,633
1239,65
1239,669
1239,686
1239,7
1239,714
1239,727
1239,742
1239,759
1239,775
1239,792
1239,811
1239,828
1239,846
1239,864
1239,884
1239,903
1239,922
1239,942
1239,961
1239,98
1239,998
1240,017
1240,035
1240,052
1240,07
1240,087
1240,104
1240,122
1240,139
1240,155
1240,172
1240,189
1240,204
1240,22
1240,235
1240,249
1240,261
1240,275
1240,289
1240,305
1240,318
1240,332
1240,344
1240,359
1240,373
1240,387
1240,401
1240,416
1240,427
1240,44
1240,453
1240,467
1240,479
1240,492
1240,506
1240,522
1240,534
1240,547
1240,561
1240,574
1240,589
1240,603
1240,617
1240,631
1240,648
1240,665
1240,683
1240,7
1240,716
1240,731
1240,747
1240,764
1240,781
1240,794
1240,809
1240,825
1240,842
1240,858
1240,875
1240,892
1240,907
1240,923
1240,937
1240,952
1240,967
1240,986
1241,003
1241,02
1241,039
1241,058
1241,078
1241,097
1241,114
1241,132
1241,152
1241,171
1241,188
1241,206
1241,225
1241,246
1241,265
1241,283
1241,302
1241,319
1241,336
1241,355
1241,373
1241,388
1241,405
1241,42
1241,438
1241,457
1241,473
1241,49
1241,506
1241,524
1241,542
1241,561
1241,577
1241,593
1241,608
1241,626
1241,643
1241,66
1241,676
1241,693
1241,708
1241,724
1241,74
1241,756
1241,771
1241,786
1241,802
1241,817
1241,832
1241,849
1241,86
1241,874
1241,89
1241,904
1241,917
1241,93
1241,942
1241,956
1241,969
1241,982
1241,994
1242,009
1242,022
1242,036
1242,05
1242,064
1242,076
1242,089
1242,102
1242,116
1242,129
1242,144
1242,157
1242,173
1242,188
1242,203
1242,215
1242,229
1242,244
1242,256
1242,27
1242,284
1242,298
1242,31
1242,324
1242,339
1242,354
1242,37
1242,387
1242,403
1242,418
1242,433
1242,45
1242,467
1242,486
1242,504
1242,522
1242,54
1242,56
1242,578
1242,597
1242,615
1242,634
1242,653
1242,671
1242,69
1242,709
1242,728
1242,744
1242,76
1242,776
1242,792
1242,809
1242,826
1242,842
1242,857
1242,874
1242,888
1242,902
1242,915
1242,927
1242,941
1242,955
1242,97
1242,982
1242,997
1243,008
1243,023
1243,035
1243,048
1243,06
1243,076
1243,09
1243,105
1243,119
1243,132
1243,145
1243,157
1243,171
1243,184
1243,197
1243,208
1243,224
1243,24
1243,256
1243,273
1243,29
1243,306
1243,322
1243,338
1243,353
1243,37
1243,385
1243,401
1243,414
1243,431
1243,444
1243,458
1243,473
1243,488
1243,503
1243,516
1243,529
1243,542
1243,559
1243,576
1243,594
1243,615
1243,631
1243,651
1243,669
1243,688
1243,707
1243,726
1243,742
1243,759
1243,775
1243,792
1243,81
1243,828
1243,844
1243,863
1243,881
1243,897
1243,913
1243,93
1243,944
1243,957
1243,971
1243,986
1243,999
1244,01
1244,025
1244,04
1244,053
1244,068
1244,083
1244,096
1244,11
1244,124
1244,138
1244,152
1244,166
1244,178
1244,191
1244,206
1244,222
1244,237
1244,254
1244,27
1244,286
1244,301
1244,318
1244,418
1244,433
1244,448
1244,463
1244,476
1244,496
1244,511
1244,526
1244,539
1244,552
1244,566
1244,582
1244,597
1244,612
1244,627
1244,642
1244,656
1244,668
1244,683
1244,698
1244,713
1244,728
1244,744
1244,76
1244,775
1244,788
1244,8
1244,814
1244,827
1244,841
1244,855
1244,868
1244,883
1244,899
1244,912
1244,927
1244,94
1244,953
1244,966
1244,981
1244,995
1245,008
1245,026
1245,044
1245,062
1245,08
1245,101
1245,12
1245,137
1245,156
1245,176
1245,194
1245,211
1245,23
1245,248
1245,267
1245,285
1245,302
1245,32
1245,34
1245,357
1245,375
1245,393
1245,409
1245,424
1245,442
1245,459
1245,474
1245,488
1245,5
1245,516
1245,535
1245,55
1245,567
1245,584
1245,599
1245,613
1245,629
1245,643
1245,656
1245,669
1245,683
1245,698
1245,712
1245,727
1245,74
1245,752
1245,765
1245,778
1245,791
1245,803
1245,817
1245,831
1245,844
1245,858
1245,873
1245,886
1245,899
1245,913
1245,927
1245,941
1245,955
1245,968
1245,983
1245,999
1246,014
1246,028
1246,043
1246,056
1246,068
1246,082
1246,097
1246,11
1246,123
1246,137
1246,152
1246,165
1246,18
2651,038
2651,056
2651,073
2651,091
2651,107
2651,124
2651,141
2651,158
2651,176
2651,192
2651,208
2651,228
2651,245
2651,26
2651,278
2651,296
2651,313
2651,33
2651,347
2651,364
2651,38
2651,398
2651,417
2651,436
2651,455
2651,472
2651,49
2651,508
2651,526
2651,543
2651,562
2651,581
2651,599
2651,617
2651,635
2651,653
2651,672
2651,688
2651,707
2651,726
2651,743
2651,762
2651,781
2651,798
2651,816
2651,834
2651,853
2651,87
2651,888
2651,906
2651,924
2651,943
2651,961
2651,979
2651,997
2652,016
2652,034
2652,052
2652,07
2652,087
2652,104
2652,123
2652,141
2652,159
2652,177
2652,196
2652,214
2652,233
2652,252
2652,27
2652,288
2652,308
2652,326
2652,343
2652,361
2652,38
2652,398
2652,417
2652,435
2652,453
2652,471
2652,49
2652,508
2652,526
2652,544
2652,563
2652,581
2652,599
2652,618
2652,637
2652,654
2652,672
2652,689
2652,707
2652,726
2652,744
2652,762
2652,78
2652,797
2652,815
2652,832
2652,849
2652,868
2652,887
2652,906
2652,929
2652,948
2652,967
2652,986
2653,005
2653,023
2653,042
2653,061
2653,08
2653,097
2653,114
2653,133
2653,153
2653,171
2653,188
2653,207
2653,224
2653,242
2653,261
2653,28
2653,297
2653,315
2653,333
2653,352
2653,37
2653,388
2653,407
2653,425
2653,445
2653,464
2653,482
2653,5
2653,52
2653,538
2653,558
2653,577
2653,595
2653,614
2653,632
2653,651
2653,671
2653,688
2653,708
2653,726
2653,745
2653,764
2653,782
2653,8
2653,819
2653,838
2653,856
2653,875
2653,894
2653,912
2653,932
2653,951
2653,97
2653,989
2654,008
2654,027
2654,047
2654,067
2654,086
2654,104
2654,122
2654,141
2654,159
2654,177
2654,195
2654,214
2654,233
2654,251
2654,27
2654,289
2654,306
2654,325
2654,343
2654,361
2654,38
2654,398
2654,416
2654,434
2654,452
2654,471
2654,489
2654,509
2654,528
2654,546
2654,564
2654,583
2654,601
2654,619
2654,638
2654,655
2654,674
2654,693
2654,711
2654,729
2654,747
2654,766
2654,784
2654,802
2654,82
2654,838
2654,857
2654,875
2654,893
2654,912
2654,931
2654,949
2654,967
2654,99
2655,009
2655,029
2655,049
2655,068
2655,087
2655,105
2655,124
2655,144
2655,163
2655,181
2655,201
2655,22
2655,239
2655,257
2655,275
2655,294
2655,312
2655,332
2655,35
2655,369
2655,388
2655,406
2655,425
2655,444
2655,464
2655,483
2655,501
2655,52
2655,54
2655,56
2655,58
2655,599
2655,619
2655,638
2655,656
2655,676
2655,694
2655,712
2655,731
2655,75
2655,769
2655,787
2655,806
2655,824
2655,844
2655,863
2655,881
2655,899
2655,918
2655,937
2655,955
2655,974
2655,992
2656,012
2656,03
2656,049
2656,069
2656,088
2656,107
2656,125
2656,143
2656,162
2656,18
2656,198
2656,216
2656,234
2656,253
2656,272
2656,291
2656,309
2656,328
2656,347
2656,366
2656,386
2656,406
2656,427
2656,444
2656,464
2656,482
2656,501
2656,519
2656,536
2656,554
2656,574
2656,594
2656,615
2656,636
2656,657
2656,675
2656,694
2656,713
2656,731
2656,75
2656,768
2656,787
2656,808
2656,829
2656,849
2656,868
2656,887
2656,905
2656,923
2656,941
2656,959
2656,979
2656,997
2657,015
2657,032
2657,051
2657,069
2657,086
2657,103
2657,121
2657,139
2657,156
2657,174
2657,193
2657,212
2657,23
2657,249
2657,266
2657,285
2657,304
2657,322
2657,34
2657,36
2657,378
2657,396
2657,414
2657,431
2657,449
2657,466
2657,484
2657,503
2657,522
2657,542
2657,562
2657,581
2657,6
2657,618
2657,637
2657,655
2657,673
2657,691
2657,709
2657,728
2657,745
2657,765
2657,784
2657,803
2657,824
2657,844
2657,864
2657,884
2657,903
2657,923
2657,941
2657,959
2657,977
2657,994
2658,016
2658,037
2658,056
2658,076
2658,094
2658,112
2658,131
2658,149
2658,167
2658,186
2658,204
2658,222
2658,241
2658,261
2658,281
2658,302
2658,324
2658,342
2658,36
2658,379
2658,398
2658,416
2658,435
2658,453
2658,471
2658,49
2658,51
2658,529
2658,551
2658,57
2658,588
2658,607
2658,626
2658,645
2658,664
2658,683
2658,702
2658,721
2658,739
2658,758
2658,779
2658,801
2658,819
2658,837
2658,855
2658,874
2658,892
2658,912
2658,931
2658,95
2658,969
2658,988
2659,011
2659,031
2659,052
2659,069
2659,088
2659,107
2659,126
2659,145
2659,163
2659,181
2659,2
2659,218
2659,237
2659,255
2659,275
2659,293
2659,312
2659,331
2659,349
2659,368
2659,387
2659,406
2659,425
2659,443
2659,463
2659,482
2659,5
2659,519
2659,538
2659,556
2659,575
2659,593
2659,612
2659,631
2659,649
2659,669
2659,688
2659,707
2659,728
2659,747
2659,766
2659,785
2659,803
2659,821
2659,839
2659,857
2659,879
2659,897
2659,921
2659,941
2659,96
2659,979
2659,997
2660,015
2660,033
2660,051
2660,07
2660,088
2660,107
2660,127
2660,146
2660,165
2660,185
2660,202
2660,221
2660,24
2660,258
2660,276
2660,295
2660,313
2660,331
2660,351
2660,368
2660,387
2660,406
2660,426
2660,445
2660,463
2660,482
2660,5
2660,52
2660,538
2660,557
2660,576
2660,594
2660,614
2660,633
2660,652
2660,671
2660,689
2660,707
2660,725
2660,744
2660,763
2660,781
2660,8
2660,818
2660,836
2660,858
2660,878
2660,898
2660,916
2660,934
2660,953
2660,971
2660,99
2661,008
2661,025
2661,042
2661,062
2661,08
2661,1
2661,119
2661,137
2661,155
2661,174
2661,193
2661,209
2661,226
2661,243
2661,26
2661,277
2661,295
2661,313
2661,334
2661,352
2661,371
2661,391
2661,411
2661,43
2661,449
2661,47
2661,489
2661,509
2661,527
2661,547
2661,566
2661,585
2661,605
2661,623
2661,642
2661,66
2661,679
2661,699
2661,718
2661,736
2661,756
2661,774
2661,794
2661,814
2661,836
2661,859
2661,878
2661,896
2661,916
2661,935
2661,954
2661,971
2661,991
2662,091
2662,105
2662,122
2662,138
2662,156
2662,174
2662,199
2662,218
2662,237
2662,255
2662,275
2662,294
2662,312
2662,331
2662,349
2662,369
2662,388
2662,406
2662,424
2662,446
2662,465
2662,486
2662,506
2662,524
2662,542
2662,562
2662,58
2662,6
2662,619
2662,638
2662,657
2662,679
2662,699
2662,72
2662,74
2662,76
2662,779
2662,797
2662,816
2662,835
2662,853
2662,871
2662,891
2662,909
2662,928
2662,947
2662,967
2662,985
2663,003
2663,021
2663,04
2663,059
2663,076
2663,096
2663,115
2663,135
2663,154
2663,177
2663,194
2663,214
2663,233
2663,251
2663,27
2663,289
2663,308
2663,328
2663,346
2663,364
2663,383
2663,402
2663,421
2663,441
2663,459
2663,478
2663,497
2663,515
2663,532
2663,55
2663,568
2663,586
2663,605
2663,624
2663,643
2663,661
2663,684
2663,705
2663,723
2663,742
2663,765
2663,785
2663,804
2663,825
2663,846
2663,865
2663,885
2663,905
2663,926
2663,944
2663,961
2663,981
2664,001
2664,02
2664,039
2664,058
2664,077
2664,096
2664,114
2664,132
2664,15
2664,167
2664,185
2664,203
2664,222
2664,242
2664,262
2664,281
2664,299
2664,319
2664,338
2664,357
2664,376
2664,395
2664,412
2664,431
2664,45
2664,468
2664,485
2664,503
2664,521
2664,541
2664,56
2664,579
2664,597
2664,615
2664,632
2664,652
2664,67
2664,693
2664,713
2664,732
2664,753
2664,774
2664,794
2664,813
2664,833
2664,852
2664,87
2664,889
2664,909
2664,927
2664,947
2664,965
2664,987
2665,007
2665,027
2665,049
2665,069
2665,088
2665,107
2665,125
2665,144
2665,163
2665,182
2665,201
2665,22
2665,239
2665,258
2665,276
2665,294
2665,313
2665,333
2665,352
2665,371
2665,39
2665,409
2665,429
2665,447
2665,465
2665,483
2665,501
2665,52
2665,54
2665,558
2665,577
2665,596
2665,614
2665,632
2665,65
2665,671
2665,69
2665,71
2665,731
2665,751
2665,77
2665,788
2665,807
2665,828
2665,848
2665,871
2665,894
2665,913
2665,933
2665,953
2665,972
2665,993
2666,013
2666,033
2666,054
2666,076
2666,096
2666,116
2666,136
2666,157
2666,177
2666,198
2666,217
2666,237
2666,261
2666,281
2666,299
2666,319
2666,34
2666,359
2666,378
2666,4
2666,418
2666,439
2666,458
2666,476
2666,496
2666,515
2666,535
2666,554
2666,572
2666,59
2666,609
2666,629
2666,648
2666,666
2666,684
2666,703
2666,722
2666,741
2666,762
2666,779
2666,798
2666,816
2666,834
2666,852
2666,874
2666,892
2666,911
2666,929
2666,948
2666,968
2666,989
2667,01
2667,03
2667,05
2667,069
2667,087
2667,108
2667,134
2667,152
2667,175
2667,197
2667,217
2667,235
2667,255
2667,275
2667,293
2667,311
2667,33
2667,348
2667,366
2667,384
2667,402
2667,42
2667,438
2667,458
2667,476
2667,494
2667,512
2667,531
2667,549
2667,568
2667,587
2667,606
2667,625
2667,643
2667,662
2667,681
2667,699
2667,717
2667,737
2667,756
2667,776
2667,795
2667,816
2667,836
2667,857
2667,876
2667,899
2667,919
2667,944
2667,963
2667,982
2668,003
2668,023
2668,044
2668,066
2668,089
2668,114
2668,134
2668,154
2668,176
2668,198
2668,218
2668,237
2668,256
2668,275
2668,296
2668,316
2668,335
2668,354
2668,376
2668,395
2668,414
2668,434
2668,454
2668,473
2668,492
2668,511
2668,533
2668,553
2668,572
2668,592
2668,612
2668,632
2668,651
2668,67
2668,689
2668,708
2668,729
2668,747
2668,766
2668,786
2668,805
2668,823
2668,843
2668,862
2668,882
2668,904
2668,926
2668,946
2668,967
2668,989
2669,009
2669,033
2669,053
2669,071
2669,092
2669,111
2669,13
2669,151
2669,177
2669,196
2669,216
2669,237
2669,26
2669,28
2669,304
2669,323
2669,343
2669,363
2669,386
2669,408
2669,43
2669,45
2669,469
2669,489
2669,514
2669,533
2669,552
2669,574
2669,594
2669,615
2669,637
2669,657
2669,677
2669,695
2669,716
2669,74
2669,761
2669,781
2669,8
2669,82
2669,84
2669,863
2669,882
2669,902
2669,921
2669,946
2669,966
2669,986
2670,004
2670,024
2670,044
2670,064
2670,083
2670,102
2670,123
2670,144
2670,163
2670,184
2670,204
2670,224
2670,243
2670,262
2670,281
2670,303
2670,323
2670,342
2670,36
2670,378
2670,397
2670,415
2670,434
2670,453
2670,471
2670,49
2670,508
2670,53
2670,55
2670,571
2670,589
2670,608
2670,626
2670,644
2670,661
2670,681
2670,7
2670,719
2670,738
2670,758
2670,779
2670,801
2670,82
2670,839
2670,858
2670,875
2670,893
2670,912
2670,93
2670,948
2670,967
2670,985
2671,005
2671,026
2671,044
2671,062
2671,08
2671,099
2671,117
2671,135
2671,154
2671,173
2671,19
2671,21
2671,229
2671,248
2671,267
2671,287
2671,306
2671,327
2671,347
2671,367
2671,385
2671,408
2671,428
2671,448
2671,466
2671,485
2671,503
2671,521
2671,539
2671,558
2671,577
2671,596
2671,616
2671,634
2671,653
2671,67
2671,691
2671,709
2671,729
2671,747
2671,765
2671,784
2671,804
2671,823
2671,841
2671,86
2671,878
2671,896
2671,915
2671,934
2671,951
2671,97
2671,989
2672,007
2672,025
2672,044
2672,062
2672,081
2672,099
2672,118
2672,137
2672,155
2672,174
2672,193
2672,211
2672,229
2672,247
2672,265
2672,284
2672,303
2672,322
2672,341
2672,359
2672,377
2672,396
2672,415
2672,434
2672,451
2672,47
2672,487
2672,503
2672,52
2672,538
2672,556
2672,574
2672,593
2672,61
2672,629
2672,646
2672,663
2672,679
2672,698
2672,715
2672,731
2672,75
2672,77
2672,788
2672,808
2672,827
2672,846
2672,865
2672,882
2672,901
2672,919
2672,937
2672,954
2672,971
2672,988
2673,006
2673,022
2673,039
2673,056
2673,074
2673,092
2673,111
2673,129
2673,147
2673,165
2673,183
2673,202
2673,219
2673,238
2673,255
2673,272
2673,292
2673,31
2673,329
2673,347
2673,366
2673,385
2673,404
2673,422
2673,441
2673,46
2673,479
2673,498
2673,516
2673,533
2673,554
2673,572
2673,59
2673,609
2673,628
2673,648
2673,669
2673,688
2673,707
2673,725
2673,743
2673,763
2673,78
2673,798
2673,816
2673,835
2673,854
2673,873
2673,891
2673,909
2673,928
2673,947
2673,965
2673,982
2674
2674,018
2674,036
2674,054
2674,073
2674,094
2674,112
2674,132
2674,151
2674,17
2674,188
2674,207
2674,226
2674,243
2674,261
2674,279
2674,296
2674,312
2674,329
2674,348
2674,367
2674,386
2674,403
2674,42
2674,44
2674,459
2674,476
2674,494
2674,512
2674,53
2674,549
2674,566
2674,583
2674,601
2674,618
2674,635
2674,652
2674,668
2674,686
2674,703
2674,719
2674,735
2674,753
2674,771
2674,787
2674,804
2674,821
2674,838
2674,854
2674,87
2674,888
2674,905
2674,923
2674,941
2674,958
2674,978
2674,996
2675,014
2675,031
2675,049
2675,067
2675,085
2675,104
2675,125
2675,144
2675,163
2675,181
2675,199
2675,218
2675,237
2675,255
2675,272
2675,291
2675,309
2675,327
2675,346
2675,364
2675,382
2675,401
2675,42
2675,44
2675,459
2675,478
2675,497
2675,515
2675,535
2675,554
2675,573
2675,591
2675,61
2675,628
2675,647
2675,666
2675,684
2675,702
2675,72
2675,738
2675,756
2675,774
2675,793
2675,811
2675,831
2675,85
2675,869
2675,888
2675,907
2675,927
2675,946
2675,965
2675,985
2676,003
2676,022
2676,04
2676,059
2676,077
2676,095
2676,114
2676,132
2676,151
2676,169
2676,187
2676,205
2676,223
2676,242
2676,261
2676,279
2676,299
2676,317
2676,336
2676,354
2676,371
2676,391
2676,408
2676,427
2676,446
2676,464
2676,483
2676,504
2676,522
2676,54
2676,559
2676,578
2676,597
2676,615
2676,635
2676,654
2676,672
2676,693
2676,711
2676,73
2676,75
2676,77
2676,789
2676,809
2676,828
2676,846
2676,864
2676,881
2676,9
2676,917
2676,935
2676,953
2676,97
2676,987
2677,005
2677,023
2677,042
2677,061
2677,079
2677,098
2677,117
2677,136
2677,156
2677,176
2677,194
2677,21
2677,228
2677,245
2677,263
2677,281
2677,3
2677,318
2677,338
2677,356
2677,374
2677,392
2677,412
2677,429
2677,449
2677,469
2677,49
2677,509
2677,528
2677,546
2677,562
2677,58
2677,598
2677,616
2677,635
2677,653
2677,671
2677,69
2677,711
2677,73
2677,751
2677,771
2677,792
2677,812
2677,834
2677,853
2677,872
2677,89
2677,908
2677,927
2677,945
2677,963
2677,981
2678
2678,018
2678,037
2678,055
2678,074
2678,093
2678,112
2678,131
2678,148
2678,167
2678,187
2678,207
2678,225
2678,243
2678,263
2678,281
2678,3
2678,318
2678,336
2678,354
2678,373
2678,391
2678,409
2678,427
2678,445
2678,463
2678,481
2678,5
2678,519
2678,537
2678,557
2678,575
2678,593
2678,613
2678,631
2678,647
2678,663
2678,679
2678,697
2678,713
2678,73
2678,747
2678,765
2678,783
2678,802
2678,819
2678,838
2678,856
2678,874
2678,892
2678,91
2678,928
2678,946
2678,964
2678,98
2678,996
2679,011
2679,028
2679,044
2679,062
2679,08
2679,097
2679,114
2679,131
2679,148
2679,166
2679,184
2679,203
2679,221
2679,239
2679,257
2679,277
2679,294
2679,314
2679,333
2679,352
2679,369
2679,386
2679,404
2679,422
2679,439
2679,458
2679,476
2679,493
2679,51
2679,531
2679,55
2679,57
2679,588
2679,606
2679,625
2679,643
2679,661
2679,68
2679,698
2679,716
2679,734
2679,754
2679,773
2679,793
2679,813
2679,83
2679,848
2679,867
2679,886
2679,906
2679,924
2679,943
2679,961
2679,98
2679,998
2680,017
2680,037
2680,055
2680,075
2680,094
2680,114
2680,133
2680,152
2680,173
2680,191
2680,209
2680,227
2680,245
2680,263
2680,282
2680,301
2680,32
2680,337
2680,356
2680,374
2680,392
2680,411
2680,429
2680,448
2680,467
2680,485
2680,503
2680,521
2680,541
2680,56
2680,578
2680,596
2680,614
2680,633
2680,651
2680,668
2680,686
2680,705
2680,722
2680,74
2680,757
2680,776
2680,794
2680,812
2680,83
2680,848
2680,864
2680,883
2680,9
2680,918
2680,935
2680,953
2680,971
2680,989
2681,007
2681,026
2681,043
2681,064
2681,082
2681,1
2681,119
2681,136
2681,154
2681,171
2681,189
2681,206
2681,224
2681,241
2681,259
2681,276
2681,293
2681,313
2681,333
2681,352
2681,37
2681,388
2681,406
2681,425
2681,443
2681,462
2681,48
2681,498
2681,517
2681,535
2681,553
2681,571
2681,589
2681,608
2681,625
2681,643
2681,661
2681,679
2681,697
2681,717
2681,735
2681,754
2681,773
2681,791
2681,81
2681,829
2681,848
2681,865
2681,884
2681,904
2681,922
2681,941
2681,96
2681,98
2681,999
2682,018
2682,038
2682,056
2682,074
2682,093
2682,111
2682,128
2682,146
2682,164
2682,183
2682,2
2682,218
2682,236
2682,254
2682,271
2682,288
2682,305
2682,323
2682,34
2682,356
2682,375
2682,393
2682,412
2682,43
2682,447
2682,466
2682,484
2682,502
2682,521
2682,539
2682,557
2682,575
2682,593
2682,611
2682,63
2682,648
2682,667
2682,684
2682,702
2682,719
2682,735
2682,751
2682,768
2682,784
2682,8
2682,817
2682,833
2682,849
2682,865
2682,881
2682,898
2682,915
2682,931
2682,947
2682,964
2682,979
2682,997
2683,013
2683,03
2683,048
2683,065
2683,082
2683,1
2683,117
2683,134
2683,152
2683,169
2683,188
2683,206
2683,224
2683,241
2683,26
2683,278
2683,295
2683,312
2683,331
2683,349
2683,367
2683,384
2683,402
2683,421
2683,438
2683,457
2683,474
2683,491
2683,51
2683,528
2683,547
2683,565
2683,584
2683,602
2683,622
2683,639
2683,657
2683,673
2683,691
2683,709
2683,727
2683,744
2683,761
2683,779
2683,796
2683,815
2683,832
2683,85
2683,867
2683,885
2683,903
2683,921
2683,939
2683,957
2683,975
2683,992
2684,01
2684,027
2684,046
2684,064
2684,082
2684,099
2684,117
2684,135
2684,152
2684,169
2684,186
2684,203
2684,22
2684,237
2684,255
2684,273
2684,29
2684,308
2684,325
2684,343
2684,361
2684,379
2684,396
2684,415
2684,433
2684,451
2684,469
2684,488
2684,506
2684,524
2684,542
2684,561
2684,579
2684,597
2684,613
2684,631
2684,648
2684,665
2684,681
2684,698
2684,715
2684,731
2684,748
2684,765
2684,781
2684,797
2684,813
2684,831
2684,847
2684,862
2684,88
2684,896
2684,912
2684,927
2684,944
2684,959
2684,975
2684,99
2685,006
2685,023
2685,04
2685,057
2685,074
2685,092
2685,111
2685,129
2685,147
2685,164
2685,182
2685,199
2685,217
2685,235
2685,252
2685,268
2685,285
2685,303
2685,321
2685,338
2685,356
2685,374
2685,392
2685,41
2685,428
2685,445
2685,462
2685,48
2685,498
2685,517
2685,535
2685,553
2685,572
2685,59
2685,607
2685,625
2685,643
2685,662
2685,681
2685,7
2685,718
2685,737
2685,757
2685,775
2685,793
2685,811
2685,827
2685,844
2685,861
2685,878
2685,896
2685,914
2685,932
2685,951
2685,967
2685,984
2686,003
2686,022
2686,041
2686,058
2686,075
2686,094
2686,111
2686,13
2686,147
2686,165
2686,184
2686,203
2686,221
2686,239
2686,256
2686,274
2686,292
2686,309
2686,327
2686,345
2686,363
2686,38
2686,397
2686,415
2686,433
2686,45
2686,467
2686,485
2686,503
2686,522
2686,541
2686,56
2686,579
2686,597
2686,615
2686,633
2686,65
2686,667
2686,687
2686,705
2686,722
2686,739
2686,756
2686,773
2686,791
2686,809
2686,827
2686,844
2686,861
2686,875
2686,888
2686,906
2686,924
2686,942
2686,96
2686,979
2686,997
2687,015
2687,033
2687,05
2687,067
2687,083
2687,1
2687,117
2687,135
2687,153
2687,172
2687,19
2687,209
2687,229
2687,247
2687,265
2687,283
2687,303
2687,323
2687,341
2687,359
2687,376
2687,393
2687,41
2687,428
2687,447
2687,465
2687,483
2687,501
2687,52
2687,538
2687,556
2687,574
2687,593
2687,611
2687,629
2687,648
2687,666
2687,684
2687,702
2687,721
2687,74
2687,758
2687,777
2687,795
2687,814
2687,833
2687,849
2687,866
2687,885
2687,903
2687,921
2687,94
2687,957
2687,974
2687,992
2688,01
2688,028
2688,046
2688,064
2688,082
2688,1
2688,118
2688,136
2688,153
2688,172
2688,19
2688,209
2688,228
2688,246
2688,264
2688,282
2688,301
2688,318
2688,336
2688,354
2688,373
2688,391
2688,409
2688,428
2688,446
2688,464
2688,482
2688,5
2688,519
2688,538
2688,556
2688,575
2688,594
2688,612
2688,629
2688,647
2688,665
2688,682
2688,699
2688,716
2688,732
2688,748
2688,765
2688,783
2688,8
2688,816
2688,833
2688,851
2688,868
2688,885
2688,903
2688,919
2688,934
2688,95
2688,967
2688,986
2689,006
2689,024
2689,043
2689,063
2689,081
2689,099
2689,117
2689,134
2689,152
2689,17
2689,188
2689,206
2689,225
2689,243
2689,262
2689,28
2689,298
2689,316
2689,334
2689,352
2689,369
2689,387
2689,406
2689,425
2689,443
2689,461
2689,481
2689,5
2689,518
2689,537
2689,555
2689,575
2689,592
2689,612
2689,631
2689,649
2689,667
2689,686
2689,703
2689,721
2689,739
2689,756
2689,775
2689,794
2689,813
2689,832
2689,851
2689,869
2689,888
2689,906
2689,924
2689,943
2689,961
2689,979
2689,998
2690,016
2690,035
2690,052
2690,071
2690,09
2690,109
2690,127
2690,145
2690,164
2690,183
2690,202
2690,219
2690,238
2690,256
2690,274
2690,292
2690,31
2690,328
2690,346
2690,364
2690,381
2690,399
2690,418
2690,436
2690,455
2690,474
2690,492
2690,51
2690,529
2690,547
2690,566
2690,584
2690,603
2690,62
2690,637
2690,654
2690,671
2690,689
2690,706
2690,724
2690,74
2690,757
2690,774
2690,79
2690,808
2690,826
2690,844
2690,861
2690,879
2690,897
2690,915
2690,933
2690,95
2690,968
2690,984
2691
2691,016
2691,034
2691,051
2691,069
2691,088
2691,105
2691,124
2691,141
2691,159
2691,176
2691,193
2691,212
2691,23
2691,248
2691,267
2691,284
2691,303
2691,321
2691,34
2691,358
2691,375
2691,396
2691,414
2691,432
2691,451
2691,469
2691,488
2691,506
2691,524
2691,541
2691,559
2691,576
2691,594
2691,612
2691,629
2691,648
2691,665
2691,683
2691,701
2691,718
2691,737
2691,756
2691,774
2691,792
2691,811
2691,829
2691,846
2691,864
2691,882
2691,901
2691,919
2691,937
2691,956
2691,974
2691,992
2692,011
2692,029
2692,048
2692,067
2692,087
2692,105
2692,123
2692,142
2692,159
2692,176
2692,193
2692,211
2692,229
2692,247
2692,264
2692,282
2692,3
2692,319
2692,337
2692,354
2692,374
2692,392
2692,409
2692,427
2692,444
2692,462
2692,479
2692,497
2692,515
2692,534
2692,553
2692,571
2692,591
2692,609
2692,627
2692,645
2692,662
2692,68
2692,697
2692,715
2692,732
2692,747
2692,763
2692,78
2692,797
2692,813
2692,831
2692,847
2692,864
2692,881
2692,898
2692,914
2692,93
2692,948
2692,965
2692,982
2692,999
2693,016
2693,031
2693,048
2693,066
2693,084
2693,102
2693,12
2693,138
2693,156
2693,174
2693,192
2693,211
2693,229
2693,246
2693,264
2693,282
2693,3
2693,318
2693,336
2693,354
2693,373
2693,393
2693,411
2693,429
2693,448
2693,466
2693,483
2693,501
2693,519
2693,536
2693,553
2693,572
2693,589
2693,608
2693,626
2693,644
2693,662
2693,679
2693,698
2693,715
2693,732
2693,749
2693,768
2693,785
2693,801
2693,818
2693,834
2693,852
2693,869
2693,889
2693,908
2693,927
2693,945
2693,962
2693,98
2693,998
2694,015
2694,033
2694,051
2694,068
2694,086
2694,103
2694,12
2694,137
2694,155
2694,173
2694,191
2694,209
2694,228
2694,246
2694,264
2694,283
2694,301
2694,318
2694,336
2694,353
2694,372
2694,389
2694,409
2694,427
2694,444
2694,462
2694,48
2694,498
2694,516
2694,535
2694,554
2694,572
2694,59
2694,609
2694,628
2694,646
2694,665
2694,682
2694,699
2694,717
2694,735
2694,753
2694,77
2694,787
2694,805
2694,822
2694,839
2694,855
2694,872
2694,89
2694,906
2694,922
2694,937
2694,953
2694,97
2694,988
2695,004
2695,021
2695,039
2695,057
2695,076
2695,094
2695,112
2695,131
2695,149
2695,168
2695,187
2695,204
2695,221
2695,24
2695,258
2695,277
2695,296
2695,315
2695,334
2695,353
2695,372
2695,389
2695,409
2695,428
2695,447
2695,466
2695,485
2695,502
2695,522
2695,543
2695,562
2695,58
2695,598
2695,617
2695,636
2695,657
2695,677
2695,696
2695,714
2695,732
2695,749
2695,768
2695,788
2695,807
2695,827
2695,845
2695,864
2695,882
2695,902
2695,921
2695,94
2695,96
2695,979
2695,998
2696,015
2696,034
2696,054
2696,072
2696,093
2696,111
2696,13
2696,15
2696,169
2696,188
2696,207
2696,227
2696,245
2696,262
2696,281
2696,301
2696,319
2696,336
2696,354
2696,373
2696,392
2696,409
2696,427
2696,444
2696,463
2696,481
2696,5
2696,519
2696,537
2696,556
2696,574
2696,593
2696,613
2696,631
2696,648
2696,664
2696,68
2696,696
2696,713
2696,729
2696,746
2696,762
2696,779
2696,879
2696,894
2696,912
2696,926
2696,943
2696,958
2696,98
2697,001
2697,019
2697,037
2697,055
2697,073
2697,09
2697,107
2697,126
2697,143
2697,16
2697,178
2697,197
2697,215
2697,232
2697,25
2697,268
2697,285
2697,302
2697,319
2697,337
2697,355
2697,373
2697,392
2697,41
2697,427
2697,446
2697,463
2697,481
2697,499
2697,516
2697,533
2697,551
2697,568
2697,586
2697,603
2697,621
2697,639
2697,657
2697,675
2697,694
2697,712
2697,73
2697,748
2697,765
2697,783
2697,8
2697,817
2697,833
2697,851
2697,871
2697,896
2697,918
2697,94
2697,963
2697,984
2698,004
2698,025
2698,042
2698,062
2698,079
2698,096
2698,113
2698,131
2698,149
2698,167
2698,186
2698,204
2698,221
2698,239
2698,257
2698,276
2698,293
2698,313
2698,331
2698,349
2698,366
2698,383
2698,399
2698,416
2698,433
2698,448
2698,463
2698,48
2698,498
2698,516
2698,536
2698,553
2698,571
2698,588
2698,605
2698,622
2698,638
2698,655
2698,672
2698,69
2698,708
2698,725
2698,742
2698,76
2698,779
2698,797
2698,815
2698,833
2698,85
2698,869
2698,889
2698,909
2698,929
2698,949
2698,967
2698,986
2699,005
2699,026
2699,046
2699,065
2699,083
2699,1
2699,118
2699,136
2699,154
2699,173
2699,191
2699,21
2699,229
2699,248
2699,267
2699,283
2699,301
2699,32
2699,339
2699,358
2699,377
2699,396
2699,416
2699,435
2699,453
2699,472
2699,49
2699,512
2699,531
2699,549
2699,568
2699,588
2699,607
2699,626
2699,645
2699,664
2699,684
2699,699
2699,715
2699,734
2699,752
2699,772
2699,792
2699,813
2699,833
2699,852
2699,872
2699,892
2699,909
2699,93
2699,952
2699,973
2699,992
2700,01
2700,031
2700,054
2700,074
2700,092
2700,112
2700,13
2700,149
2700,167
2700,186
2700,205
2700,223
2700,242
2700,26
2700,281
2700,3
2700,32
2700,34
2700,36
2700,379
2700,397
2700,416
2700,436
2700,457
2700,474
2700,494
2700,514
2700,535
2700,554
2700,572
2700,593
2700,612
2700,632
2700,653
2700,673
2700,694
2700,713
2700,734
2700,755
2700,774
2700,792
2700,811
2700,83
2700,849
2700,868
2700,887
2700,905
2700,924
2700,942
2700,959
2700,977
2700,996
2701,013
2701,031
2701,053
2701,071
2701,089
2701,108
2701,126
2701,144
2701,163
2701,181
2701,198
2701,216
2701,235
2701,253
2701,271
2701,288
2701,307
2701,325
2701,342
2701,359
2701,377
2701,395
2701,414
2701,432
2701,45
2701,468
2701,485
2701,504
2701,522
2701,54
2701,559
2701,576
2701,594
2701,612
2701,63
2701,648
2701,667
2701,685
2701,703
2701,719
2701,737
2701,755
2701,772
2701,79
2701,808
2701,827
2701,844
2701,862
2701,881
2701,898
2701,916
2701,934
2701,952
2701,97
2701,989
2702,005
2702,023
2702,041
2702,058
2702,077
2702,094
2702,112
2702,129
2702,147
2702,164
2702,182
2702,199
2702,217
2702,234
2702,252
2702,27
2702,288
2702,306
2702,324
2702,342
2702,36
2702,377
2702,394
2702,412
2702,429
2702,447
2702,463
2702,48
2702,497
2702,515
2702,531
2702,549
2702,567
2702,584
2702,601
2702,618
2702,634
2702,651
2702,667
2702,683
2702,699
2702,716
2702,733
2702,75
2702,766
2702,784
2702,802
2702,82
2702,838
2702,855
2702,874
2702,893
2702,912
2702,932
2702,95
2702,968
2702,986
2703,004
2703,022
2703,041
2703,059
2703,077
2703,096
2703,114
2703,131
2703,149
2703,167
2703,185
2703,202
2703,221
2703,239
2703,256
2703,273
2703,29
2703,308
2703,326
2703,344
2703,362
2703,38
2703,398
2703,417
2703,434
2703,451
2703,475
2703,493
2703,51
2703,529
2703,547
2703,566
2703,584
2703,602
2703,62
2703,638
2703,657
2703,675
2703,694
2703,712
2703,731
2703,75
2703,769
2703,787
2703,805
2703,823
2703,84
2703,858
2703,877
2703,896
2703,917
2703,937
2703,954
2703,973
2703,993
2704,014
2704,034
2704,052
2704,069
2704,088
2704,104
2704,122
2704,139
2704,156
2704,174
2704,191
2704,208
2704,226
2704,245
2704,263
2704,281
2704,298
2704,316
2704,333
2704,352
2704,369
2704,387
2704,405
2704,422
2704,439
2704,456
2704,473
2704,491
2704,509
2704,526
2704,544
2704,562
2704,579
2704,597
2704,614
2704,632
2704,649
2704,666
2704,683
2704,702
2704,719
2704,737
2704,754
2704,772
2704,789
2704,808
2704,825
2704,843
2704,86
2704,878
2704,896
2704,914
2704,932
2704,95
2704,97
2704,988
2705,007
2705,026
2705,044
2705,063
2705,081
2705,1
2705,119
2705,138
2705,157
2705,176
2705,194
2705,213
2705,232
2705,249
2705,267
2705,285
2705,303
2705,32
2705,338
2705,356
2705,375
2705,392
2705,411
2705,428
2705,447
2705,465
2705,484
2705,503
2705,522
2705,541
2705,56
2705,578
2705,595
2705,614
2705,634
2705,652
2705,67
2705,689
2705,708
2705,726
2705,745
2705,764
2705,783
2705,801
2705,82
2705,838
2705,856
2705,873
2705,891
2705,91
2705,928
2705,948
2705,965
2705,984
2706,002
2706,019
2706,037
2706,055
2706,073
2706,091
2706,11
2706,13
2706,148
2706,169
2706,188
2706,207
2706,224
2706,245
2706,263
2706,282
2706,302
2706,321
2706,34
2706,358
2706,377
2706,398
2706,418
2706,438
2706,455
2706,473
2706,491
2706,511
2706,53
2706,549
2706,568
2706,585
2706,603
2706,62
2706,639
2706,656
2706,675
2706,693
2706,71
2706,729
2706,748
2706,767
2706,786
2706,805
2706,824
2706,843
2706,861
2706,879
2706,898
2706,918
2706,936
2706,956
2706,974
2706,992
2707,01
2707,029
2707,047
2707,067
2707,087
2707,107
2707,126
2707,145
2707,162
2707,18
2707,198
2707,218
2707,236
2707,254
2707,274
2707,293
2707,312
2707,33
2707,35
2707,375
2707,393
2707,412
2707,432
2707,451
2707,47
2707,489
2707,507
2707,527
2707,547
2707,568
2707,586
2707,604
2707,623
2707,641
2707,66
2707,677
2707,696
2707,715
2707,734
2707,752
2707,771
2707,789
2707,807
2707,827
2707,845
2707,863
2707,882
2707,907
2707,924
2707,943
2707,962
2707,982
2708,002
2708,021
2708,04
2708,058
2708,078
2708,097
2708,115
2708,133
2708,151
2708,17
2708,187
2708,204
2708,221
2708,24
2708,259
2708,278
2708,296
2708,314
2708,333
2708,351
2708,37
2708,387
2708,405
2708,423
2708,44
2708,456
2708,474
2708,492
2708,51
2708,528
2708,545
2708,564
2708,581
2708,599
2708,616
2708,634
2708,653
2708,67
2708,687
2708,705
2708,722
2708,74
2708,758
2708,775
2708,794
2708,812
2708,83
2708,848
2708,867
2708,885
2708,905
2708,922
2708,941
2708,959
2708,976
2708,994
2709,013
2709,031
2709,049
2709,068
2709,086
2709,104
2709,121
2709,139
2709,156
2709,172
2709,188
2709,205
2709,223
2709,241
2709,259
2709,277
2709,294
2709,313
2709,331
2709,349
2709,367
2709,385
2709,403
2709,421
2709,438
2709,456
2709,473
2709,492
2709,511
2709,529
2709,547
2709,566
2709,584
2709,603
2709,621
2709,639
2709,657
2709,674
2709,693
2709,71
2709,728
2709,745
2709,764
2709,782
2709,801
2709,82
2709,838
2709,855
2709,874
2709,892
2709,911
2709,929
2709,947
2709,965
2709,982
2710
2710,018
2710,037
2710,057
2710,074
2710,092
2710,111
2710,129
2710,147
2710,166
2710,185
2710,201
2710,219
2710,238
2710,256
2710,274
2710,293
2710,312
2710,331
2710,35
2710,368
2710,386
2710,406
2710,424
2710,442
2710,458
2710,475
2710,49
2710,507
2710,523
2710,54
2710,557
2710,575
2710,593
2710,611
2710,629
2710,646
2710,664
2710,683
2710,7
2710,719
2710,737
2710,754
2710,772
2710,79
2710,811
2710,833
2710,852
2710,87
2710,89
2710,909
2710,928
2710,948
2710,966
2710,984
2711,001
2711,019
2711,038
2711,056
2711,077
2711,095
2711,114
2711,134
2711,153
2711,17
2711,189
2711,208
2711,226
2711,244
2711,262
2711,28
2711,299
2711,317
2711,335
2711,354
2711,37
2711,388
2711,406
2711,425
2711,443
2711,461
2711,48
2711,498
2711,517
2711,534
2711,552
2711,57
2711,588
2711,606
2711,625
2711,643
2711,663
2711,681
2711,698
2711,717
2711,735
2711,753
2711,771
2711,79
2711,808
2711,827
2711,846
2711,865
2711,883
2711,902
2711,92
2711,938
2711,957
2711,976
2711,995
2712,013
2712,031
2712,049
2712,068
2712,087
2712,104
2712,123
2712,141
2712,16
2712,179
2712,198
2712,217
2712,237
2712,254
2712,273
2712,291
2712,309
2712,329
2712,347
2712,366
2712,384
2712,402
2712,421
2712,44
2712,458
2712,476
2712,493
2712,512
2712,531
2712,55
2712,568
2712,586
2712,604
2712,62
2712,638
2712,655
2712,674
2712,693
2712,712
2712,73
2712,748
2712,768
2712,786
2712,805
2712,826
2712,845
2712,864
2712,884
2712,902
2712,92
2712,94
2712,96
2712,978
2712,996
2713,014
2713,033
2713,052
2713,071
2713,092
2713,11
2713,128
2713,146
2713,164
2713,181
2713,202
2713,22
2713,238
2713,256
2713,274
2713,293
2713,311
2713,329
2713,358
2713,376
2713,396
2713,414
2713,434
2713,454
2713,472
2713,49
2713,509
2713,528
2713,547
2713,568
2713,586
2713,605
2713,622
2713,641
2713,66
2713,678
2713,697
2713,716
2713,734
2713,753
2713,772
2713,79
2713,808
2713,826
2713,845
2713,863
2713,882
2713,901
2713,918
2713,936
2713,954
2713,973
2713,99
2714,009
2714,027
2714,047
2714,066
2714,085
2714,104
2714,123
2714,141
2714,159
2714,178
2714,197
2714,217
2714,236
2714,255
2714,273
2714,29
2714,308
2714,328
2714,344
2714,363
2714,38
2714,395
2714,412
2714,429
2714,446
2714,462
2714,478
2714,495
2714,512
2714,53
2714,551
2714,568
2714,586
2714,603
2714,622
2714,639
2714,657
2714,675
2714,692
2714,71
2714,727
2714,744
2714,761
2714,78
2714,798
2714,817
2714,835
2714,854
2714,872
2714,889
2714,909
2714,927
2714,945
2714,963
2714,98
2714,998
2715,016
2715,034
2715,052
2715,07
2715,092
2715,111
2715,129
2715,147
2715,166
2715,183
2715,201
2715,219
2715,237
2715,256
2715,273
2715,291
2715,31
2715,327
2715,345
2715,364
2715,381
2715,399
2715,417
2715,435
2715,453
2715,472
2715,49
2715,508
2715,526
2715,544
2715,563
2715,583
2715,601
2715,619
2715,636
2715,655
2715,673
2715,691
2715,71
2715,729
2715,747
2715,765
2715,783
2715,802
2715,821
2715,838
2715,856
2715,873
2715,891
2715,907
2715,926
2715,944
2715,962
2715,98
2715,998
2716,017
2716,035
2716,053
2716,071
2716,089
2716,108
2716,126
2716,144
2716,162
2716,18
2716,198
2716,217
2716,236
2716,256
2716,274
2716,291
2716,309
2716,326
2716,344
2716,36
2716,377
2716,395
2716,412
2716,427
2716,444
2716,46
2716,477
2716,493
2716,509
2716,526
2716,542
2716,557
2716,575
2716,592
2716,61
2716,627
2716,646
2716,665
2716,684
2716,702
2716,72
2716,738
2716,756
2716,774
2716,792
2716,81
2716,829
2716,848
2716,865
2716,881
2716,897
2716,916
2716,933
2716,95
2716,966
2716,984
2717,002
2717,021
2717,039
2717,056
2717,075
2717,094
2717,112
2717,13
2717,149
2717,167
2717,186
2717,204
2717,221
2717,239
2717,259
2717,278
2717,295
2717,313
2717,331
2717,349
2717,366
2717,383
2717,402
2717,419
2717,437
2717,455
2717,472
2717,49
2717,507
2717,525
2717,543
2717,56
2717,577
2717,595
2717,613
2717,632
2717,65
2717,668
2717,687
2717,704
2717,722
2717,741
2717,758
2717,776
2717,795
2717,813
2717,831
2717,85
2717,869
2717,887
2717,906
2717,924
2717,942
2717,961
2717,979
2717,996
2718,015
2718,033
2718,052
2718,069
2718,087
2718,105
2718,123
2718,141
2718,16
2718,18
2718,198
2718,217
2718,237
2718,256
2718,275
2718,294
2718,312
2718,33
2718,348
2718,365
2718,383
2718,4
2718,419
2718,437
2718,455
2718,471
2718,49
2718,509
2718,528
2718,546
2718,567
2718,585
2718,604
2718,623
2718,641
2718,66
2718,679
2718,698
2718,717
2718,736
2718,758
2718,776
2718,795
2718,814
2718,835
2718,857
2718,876
2718,895
2718,913
2718,932
2718,951
2718,969
2718,988
2719,008
2719,027
2719,046
2719,065
2719,084
2719,105
2719,123
2719,141
2719,159
2719,178
2719,198
2719,217
2719,236
2719,254
2719,272
2719,29
2719,309
2719,328
2719,347
2719,365
2719,384
2719,402
2719,42
2719,437
2719,455
2719,473
2719,491
2719,51
2719,528
2719,545
2719,563
2719,581
2719,6
2719,618
2719,636
2719,654
2719,671
2719,689
2719,708
2719,727
2719,746
2719,764
2719,783
2719,801
2719,819
2719,838
2719,855
2719,874
2719,893
2719,911
2719,929
2719,949
2719,967
2719,985
2720,005
2720,022
2720,041
2720,06
2720,078
2720,099
2720,117
2720,135
2720,154
2720,171
2720,189
2720,207
2720,225
2720,243
2720,261
2720,28
2720,297
2720,315
2720,334
2720,352
2720,37
2720,387
2720,404
2720,419
2720,435
2720,451
2720,468
2720,484
2720,502
2720,52
2720,538
2720,557
2720,575
2720,594
2720,612
2720,63
2720,648
2720,665
2720,68
2720,697
2720,713
2720,729
2720,745
2720,761
2720,779
2720,796
2720,813
2720,832
2720,85
2720,869
2720,887
2720,905
2720,923
2720,941
2720,958
2720,976
2720,993
2721,011
2721,029
2721,047
2721,064
2721,083
2721,1
2721,118
2721,135
2721,153
2721,171
2721,189
2721,207
2721,226
2721,244
2721,262
2721,28
2721,299
2721,317
2721,335
2721,354
2721,372
2721,39
2721,408
2721,426
2721,443
2721,46
2721,479
2721,497
2721,515
2721,534
2721,552
2721,569
2721,587
2721,606
2721,623
2721,643
2721,66
2721,678
2721,696
2721,714
2721,732
2721,75
2721,77
2721,788
2721,807
2721,825
2721,843
2721,861
2721,879
2721,898
2721,919
2721,938
2721,956
2721,973
2721,991
2722,008
2722,026
2722,043
2722,061
2722,079
2722,097
2722,115
2722,135
2722,154
2722,171
2722,19
2722,21
2722,228
2722,247
2722,265
2722,283
2722,301
2722,32
2722,339
2722,356
2722,373
2722,391
2722,408
2722,427
2722,445
2722,464
2722,484
2722,502
2722,52
2722,537
2722,554
2722,572
2722,589
2722,607
2722,624
2722,643
2722,66
2722,676
2722,693
2722,709
2722,725
2722,742
2722,758
2722,776
2722,794
2722,811
2722,828
2722,845
2722,864
2722,882
2722,904
2722,921
2722,938
2722,958
2722,976
2722,995
2723,012
2723,031
2723,049
2723,068
2723,088
2723,106
2723,126
2723,145
2723,163
2723,182
2723,2
2723,219
2723,238
2723,256
2723,275
2723,292
2723,311
2723,328
2723,346
2723,364
2723,382
2723,4
2723,418
2723,436
2723,454
2723,472
2723,489
2723,507
2723,526
2723,543
2723,562
2723,581
2723,6
2723,617
2723,635
2723,653
2723,672
2723,691
2723,709
2723,728
2723,746
2723,766
2723,785
2723,805
2723,825
2723,843
2723,861
2723,88
2723,899
2723,918
2723,938
2723,957
2723,974
2723,992
2724,011
2724,034
2724,052
2724,07
2724,09
2724,109
2724,128
2724,145
2724,167
2724,186
2724,204
2724,223
2724,244
2724,262
2724,281
2724,299
2724,317
2724,335
2724,353
2724,373
2724,39
2724,409
2724,428
2724,446
2724,465
2724,484
2724,502
2724,521
2724,541
2724,56
2724,578
2724,596
2724,617
2724,636
2724,654
2724,671
2724,69
2724,708
2724,728
2724,749
2724,767
2724,785
2724,804
2724,824
2724,842
2724,86
2724,878
2724,897
2724,916
2724,935
2724,953
2724,972
2724,989
2725,007
2725,028
2725,05
2725,067
2725,085
2725,104
2725,123
2725,142
2725,161
2725,181
2725,199
2725,219
2725,238
2725,257
2725,279
2725,298
2725,317
2725,336
2725,354
2725,375
2725,393
2725,411
2725,429
2725,446
2725,465
2725,484
2725,502
2725,521
2725,538
2725,557
2725,575
2725,594
2725,612
2725,632
2725,651
2725,671
2725,688
2725,707
2725,725
2725,744
2725,762
2725,782
2725,802
2725,82
2725,837
2725,854
2725,873
2725,892
2725,91
2725,928
2725,946
2725,963
2725,979
2725,996
2726,014
2726,032
2726,05
2726,067
2726,085
2726,103
2726,121
2726,138
2726,156
2726,174
2726,193
2726,21
2726,228
2726,247
2726,265
2726,283
2726,301
2726,318
2726,336
2726,354
2726,372
2726,39
2726,407
2726,425
2726,441
2726,458
2726,474
2726,49
2726,507
2726,524
2726,539
2726,557
2726,575
2726,59
2726,606
2726,623
2726,639
2726,655
2726,671
2726,689
2726,705
2726,722
2726,738
2726,754
2726,77
2726,788
2726,806
2726,823
2726,841
2726,859
2726,877
2726,894
2726,912
2726,929
2726,953
2726,973
2726,992
2727,01
2727,028
2727,045
2727,064
2727,082
2727,1
2727,118
2727,136
2727,154
2727,171
2727,188
2727,206
2727,224
2727,243
2727,261
2727,279
2727,296
2727,314
2727,332
2727,35
2727,369
2727,386
2727,404
2727,422
2727,441
2727,461
2727,479
2727,497
2727,514
2727,532
2727,553
2727,57
2727,588
2727,606
2727,624
2727,642
2727,66
2727,677
2727,694
2727,712
2727,732
2727,75
2727,767
2727,784
2727,802
2727,819
2727,837
2727,856
2727,875
2727,895
2727,914
2727,932
2727,95
2727,968
2727,986
2728,004
2728,022
2728,041
2728,057
2728,076
2728,095
2728,112
2728,13
2728,148
2728,167
2728,185
2728,203
2728,223
2728,242
2728,259
2728,276
2728,293
2728,311
2728,329
2728,346
2728,362
2728,38
2728,397
2728,413
2728,43
2728,446
2728,462
2728,48
2728,497
2728,513
2728,529
2728,547
2728,563
2728,58
2728,596
2728,614
2728,631
2728,646
2728,663
2728,679
2728,694
2728,712
2728,728
2728,745
2728,76
2728,778
2728,796
2728,813
2728,831
2728,85
2728,868
2728,886
2728,904
2728,923
2728,942
2728,961
2728,98
2728,999
2729,018
2729,037
2729,057
2729,076
2729,094
2729,114
2729,134
2729,152
2729,171
2729,19
2729,207
2729,226
2729,245
2729,263
2729,283
2729,302
2729,32
2729,337
2729,356
2729,378
2729,397
2729,417
2729,436
2729,455
2729,473
2729,493
2729,511
2729,53
2729,551
2729,569
2729,588
2729,606
2729,625
2729,646
2729,663
2729,684
2729,708
2729,727
2729,745
2729,766
2729,785
2729,804
2729,823
2729,843
2729,861
2729,881
2729,9
2729,919
2729,938
2729,957
2729,975
2729,994
2730,015
2730,033
2730,052
2730,07
2730,087
2730,105
2730,123
2730,141
2730,159
2730,177
2730,196
2730,215
2730,233
2730,251
2730,268
2730,286
2730,304
2730,322
2730,339
2730,356
2730,373
2730,39
2730,406
2730,422
2730,438
2730,455
2730,471
2730,487
2730,504
2730,523
2730,54
2730,557
2730,574
2730,591
2730,607
2730,624
2730,64
2730,656
2730,673
2730,689
2730,705
2730,721
2730,738
2730,754
2730,771
2730,789
2730,807
2730,825
2730,844
2730,862
2730,88
2730,898
2730,915
2730,933
2730,951
2730,97
2730,989
2731,007
2731,025
2731,043
2731,061
2731,08
2731,097
2731,116
2731,134
2731,152
2731,171
2731,19
2731,208
2731,227
2731,245
2731,262
2731,281
2731,3
2731,318
2731,337
2731,355
2731,373
2731,391
2731,41
2731,429
2731,529
2731,544
2731,561
2731,575
2731,593
2731,609
2731,63
2731,651
2731,668
2731,687
2731,704
2731,722
2731,741
2731,76
2731,777
2731,793
2731,811
2731,828
2731,846
2731,864
2731,881
2731,898
2731,915
2731,933
2731,951
2731,968
2731,985
2732,004
2732,021
2732,038
2732,055
2732,072
2732,089
2732,106
2732,123
2732,14
2732,158
2732,175
2732,192
2732,209
2732,226
2732,242
2732,259
2732,272
2732,288
2732,305
2732,322
2732,338
2732,355
2732,374
2732,39
2732,409
2732,427
2732,444
2732,461
2732,48
2732,498
2732,516
2732,533
2732,551
2732,569
2732,586
2732,604
2732,622
2732,64
2732,657
2732,674
2732,69
2732,709
2732,727
2732,744
2732,762
2732,779
2732,796
2732,814
2732,833
2732,851
2732,869
2732,888
2732,906
2732,924
2732,942
2732,96
2732,979
2732,997
2733,015
2733,033
2733,052
2733,07
2733,088
2733,105
2733,125
2733,143
2733,161
2733,18
2733,198
2733,218
2733,237
2733,255
2733,274
2733,292
2733,311
2733,33
2733,348
2733,366
2733,387
2733,406
2733,426
2733,444
2733,463
2733,483
2733,501
2733,521
2733,541
2733,559
2733,577
2733,597
2733,616
2733,635
2733,653
2733,671
2733,694
2733,712
2733,732
2733,75
2733,769
2733,786
2733,805
2733,823
2733,844
2733,862
2733,88
2733,898
2733,918
2733,938
2733,956
2733,974
2733,992
2734,01
2734,028
2734,046
2734,065
2734,084
2734,103
2734,121
2734,14
2734,16
2734,179
2734,199
2734,216
2734,237
2734,255
2734,275
2734,293
2734,312
2734,332
2734,35
2734,369
2734,388
2734,405
2734,422
2734,441
2734,458
2734,476
2734,494
2734,513
2734,531
2734,551
2734,569
2734,587
2734,605
2734,628
2734,647
2734,665
2734,685
2734,704
2734,722
2734,742
2734,76
2734,779
2734,797
2734,815
2734,834
2734,854
2734,873
2734,892
2734,912
2734,929
2734,948
2734,967
2734,984
2735,004
2735,023
2735,042
2735,061
2735,08
2735,098
2735,115
2735,134
2735,154
2735,172
2735,192
2735,211
2735,231
2735,248
2735,266
2735,283
2735,3
2735,319
2735,337
2735,356
2735,374
2735,393
2735,411
2735,435
2735,454
2735,472
2735,49
2735,509
2735,527
2735,545
2735,563
2735,58
2735,598
2735,616
2735,635
2735,653
2735,671
2735,69
2735,708
2735,727
2735,746
2735,765
2735,784
2735,804
2735,823
2735,843
2735,862
2735,879
2735,896
2735,915
2735,933
2735,951
2735,969
2735,987
2736,005
2736,022
2736,041
2736,058
2736,075
2736,091
2736,107
2736,123
2736,141
2736,156
2736,172
2736,188
2736,203
2736,22
2736,236
2736,252
2736,268
2736,285
2736,3
2736,316
2736,333
2736,35
2736,368
2736,385
2736,402
2736,418
2736,435
2736,452
2736,469
2736,487
2736,505
2736,522
2736,541
2736,559
2736,576
2736,594
2736,613
2736,63
2736,647
2736,665
2736,683
2736,701
2736,719
2736,737
2736,754
2736,771
2736,789
2736,807
2736,824
2736,841
2736,86
2736,876
2736,894
2736,912
2736,93
2736,948
2736,965
2736,983
2737
2737,019
2737,037
2737,054
2737,072
2737,09
2737,107
2737,126
2737,144
2737,161
2737,18
2737,197
2737,215
2737,232
2737,25
2737,268
2737,286
2737,303
2737,321
2737,338
2737,355
2737,373
2737,391
2737,408
2737,426
2737,443
2737,46
2737,477
2737,494
2737,512
2737,529
2737,547
2737,564
2737,582
2737,6
2737,618
2737,635
2737,653
2737,671
2737,688
2737,708
2737,727
2737,746
2737,764
2737,783
2737,802
2737,821
2737,838
2737,856
2737,875
2737,892
2737,909
2737,927
2737,946
2737,964
2737,981
2738
2738,017
2738,035
2738,053
2738,07
2738,087
2738,104
2738,121
2738,138
2738,155
2738,172
2738,19
2738,207
2738,226
2738,244
2738,261
2738,279
2738,297
2738,314
2738,333
2738,351
2738,368
2738,386
2738,404
2738,423
2738,441
2738,459
2738,477
2738,495
2738,513
2738,532
2738,551
2738,569
2738,588
2738,607
2738,626
2738,646
2738,665
2738,685
2738,704
2738,724
2738,743
2738,761
2738,782
2738,803
2738,826
2738,845
2738,867
2738,888
2738,908
2738,928
2738,945
2738,965
2738,984
2739,004
2739,022
2739,041
2739,059
2739,078
2739,096
2739,116
2739,135
2739,152
2739,172
2739,192
2739,211
2739,23
2739,248
2739,268
2739,288
2739,308
2739,326
2739,346
2739,364
2739,383
2739,401
2739,42
2739,438
2739,458
2739,477
2739,496
2739,514
2739,531
2739,55
2739,568
2739,587
2739,605
2739,624
2739,643
2739,662
2739,68
2739,697
2739,717
2739,735
2739,753
2739,771
2739,791
2739,809
2739,827
2739,845
2739,864
2739,881
2739,899
2739,917
2739,937
2739,955
2739,975
2739,992
2740,01
2740,028
2740,046
2740,064
2740,081
2740,097
2740,113
2740,129
2740,147
2740,164
2740,181
2740,198
2740,215
2740,231
2740,248
2740,264
2740,281
2740,298
2740,318
2740,334
2740,35
2740,366
2740,382
2740,399
2740,416
2740,433
2740,449
2740,465
2740,483
2740,502
2740,52
2740,538
2740,555
2740,573
2740,59
2740,608
2740,625
2740,642
2740,659
2740,677
2740,694
2740,712
2740,73
2740,749
2740,767
2740,786
2740,803
2740,822
2740,84
2740,859
2740,877
2740,895
2740,912
2740,93
2740,948
2740,966
2740,985
2741,002
2741,021
2741,039
2741,057
2741,076
2741,094
2741,113
2741,13
2741,148
2741,166
2741,184
2741,203
2741,222
2741,24
2741,258
2741,276
2741,294
2741,312
2741,33
2741,348
2741,365
2741,382
2741,4
2741,418
2741,436
2741,453
2741,47
2741,488
2741,505
2741,523
2741,541
2741,559
2741,577
2741,593
2741,611
2741,628
2741,646
2741,669
2741,687
2741,704
2741,722
2741,74
2741,757
2741,774
2741,792
2741,811
2741,828
2741,845
2741,864
2741,881
2741,899
2741,917
2741,936
2741,953
2741,971
2741,988
2742,006
2742,024
2742,042
2742,061
2742,079
2742,096
2742,114
2742,131
2742,148
2742,165
2742,183
2742,2
2742,217
2742,234
2742,251
2742,268
2742,286
2742,302
2742,319
2742,335
2742,353
2742,37
2742,387
2742,405
2742,423
2742,44
2742,457
2742,474
2742,492
2742,51
2742,528
2742,547
2742,564
2742,582
2742,6
2742,618
2742,636
2742,653
2742,672
2742,69
2742,708
2742,725
2742,742
2742,76
2742,776
2742,793
2742,811
2742,829
2742,848
2742,867
2742,885
2742,903
2742,922
2742,94
2742,957
2742,975
2742,992
2743,011
2743,028
2743,047
2743,065
2743,082
2743,1
2743,116
2743,134
2743,152
2743,169
2743,186
2743,203
2743,221
2743,24
2743,258
2743,275
2743,292
2743,31
2743,328
2743,346
2743,365
2743,382
2743,4
2743,417
2743,436
2743,452
2743,47
2743,487
2743,505
2743,522
2743,541
2743,559
2743,577
2743,595
2743,613
2743,631
2743,649
2743,667
2743,686
2743,704
2743,723
2743,741
2743,759
2743,778
2743,797
2743,816
2743,834
2743,853
2743,872
2743,89
2743,909
2743,928
2743,948
2743,966
2743,985
2744,005
2744,022
2744,042
2744,06
2744,078
2744,096
2744,117
2744,135
2744,154
2744,175
2744,193
2744,212
2744,232
2744,25
2744,269
2744,291
2744,307
2744,325
2744,343
2744,36
2744,378
2744,397
2744,414
2744,432
2744,451
2744,47
2744,489
2744,51
2744,528
2744,547
2744,563
2744,582
2744,602
2744,621
2744,64
2744,657
2744,676
2744,695
2744,714
2744,733
2744,752
2744,769
2744,787
2744,807
2744,826
2744,844
2744,864
2744,882
2744,902
2744,92
2744,939
2744,958
2744,977
2744,995
2745,013
2745,032
2745,052
2745,069
2745,087
2745,109
2745,129
2745,147
2745,165
2745,183
2745,201
2745,22
2745,238
2745,255
2745,276
2745,294
2745,313
2745,332
2745,351
2745,371
