273,3059
273,3238
273,3404
273,3578
273,3803
273,4009
273,4229
273,4377
273,4528
273,4686
273,484
273,5002
273,5169
273,5327
273,5483
273,5645
273,5809
273,5983
273,615
273,6328
273,6492
273,6667
273,6837
273,7005
273,7161
273,7316
273,7477
273,7621
273,7783
273,7932
273,8089
273,8247
273,8411
273,8564
273,8724
273,8893
273,9058
273,9237
273,9416
273,9586
273,9763
273,9944
274,0122
274,0316
274,0493
274,0667
274,0838
274,1004
274,1167
274,1332
274,1497
274,1654
274,1815
274,1986
274,2156
274,232
274,2469
274,2622
274,2781
274,2935
274,3097
274,3251
274,3402
274,3567
274,3727
274,3876
274,4036
274,4195
274,4346
274,451
274,4672
274,4834
274,5015
274,5199
274,5371
274,5555
274,5737
274,5916
274,6083
274,6255
274,643
274,6632
274,6821
274,7005
274,7177
274,7349
274,7521
274,7696
274,7872
274,8053
274,8244
274,8423
274,8608
274,8791
274,8976
274,9146
274,9316
274,9482
274,9656
274,9857
275,0088
275,0269
275,0434
275,0608
275,0781
275,0949
275,1161
275,1348
275,1529
275,172
275,189
275,2059
275,2238
275,2411
275,258
275,275
275,2929
275,3112
275,3288
275,3467
275,3638
275,3816
275,3987
275,4152
275,4352
275,453
275,469
275,4862
275,503
275,5201
275,5368
275,5545
275,5733
275,5909
275,6088
275,6261
275,6432
275,6608
275,6776
275,6944
275,7116
275,7288
275,7475
275,7665
275,7852
275,8029
275,8204
275,837
275,8529
275,8704
275,8885
275,9059
275,924
275,9411
275,9591
275,9759
275,996
276,0163
276,0355
276,0537
276,0715
276,0892
276,1076
276,1247
276,1413
276,1591
276,1767
276,194
276,2114
276,2302
276,2482
276,265
276,2817
276,2989
276,3158
276,3336
276,3511
276,3692
276,3869
276,4059
276,4228
276,4398
276,456
276,4733
276,4908
276,5061
276,5226
276,5401
276,5569
276,5727
276,5882
276,6041
276,621
276,6378
276,6537
276,6697
276,6868
276,7056
276,7236
276,7407
276,7586
276,7751
276,7917
276,8093
276,8275
276,8477
276,866
276,8828
276,9016
276,9186
276,9359
276,9534
276,9706
276,9886
277,0067
277,0246
277,0399
277,058
277,0744
277,0922
277,1102
277,1276
277,1461
277,1636
277,1837
277,201
277,2177
277,2349
277,2518
277,2675
277,2838
277,302
277,3203
277,337
277,354
277,372
277,3893
277,4068
277,4242
277,4411
277,4598
277,477
277,4951
277,5115
277,5286
277,5468
277,5648
277,5817
277,5991
277,6166
277,6342
277,6508
277,6677
277,6852
277,7037
277,7223
277,7388
277,7553
277,7723
277,789
277,8048
277,8211
277,8365
277,8534
277,8688
277,8828
277,8986
277,9128
277,9296
277,9432
277,9585
277,9743
277,9913
278,0076
278,0243
278,0401
278,0577
278,0749
278,0916
278,1086
278,1245
278,1411
278,1568
278,1724
278,1878
278,2044
278,2193
278,2357
278,2507
278,2675
278,2828
278,2978
278,3137
278,329
278,3438
278,3605
278,3765
278,3925
278,4088
278,4258
278,4427
278,4597
278,4771
278,4953
278,5117
278,5281
278,5464
278,5643
278,5824
278,5995
278,6166
278,6342
278,6524
278,67
278,6873
278,7067
278,7238
278,7412
278,759
278,7783
278,7964
278,8145
278,832
278,85
278,8684
278,8857
278,9043
279,0043
279,0208
279,0375
279,0519
279,0669
279,0833
279,0999
279,1149
279,1309
279,1472
279,1613
279,1747
279,1892
279,2057
279,222
279,2376
279,2523
279,2711
279,2868
279,302
279,3173
279,3329
279,3489
279,3638
279,3788
279,3941
279,4099
279,4265
279,4422
279,4558
279,4719
279,4879
279,5034
279,5182
279,5331
279,5495
279,565
279,5811
279,5981
279,6125
279,6302
279,6465
279,6629
279,6797
279,6957
279,7118
279,728
279,7456
279,7623
279,7793
279,7968
279,8145
279,8324
279,8497
279,8669
279,8849
279,9036
279,9212
279,938
279,9548
279,9733
279,9925
280,011
280,0287
280,0471
280,0645
280,0817
280,102
280,118
280,1357
280,1519
280,1692
280,1864
280,2032
280,2206
280,2385
280,2551
280,2731
280,2932
280,3106
280,3289
280,3479
280,3663
280,3844
280,4023
280,4211
280,4385
280,463
280,4861
280,5051
280,5229
280,5406
280,558
280,5761
280,5936
280,6107
280,6279
280,6455
280,6633
280,6826
280,7005
280,7173
280,7339
280,7514
280,7688
280,7856
280,8028
280,8201
280,8365
280,8528
280,8701
280,8869
280,9037
280,9209
280,9363
280,9524
280,9685
280,9846
281,0012
281,0175
281,0328
281,0499
281,0666
281,0834
281,0996
281,1163
281,1353
281,1529
281,1707
281,1881
281,207
281,2259
281,2487
281,2713
281,2892
281,3072
281,3241
281,3422
281,3597
281,378
281,3957
281,4131
281,4301
281,4475
281,4665
281,4828
281,4984
281,5161
281,534
281,5518
281,569
281,5862
281,6039
281,6214
281,6397
281,658
281,6788
281,6963
281,7126
281,7291
281,7505
281,7675
281,7845
281,8001
281,8169
281,8331
281,8505
281,8683
281,8854
281,903
281,9196
281,937
281,9552
281,9749
281,9969
282,0144
282,0307
282,0476
282,0641
282,0818
282,1002
282,118
282,1342
282,1514
282,1699
282,1861
282,2034
282,2204
282,2377
282,2543
282,2709
282,2886
282,3058
282,3232
282,3401
282,3573
282,3734
282,3899
282,4061
282,4229
282,4385
282,4543
282,4712
282,4885
282,5043
282,5205
282,5365
282,5528
282,5689
282,5851
282,6008
282,6162
282,6324
282,6498
282,6672
282,683
282,7001
282,7172
282,7329
282,7496
282,7666
282,7838
282,8008
282,819
282,8338
282,8488
282,864
282,8795
282,8952
282,9111
282,9271
282,9429
282,9577
282,9732
282,9882
283,0049
283,0214
283,038
283,0538
283,0707
283,0874
283,1035
283,1215
283,1441
283,1656
283,1811
283,1979
283,2137
283,2282
283,2442
283,2601
283,2772
283,2916
283,3088
283,3259
283,3427
283,3597
283,3766
283,3934
283,4099
283,4275
283,4444
283,4612
283,4778
283,4941
283,5108
283,5283
283,5453
283,5626
283,5795
283,5955
283,6118
283,628
283,6437
283,6607
283,6778
283,6943
283,7125
283,731
283,7496
283,7676
283,7859
283,8018
283,8193
283,8362
283,8539
283,8722
283,8893
283,9059
283,9219
283,9388
283,955
283,971
283,9879
284,0048
284,0211
284,0383
284,0545
284,0718
284,0894
284,1064
284,1236
284,1425
284,1599
284,177
284,1935
284,2129
284,227
284,2432
284,2589
284,2753
284,2929
284,3094
284,3255
284,342
284,3578
284,3734
284,3902
284,4077
284,424
284,441
284,459
284,4758
284,4923
284,5091
284,5254
284,5431
284,5608
284,5776
284,5944
284,6133
284,6299
284,6462
284,6627
284,6803
284,6967
284,7131
284,7296
284,7469
284,7643
284,7817
284,7989
284,8165
284,8344
284,8517
284,8673
284,8857
284,9013
284,9184
284,9344
284,9515
284,9694
284,9863
285,0039
285,0211
285,0394
285,056
285,0718
285,0892
285,107
285,1242
285,1422
285,1594
285,1771
285,194
285,2108
285,2283
285,2457
285,2625
285,2798
285,2959
285,3129
285,3314
285,3492
285,3659
285,383
285,4007
285,4183
285,4346
285,4509
285,4658
285,4814
285,4977
285,5128
285,5284
285,5455
285,5624
285,5789
285,5949
285,6118
285,6284
285,6437
285,6609
285,6772
285,6935
285,7105
285,7273
285,7445
285,7629
285,7855
285,8092
285,8262
285,8423
285,859
285,8749
285,8905
285,9073
285,9239
285,9405
285,9572
285,9732
285,9893
286,0059
286,023
286,0396
286,0551
286,0723
286,0898
286,106
286,1219
286,1386
286,1543
286,1704
286,1867
286,203
286,2195
286,2349
286,2506
286,2662
286,2823
286,2993
286,315
286,3318
286,3481
286,3648
286,3813
286,3976
286,414
286,4305
286,447
286,4618
286,4775
286,4938
286,5099
286,5261
286,5417
286,5572
286,5727
286,5884
286,6039
286,6196
286,6348
286,6507
286,667
286,6826
286,6996
286,7156
286,7324
286,7489
286,7652
286,7817
286,7986
286,8153
286,8326
286,8494
286,8659
286,8834
286,8991
286,9213
286,9359
286,9513
286,9675
286,984
287,0008
287,0166
287,0323
287,0483
287,0646
287,0804
287,0961
287,112
287,1282
287,1435
287,1598
287,1748
287,1903
287,208
287,2238
287,2407
287,2567
287,2727
287,2906
287,3072
287,3238
287,3403
287,3575
287,3727
287,3896
287,4066
287,4234
287,4402
287,4563
287,4721
287,4884
287,5045
287,5211
287,5372
287,5546
287,5714
287,5884
287,6054
287,623
287,64
287,6568
287,6726
287,6891
287,7064
287,7226
287,7403
287,756
287,772
287,7883
287,8054
287,8224
287,8394
287,8558
287,8725
287,8893
287,9065
287,9233
287,9406
287,9574
287,974
287,9907
288,0102
288,0277
288,0467
288,062
288,0777
288,0934
288,1101
288,1232
288,1378
288,1542
288,1703
288,1861
288,2031
288,2193
288,2341
288,2496
288,2659
288,2811
288,2958
288,3109
288,3262
288,3419
288,3574
288,372
288,3878
288,4041
288,4215
288,438
288,4542
288,4721
288,4889
288,5051
288,5224
288,5395
288,5556
288,5732
288,5905
288,6064
288,6237
288,6412
288,6589
288,6756
288,6923
288,7073
288,724
288,7398
288,7546
288,7701
288,7874
288,8039
288,8192
288,8336
288,8495
288,8652
288,8804
288,8955
288,9111
288,9257
288,9422
288,9569
288,9716
288,9867
289,0019
289,0199
289,0365
289,0535
289,0712
289,0886
289,1068
289,1294
289,1518
289,1687
289,1861
289,2045
289,223
289,24
289,2586
289,2766
289,2947
289,3132
289,3307
289,348
289,3654
289,3834
289,4005
289,418
289,4347
289,4515
289,468
289,4843
289,5021
289,5194
289,5363
289,5534
289,5708
289,5882
289,6059
289,6246
289,6436
289,6604
289,6781
289,6935
289,711
289,7291
289,746
289,7631
289,7794
289,7969
1305,631
1305,65
1305,666
1305,681
1305,698
1305,714
1305,731
1305,749
1305,77
1305,789
1305,804
1305,819
1305,834
1305,85
1305,867
1305,883
1305,898
1305,915
1305,932
1305,949
1305,966
1305,982
1306
1306,016
1306,034
1306,049
1306,066
1306,081
1306,097
1306,113
1306,129
1306,146
1306,163
1306,178
1306,193
1306,21
1306,226
1306,242
1306,258
1306,274
1306,29
1306,305
1306,321
1306,339
1306,357
1306,375
1306,392
1306,41
1306,428
1306,448
1306,466
1306,485
1306,503
1306,52
1306,538
1306,555
1306,573
1306,591
1306,609
1306,627
1306,643
1306,659
1306,675
1306,692
1306,708
1306,723
1306,738
1306,754
1306,77
1306,785
1306,801
1306,817
1306,832
1306,848
1306,865
1306,882
1306,899
1306,915
1306,932
1306,949
1306,965
1306,98
1306,996
1307,012
1307,029
1307,047
1307,063
1307,081
1307,098
1307,115
1307,131
1307,147
1307,165
1307,182
1307,2
1307,217
1307,234
1307,25
1307,268
1307,286
1307,304
1307,32
1307,338
1307,355
1307,373
1307,391
1307,41
1307,429
1307,447
1307,463
1307,482
1307,504
1307,523
1307,54
1307,557
1307,574
1307,592
1307,611
1307,629
1307,646
1307,664
1307,682
1307,7
1307,718
1307,737
1307,755
1307,773
1307,791
1307,807
1307,823
1307,838
1307,854
1307,869
1307,884
1307,899
1307,915
1307,931
1307,947
1307,964
1307,98
1307,996
1308,012
1308,029
1308,047
1308,062
1308,079
1308,096
1308,113
1308,131
1308,148
1308,165
1308,182
1308,199
1308,216
1308,233
1308,25
1308,268
1308,284
1308,3
1308,315
1308,331
1308,347
1308,363
1308,38
1308,396
1308,414
1308,432
1308,45
1308,468
1308,487
1308,506
1308,524
1308,543
1308,561
1308,578
1308,596
1308,614
1308,632
1308,649
1308,667
1308,683
1308,702
1308,72
1308,737
1308,754
1308,771
1308,789
1308,805
1308,822
1308,84
1308,856
1308,872
1308,889
1308,907
1308,925
1308,943
1308,96
1308,976
1308,993
1309,01
1309,025
1309,042
1309,057
1309,073
1309,089
1309,105
1309,12
1309,135
1309,149
1309,164
1309,18
1309,196
1309,212
1309,227
1309,244
1309,26
1309,274
1309,289
1309,305
1309,32
1309,334
1309,35
1309,366
1309,38
1309,396
1309,412
1309,429
1309,446
1309,461
1309,476
1309,495
1309,509
1309,526
1309,541
1309,557
1309,573
1309,588
1309,605
1309,62
1309,637
1309,654
1309,67
1309,686
1309,703
1309,721
1309,737
1309,751
1309,768
1309,786
1309,801
1309,818
1309,834
1309,851
1309,868
1309,884
1309,901
1309,918
1309,933
1309,95
1309,969
1309,987
1310,004
1310,021
1310,039
1310,056
1310,074
1310,094
1310,112
1310,13
1310,148
1310,166
1310,184
1310,202
1310,222
1310,24
1310,258
1310,276
1310,293
1310,311
1310,328
1310,345
1310,364
1310,381
1310,399
1310,415
1310,432
1310,448
1310,463
1310,478
1310,495
1310,51
1310,526
1310,54
1310,555
1310,569
1310,583
1310,599
1310,615
1310,629
1310,645
1310,661
1310,676
1310,692
1310,708
1310,725
1310,74
1310,756
1310,771
1310,787
1310,802
1310,817
1310,834
1310,85
1310,866
1310,882
1310,897
1310,914
1310,93
1310,945
1310,961
1310,976
1310,991
1311,005
1311,02
1311,034
1311,049
1311,064
1311,079
1311,095
1311,11
1311,126
1311,143
1311,157
1311,172
1311,188
1311,202
1311,218
1311,232
1311,249
1311,265
1311,281
1311,299
1311,315
1311,331
1311,347
1311,365
1311,382
1311,398
1311,415
1311,432
1311,45
1311,466
1311,484
1311,501
1311,52
1311,536
1311,553
1311,57
1311,586
1311,602
1311,617
1311,632
1311,647
1311,664
1311,68
1311,696
1311,711
1311,725
1311,742
1311,759
1311,777
1311,793
1311,811
1311,828
1311,847
1311,865
1311,884
1311,903
1311,921
1311,938
1311,955
1311,973
1311,99
1312,008
1312,026
1312,043
1312,06
1312,078
1312,095
1312,113
1312,13
1312,148
1312,165
1312,183
1312,2
1312,217
1312,234
1312,256
1312,278
1312,295
1312,313
1312,33
1312,348
1312,363
1312,378
1312,393
1312,409
1312,426
1312,441
1312,457
1312,473
1312,489
1312,504
1312,52
1312,535
1312,55
1312,565
1312,579
1312,593
1312,608
1312,624
1312,639
1312,654
1312,67
1312,686
1312,701
1312,722
1312,742
1312,757
1312,772
1312,789
1312,806
1312,822
1312,838
1312,855
1312,871
1312,887
1312,901
1312,917
1312,932
1312,948
1312,963
1312,978
1312,993
1313,009
1313,025
1313,041
1313,057
1313,073
1313,088
1313,104
1313,119
1313,135
1313,152
1313,169
1313,187
1313,205
1313,224
1313,243
1313,262
1313,28
1313,38
1313,396
1313,41
1313,424
1313,439
1313,454
1313,469
1313,487
1313,502
1313,517
1313,532
1313,548
1313,565
1313,582
1313,599
1313,616
1313,631
1313,645
1313,661
1313,676
1313,689
1313,704
1313,721
1313,737
1313,754
1313,771
1313,788
1313,804
1313,821
1313,836
1313,851
1313,869
1313,886
1313,903
1313,921
1313,938
1313,956
1313,975
1313,993
1314,013
1314,031
1314,048
1314,066
1314,084
1314,101
1314,119
1314,137
1314,156
1314,174
1314,199
1314,22
1314,238
1314,256
1314,273
1314,29
1314,306
1314,323
1314,34
1314,356
1314,371
1314,387
1314,404
1314,418
1314,434
1314,449
1314,464
1314,479
1314,495
1314,51
1314,526
1314,539
1314,554
1314,569
1314,584
1314,6
1314,618
1314,635
1314,652
1314,669
1314,686
1314,702
1314,717
1314,734
1314,751
1314,766
1314,782
1314,798
1314,812
1314,827
1314,842
1314,856
1314,87
1314,886
1314,901
1314,917
1314,935
1314,953
1314,971
1314,988
1315,006
1315,024
1315,041
1315,06
1315,079
1315,096
1315,112
1315,129
1315,146
1315,163
1315,18
1315,197
1315,215
1315,233
1315,251
1315,269
1315,286
1315,303
1315,319
1315,335
1315,351
1315,365
1315,382
1315,398
1315,414
1315,429
1315,446
1315,462
1315,479
1315,495
1315,511
1315,527
1315,543
1315,557
1315,57
1315,586
1315,603
1315,619
1315,634
1315,648
1315,663
1315,679
1315,694
1315,71
1315,726
1315,74
1315,757
1315,772
1315,788
1315,804
1315,82
1315,837
1315,852
1315,868
1315,883
1315,899
1315,915
1315,93
1315,945
1315,96
1315,975
1315,989
1316,006
1316,023
1316,04
1316,057
1316,073
1316,089
1316,115
1316,132
1316,147
1316,162
1316,178
1316,193
1316,209
1316,226
1316,243
1316,26
1316,276
1316,291
1316,306
1316,321
1316,337
1316,353
1316,37
1316,387
1316,404
1316,421
1316,438
1316,457
1316,474
1316,494
1316,512
1316,529
1316,546
1316,563
1316,581
1316,599
1316,617
1316,634
1316,651
1316,669
1316,687
1316,705
1316,724
1316,74
1316,757
1316,77
1316,786
1316,802
1316,818
1316,833
1316,849
1316,865
1316,881
1316,896
1316,91
1316,925
1316,943
1316,96
1316,976
1316,993
1317,01
1317,028
1317,044
1317,061
1317,077
1317,094
1317,11
1317,126
1317,141
1317,156
1317,17
1317,185
1317,2
1317,214
1317,229
1317,244
1317,26
1317,273
1317,289
1317,303
1317,319
1317,334
1317,35
1317,366
1317,384
1317,401
1317,419
1317,437
1317,456
1317,474
1317,491
1317,507
1317,525
1317,542
1317,56
1317,579
1317,597
1317,615
1317,632
1317,649
1317,666
1317,682
1317,7
1317,717
1317,733
1317,75
1317,766
1317,782
1317,799
1317,816
1317,832
1317,849
1317,865
1317,883
1317,901
1317,919
1317,936
1317,952
1317,976
1318,001
1318,018
1318,036
1318,053
1318,07
1318,089
1318,11
1318,128
1318,145
1318,163
1318,179
1318,196
1318,214
1318,232
1318,249
1318,266
1318,285
1318,303
1318,32
1318,338
1318,355
1318,372
1318,388
1318,405
1318,422
1318,435
1318,451
1318,466
1318,482
1318,497
1318,511
1318,526
1318,542
1318,556
1318,571
1318,587
1318,602
1318,617
1318,634
1318,651
1318,668
1318,686
1318,703
1318,72
1318,736
1318,753
1318,768
1318,784
1318,8
1318,815
1318,832
1318,848
1318,863
1318,878
1318,894
1318,909
1318,925
1318,941
1318,956
1318,973
1318,99
1319,008
1319,026
1319,043
1319,061
1319,079
1319,098
1319,115
1319,132
1319,15
1319,167
1319,188
1319,206
1319,225
1319,248
1319,27
1319,287
1319,305
1319,322
1319,341
1319,36
1319,377
1319,394
1319,41
1319,427
1319,444
1319,461
1319,478
1319,495
1319,511
1319,528
1319,542
1319,558
1319,575
1319,592
1319,609
1319,625
1319,642
1319,658
1319,675
1319,693
1319,709
1319,724
1319,741
1319,758
1319,775
1319,79
1319,812
1319,829
1319,846
1319,863
1319,878
1319,895
1319,911
1319,927
1319,944
1319,96
1319,976
1319,993
1320,01
1320,026
1320,043
1320,058
1320,072
1320,086
1320,103
1320,118
1320,135
1320,149
1320,165
1320,18
1320,194
1320,209
1320,226
1320,242
1320,256
1320,27
1320,285
1320,301
1320,318
1320,332
1320,347
1320,362
1320,377
1320,392
1320,408
1320,424
1320,439
1320,454
1320,47
1320,486
1320,502
1320,518
1320,534
1320,55
1320,567
1320,584
1320,602
1320,621
1320,638
1320,656
1320,673
1320,689
1320,708
1320,725
1320,742
1320,759
1320,776
1320,793
1320,809
1320,826
1320,843
1320,86
1320,877
1320,894
1320,911
1320,927
1320,942
1320,959
1320,977
1320,994
1321,011
1321,028
1321,045
1321,062
1321,079
1321,097
1321,115
1321,133
1321,15
1321,166
1321,184
1321,202
1321,218
1321,236
1321,262
1321,286
1321,303
1321,32
1321,337
1321,354
1321,372
1321,389
1321,407
1321,424
1321,441
1321,458
1321,475
1321,492
1321,508
1321,525
1321,542
1321,558
1321,575
1321,592
1321,609
1321,626
1321,642
1321,659
1321,675
1321,692
1321,709
1321,725
1321,741
1321,758
1321,774
1321,791
1321,808
1321,824
1321,839
1321,853
1321,868
1321,884
1321,899
1321,914
1321,929
1321,944
1321,96
1321,976
1321,991
1322,006
1322,021
1322,036
1322,051
1322,067
1322,083
1322,097
1322,112
1322,126
1322,141
1322,155
1322,169
1322,184
1322,2
1322,215
1322,23
1322,247
1322,263
1322,279
1322,294
1322,308
1322,324
1322,34
1322,357
1322,372
1322,387
1322,403
1322,419
1322,434
1322,452
1322,467
1322,485
1322,5
1322,518
1322,534
1322,551
1322,568
1322,586
1322,603
1322,62
1322,639
1322,659
1322,677
1322,694
1322,711
1322,728
1322,745
1322,763
1322,781
1322,798
1322,815
1322,833
1322,851
1322,867
1322,884
1322,9
1322,915
1322,932
1322,947
1322,962
1322,977
1322,991
1323,007
1323,022
1323,037
1323,052
1323,067
1323,082
1323,098
1323,114
1323,131
1323,146
1323,163
1323,178
1323,194
1323,21
1323,224
1323,239
1323,253
1323,269
1323,285
1323,301
1323,316
1323,332
1323,346
1323,36
1323,375
1323,389
1323,403
1323,418
1323,434
1323,448
1323,464
1323,479
1323,495
1323,509
1323,526
1323,541
1323,556
1323,57
1323,586
1323,601
1323,617
1323,633
1323,648
1323,663
1323,678
1323,693
1323,708
1323,724
1323,739
1323,753
1323,767
1323,783
1323,798
1323,814
1323,83
1323,845
1323,861
1323,876
1323,891
1323,907
1323,921
1323,937
1323,953
1323,968
1323,984
1324
1324,016
1324,031
1324,048
1324,065
1324,081
1324,097
1324,114
1324,132
1324,148
1324,164
1324,181
1324,198
1324,214
1324,23
1324,245
1324,259
1324,276
1324,293
1324,311
1324,329
1324,347
1324,365
1324,383
1324,401
1324,419
1324,436
1324,453
1324,47
1324,487
1324,504
1324,522
1324,541
1324,559
1324,576
1324,594
1324,611
1324,629
1324,646
1324,663
1324,68
1324,698
1324,714
1324,731
1324,748
1324,765
1324,782
1324,799
1324,815
1324,832
1324,849
1324,866
1324,883
1324,9
1324,916
1324,934
1324,951
1324,968
1324,985
1325,002
1325,018
1325,035
1325,051
1325,067
1325,083
1325,099
1325,114
1325,13
1325,145
1325,161
1325,176
1325,191
1325,205
1325,22
1325,235
1325,251
1325,266
1325,281
1325,297
1325,313
1325,329
1325,345
1325,36
1325,375
1325,389
1325,404
1325,419
1325,434
1325,45
1325,464
1325,479
1325,495
1325,512
1325,528
1325,543
1325,559
1325,574
1325,59
1325,603
1325,703
1325,72
1325,737
1325,757
1325,774
1325,793
1325,81
1325,826
1325,843
1325,861
1325,881
1325,899
1325,916
1325,932
1325,95
1325,968
1325,984
1325,999
1326,014
1326,031
1326,046
1326,061
1326,078
1326,093
1326,11
1326,127
1326,145
1326,161
1326,177
1326,193
1326,21
1326,227
1326,243
1326,26
1326,276
1326,292
1326,308
1326,324
1326,339
1326,353
1326,368
1326,383
1326,399
1326,414
1326,431
1326,446
1326,461
1326,477
1326,492
1326,506
1326,523
1326,54
1326,553
1326,569
1326,584
1326,599
1326,614
1326,63
1326,645
1326,661
1326,677
1326,692
1326,709
1326,724
1326,74
1326,756
1326,773
1326,789
1326,805
1326,821
1326,836
1326,852
1326,868
1326,885
1326,9
1326,915
1326,93
1326,945
1326,96
1326,976
1326,991
1327,007
1327,023
1327,037
1327,051
1327,066
1327,082
1327,097
1327,113
1327,129
1327,144
1327,16
1327,175
1327,19
1327,206
1327,219
1327,235
1327,251
1327,268
1327,285
1327,302
1327,32
1327,336
1327,352
1327,367
1327,382
1327,399
1327,415
1327,431
1327,446
1327,463
1327,48
1327,497
1327,513
1327,528
1327,543
1327,559
1327,575
1327,591
1327,609
1327,627
1327,645
1327,664
1327,681
1327,701
1327,721
1327,741
1327,76
1327,781
1327,807
1327,824
1327,841
1327,859
1327,876
1327,893
1327,911
1327,928
1327,945
1327,962
1327,98
1327,997
1328,014
1328,032
1328,047
1328,062
1328,077
1328,092
1328,108
1328,125
1328,142
1328,159
1328,174
1328,189
1328,204
1328,219
1328,233
1328,249
1328,265
1328,282
1328,299
1328,314
1328,33
1328,344
1328,36
1328,375
1328,39
1328,406
1328,422
1328,435
1328,451
1328,467
1328,485
1328,5
1328,515
1328,531
1328,547
1328,563
1328,581
1328,598
1328,614
1328,631
1328,647
1328,664
1328,681
1328,697
1328,712
1328,727
1328,743
1328,76
1328,775
1328,79
1328,806
1328,82
1328,836
1328,851
1328,867
1328,882
1328,898
1328,913
1328,929
1328,944
1328,961
1328,977
1328,993
1329,008
1329,023
1329,037
1329,051
1329,067
1329,083
1329,1
1329,115
1329,129
1329,144
1329,16
1329,176
1329,192
1329,208
1329,225
1329,24
1329,256
1329,272
1329,287
1329,301
1329,316
1329,331
1329,348
1329,363
1329,38
1329,394
1329,41
1329,427
1329,444
1329,461
1329,479
1329,496
1329,514
1329,53
1329,547
1329,564
1329,583
1329,603
1329,623
1329,64
1329,657
1329,674
1329,691
1329,708
1329,727
1329,745
1329,763
1329,782
1329,799
1329,816
1329,834
1329,85
1329,866
1329,882
1329,898
1329,913
1329,928
1329,944
1329,959
1329,974
1329,99
1330,006
1330,022
1330,036
1330,053
1330,069
1330,084
1330,1
1330,116
1330,132
1330,148
1330,163
1330,18
1330,195
1330,211
1330,227
1330,241
1330,257
1330,273
1330,289
1330,305
1330,32
1330,334
1330,35
1330,368
1330,383
1330,4
1330,415
1330,432
1330,449
1330,465
1330,481
1330,497
1330,513
1330,529
1330,546
1330,562
1330,578
1330,593
1330,608
1330,623
1330,637
1330,653
1330,669
1330,684
1330,7
1330,715
1330,73
1330,746
1330,762
1330,778
1330,792
1330,808
1330,824
1330,839
1330,853
1330,867
1330,884
1330,901
1330,917
1330,934
1330,95
1330,967
1330,982
1330,998
1331,014
1331,031
1331,047
1331,063
1331,079
1331,093
1331,108
1331,124
1331,14
1331,155
1331,169
1331,185
1331,201
1331,219
1331,236
1331,253
1331,269
1331,286
1331,305
1331,322
1331,342
1331,36
1331,382
1331,399
1331,417
1331,437
1331,455
1331,472
1331,49
1331,507
1331,526
1331,543
1331,561
1331,579
1331,596
1331,614
1331,63
1331,647
1331,662
1331,678
1331,693
1331,709
1331,725
1331,739
1331,754
1331,769
1331,783
1331,798
1331,812
1331,828
1331,845
1331,861
1331,877
1331,895
1331,912
1331,929
1331,945
1331,963
1331,98
1331,995
1332,012
1332,029
1332,045
1332,061
1332,077
1332,093
1332,108
1332,13
1332,146
1332,163
1332,18
1332,195
1332,212
1332,229
1332,246
1332,262
1332,279
1332,295
1332,311
1332,329
1332,345
1332,363
1332,38
1332,397
1332,412
1332,427
1332,442
1332,457
1332,472
1332,486
1332,503
1332,518
1332,532
1332,549
1332,564
1332,58
1332,595
1332,61
1332,625
1332,64
1332,654
1332,669
1332,684
1332,699
1332,714
1332,729
1332,744
1332,759
1332,774
1332,79
1332,806
1332,82
1332,833
1332,849
1332,865
1332,881
1332,896
1332,913
1332,93
1332,948
1332,974
1332,997
1333,013
1333,03
1333,047
1333,063
1333,08
1333,095
1333,112
1333,128
1333,145
1333,161
1333,177
1333,193
1333,209
1333,226
1333,242
1333,258
1333,274
1333,29
1333,307
1333,324
1333,341
1333,357
1333,373
1333,389
1333,404
1333,419
1333,434
1333,449
1333,465
1333,48
1333,503
1333,517
1333,532
1333,549
1333,564
1333,58
1333,596
1333,611
1333,626
1333,641
1333,656
1333,672
1333,687
1333,7
1333,715
1333,728
1333,745
1333,761
1333,775
1333,79
1333,805
1333,821
1333,835
1333,849
1333,865
1333,882
1333,898
1333,912
1333,927
1333,941
1333,955
1333,971
1333,987
1334,001
1334,017
1334,032
1334,048
1334,065
1334,081
1334,099
1334,115
1334,132
1334,148
1334,164
1334,18
1334,195
1334,211
1334,227
1334,242
1334,257
1334,273
1334,29
1334,305
1334,321
1334,335
1334,351
1334,366
1334,382
1334,399
1334,414
1334,43
1334,445
1334,461
1334,478
1334,492
1334,507
1334,523
1334,539
1334,554
1334,57
1334,585
1334,6
1334,615
1334,632
1334,648
1334,664
1334,679
1334,695
1334,711
1334,727
1334,742
1334,758
1334,773
1334,79
1334,807
1334,822
1334,836
1334,851
1334,866
1334,882
1334,898
1334,912
1334,928
1334,945
1334,962
1334,979
1334,995
1335,012
1335,028
1335,045
1335,062
1335,079
1335,096
1335,113
1335,128
1335,144
1335,161
1335,176
1335,191
1335,206
1335,221
1335,236
1335,251
1335,266
1335,282
1335,299
1335,314
1335,33
1335,345
1335,362
1335,378
1335,392
1335,407
1335,422
1335,436
1335,451
1335,466
1335,481
1335,498
1335,513
1335,529
1335,544
1335,56
1335,576
1335,59
1335,605
1335,62
1335,635
1335,65
1335,666
1335,682
1335,698
1335,713
1335,73
1335,747
1335,764
1335,781
1335,798
1335,813
1335,83
1335,847
1335,863
1335,879
1335,894
1335,909
1335,924
1335,941
1335,959
1335,975
1335,992
1336,009
1336,026
1336,044
1336,06
1336,077
1336,093
1336,108
1336,124
1336,138
1336,152
1336,168
1336,184
1336,2
1336,215
1336,229
1336,245
1336,261
1336,278
1336,293
1336,308
1336,324
1336,339
1336,355
1336,372
1336,387
1336,402
1336,419
1336,435
1336,451
1336,465
1336,481
1336,497
1336,512
1336,528
1336,544
1336,559
1336,574
1336,59
1336,605
1336,621
1336,637
1336,652
1336,669
1336,685
1336,701
1336,718
1336,734
1336,752
1336,769
1336,785
1336,801
1336,817
1336,833
1336,85
1336,866
1336,883
1336,899
1336,914
1336,929
1336,946
1336,961
1336,978
1336,993
1337,011
1337,026
1337,041
1337,057
1337,073
1337,089
1337,104
1337,12
1337,135
1337,15
1337,167
1337,183
1337,199
1337,216
1337,233
1337,249
1337,267
1337,284
1337,302
1337,319
1337,336
1337,352
1337,368
1337,384
1337,399
1337,415
1337,431
1337,446
1337,462
1337,48
1337,498
1337,515
1337,532
1337,55
1337,567
1337,587
1337,604
1337,621
1337,639
1337,654
1337,67
1337,686
1337,702
1337,719
1337,735
1337,752
1337,769
1337,786
1337,802
1337,819
1337,836
1337,853
1337,869
1337,885
1337,901
1337,917
1337,932
1337,948
1337,965
1337,982
1337,999
1338,099
1338,117
1338,134
1338,152
1338,17
1338,186
1338,201
1338,217
1338,234
1338,253
1338,27
1338,287
1338,304
1338,321
1338,339
1338,355
1338,372
1338,39
1338,405
1338,421
1338,437
1338,452
1338,468
1338,483
1338,499
1338,516
1338,533
1338,55
1338,567
1338,583
1338,601
1338,619
1338,635
1338,653
1338,668
1338,684
1338,7
1338,715
1338,731
1338,747
1338,763
1338,78
1338,797
1338,814
1338,831
1338,848
1338,864
1338,881
1338,898
1338,914
1338,93
1338,944
1338,96
1338,976
1338,992
1339,007
1339,023
1339,039
1339,056
1339,072
1339,089
1339,107
1339,123
1339,14
1339,157
1339,174
1339,191
1339,208
1339,225
1339,241
1339,256
1339,272
1339,287
1339,302
1339,317
1339,334
1339,35
1339,367
1339,383
1339,4
1339,417
1339,434
1339,452
1339,469
1339,484
1339,5
1339,516
1339,531
1339,547
1339,562
1339,579
1339,595
1339,611
1339,628
1339,645
1339,661
1339,678
1339,694
1339,712
1339,729
1339,744
1339,759
1339,774
1339,79
1339,806
1339,821
1339,836
1339,852
1339,868
1339,884
1339,9
1339,918
1339,934
1339,951
1339,968
1339,985
1340,002
1340,023
1340,04
1340,056
1340,072
1340,086
1340,1
1340,114
1340,129
1340,143
1340,161
1340,177
1340,193
1340,21
1340,228
1340,244
1340,261
1340,278
1340,294
1340,31
1340,326
1340,341
1340,356
1340,371
1340,388
1340,403
1340,419
1340,435
1340,45
1340,466
1340,483
1340,5
1340,516
1340,532
1340,549
1340,566
1340,582
1340,599
1340,615
1340,632
1340,649
1340,664
1340,68
1340,695
1340,71
1340,725
1340,742
1340,759
1340,775
1340,792
1340,81
1340,828
1340,847
1340,864
1340,881
1340,898
1340,914
1340,932
1340,949
1340,967
1340,984
1341
1341,017
1341,035
1341,051
1341,069
1341,085
1341,102
1341,119
1341,135
1341,152
1341,168
1341,183
1341,198
1341,214
1341,23
1341,247
1341,265
1341,281
1341,298
1341,314
1341,331
1341,348
1341,364
1341,382
1341,397
1341,411
1341,427
1341,442
1341,458
1341,473
1341,488
1341,504
1341,519
1341,534
1341,55
1341,566
1341,582
1341,599
1341,616
1341,633
1341,65
1341,666
1341,683
1341,699
1341,716
1341,733
1341,75
1341,767
1341,782
1341,799
1341,816
1341,832
1341,849
1341,865
1341,88
1341,895
1341,91
1341,925
1341,94
1341,954
1341,971
1341,987
1342,003
1342,019
1342,033
1342,05
1342,066
1342,081
1342,097
1342,112
1342,126
1342,143
1342,158
1342,173
1139,729
1139,748
1139,763
1139,783
1139,8
1139,82
1139,838
1139,853
1139,871
1139,887
1139,905
1139,919
1139,937
1139,954
1139,97
1139,986
1140,002
1140,018
1140,033
1140,048
1140,063
1140,081
1140,097
1140,114
1140,134
1140,151
1140,164
1140,18
1140,201
1140,22
1140,236
1140,254
1140,27
1140,291
1140,306
1140,324
1140,341
1140,358
1140,374
1140,391
1140,407
1140,422
1140,438
1140,455
1140,473
1140,489
1140,504
1140,52
1140,537
1140,552
1140,568
1140,584
1140,601
1140,617
1140,632
1140,647
1140,664
1140,68
1140,696
1140,718
1140,732
1140,752
1140,771
1140,79
1140,807
1140,826
1140,844
1140,863
1140,886
1140,905
1140,922
1140,94
1140,956
1140,974
1140,992
1141,01
1141,027
1141,043
1141,06
1141,076
1141,093
1141,107
1141,123
1141,138
1141,154
1141,17
1141,188
1141,204
1141,223
1141,239
1141,258
1141,278
1141,297
1141,319
1141,337
1141,355
1141,37
1141,386
1141,403
1141,419
1141,435
1141,447
1141,463
1141,481
1141,501
1141,515
1141,531
1141,551
1141,564
1141,58
1141,595
1141,61
1141,628
1141,645
1141,661
1141,677
1141,693
1141,709
1141,724
1141,74
1141,758
1141,776
1141,795
1141,814
1141,831
1141,852
1141,87
1141,887
1141,902
1141,918
1141,935
1141,952
1141,968
1141,98
1141,996
1142,013
1142,028
1142,045
1142,061
1142,077
1142,093
1142,108
1142,125
1142,141
1142,158
1142,176
1142,196
1142,219
1142,24
1142,258
1142,279
1142,299
1142,316
1142,338
1142,36
1142,381
1142,404
1142,422
1142,441
1142,461
1142,481
1142,502
1142,52
1142,537
1142,552
1142,57
1142,587
1142,602
1142,619
1142,639
1142,654
1142,672
1142,692
1142,71
1142,729
1142,751
1142,77
1142,787
1142,805
1142,824
1142,844
1142,864
1142,886
1142,905
1142,922
1142,939
1142,955
1142,969
1142,983
1142,996
1143,012
1143,027
1143,044
1143,06
1143,077
1143,092
1143,108
1143,125
1143,14
1143,157
1143,172
1143,192
1143,213
1143,235
1143,255
1143,273
1143,294
1143,314
1143,338
1143,355
1143,376
1143,397
1143,42
1143,439
1143,457
1143,475
1143,495
1143,517
1143,535
1143,554
1143,57
1143,588
1143,606
1143,624
1143,64
1143,656
1143,673
1143,694
1143,712
1143,73
1143,748
1143,766
1143,784
1143,802
1143,818
1143,835
1143,853
1143,87
1143,885
1143,901
1143,913
1143,929
1143,947
1143,962
1143,978
1143,993
1144,009
1144,023
1144,039
1144,054
1144,069
1144,084
1144,096
1144,113
1144,129
1144,145
1144,161
1144,179
1144,199
1144,218
1144,232
1144,251
1144,267
1144,287
1144,302
1144,318
1144,335
1144,351
1144,368
1144,386
1144,402
1144,415
1144,431
1144,45
1144,467
1144,484
1144,5
1144,514
1144,53
1144,547
1144,562
1144,578
1144,595
1144,612
1144,628
1144,645
1144,662
1144,681
1144,701
1144,719
1144,738
1144,757
1144,777
1144,797
1144,821
1144,837
1144,861
1144,883
1144,903
1144,922
1144,94
1144,959
1144,98
1145,002
1145,019
1145,039
1145,055
1145,073
1145,091
1145,108
1145,127
1145,145
1145,163
1145,184
1145,206
1145,224
1145,243
1145,263
1145,286
1145,302
1145,318
1145,334
1145,348
1145,362
1145,384
1145,401
1145,414
1145,429
1145,446
1145,462
1145,478
1145,496
1145,512
1145,529
1145,548
1145,568
1145,586
1145,601
1145,618
1145,635
1145,651
1145,667
1145,68
1145,695
1145,713
1145,734
1145,752
1145,77
1145,786
1145,802
1145,816
1145,829
1145,846
1145,862
1145,878
1145,894
1145,911
1145,928
1145,944
1145,961
1145,979
1145,994
1146,01
1146,026
1146,042
1146,058
1146,078
1146,099
1146,12
1146,137
1146,154
1146,179
1146,202
1146,219
1146,239
1146,256
1146,276
1146,297
1146,318
1146,337
1146,353
1146,372
1146,39
1146,41
1146,432
1146,453
1146,47
1146,488
1146,51
1146,528
1146,547
1146,564
1146,585
1146,602
1146,619
1146,635
1146,653
1146,668
1146,68
1146,695
1146,713
1146,728
1146,744
1146,76
1146,776
1146,791
1146,806
1146,821
1146,836
1146,851
1146,863
1146,88
1146,894
1146,913
1146,929
1146,944
1146,962
1146,979
1146,996
1147,012
1147,03
1147,047
1147,062
1147,08
1147,096
1147,115
1147,135
1147,151
1147,167
1147,183
1147,201
1147,219
1147,233
1147,25
1147,265
1147,287
1147,302
1147,319
1147,335
1147,351
1147,367
1147,379
1147,399
1147,42
1147,437
1147,456
1147,477
1147,499
1147,521
1147,542
1147,561
1147,584
1147,604
1147,624
1147,644
1147,664
1147,687
1147,703
1147,723
1147,743
1147,762
1147,786
1147,802
1147,821
1147,839
1147,856
1147,871
1147,886
1147,901
1147,917
1147,931
1147,946
1147,962
1147,978
1147,995
1148,011
1148,028
1148,047
1148,063
1148,078
1148,094
1148,11
1148,128
1148,147
1148,163
1148,183
1148,202
1148,22
1148,235
1148,249
1148,267
1148,286
1148,303
1148,323
1148,34
1148,358
1148,375
1148,393
1148,411
1148,43
1148,45
1148,47
1148,488
1148,508
1148,531
1148,551
1148,573
1148,593
1148,614
1148,637
1148,656
1148,676
1148,695
1148,718
1148,736
1148,755
1148,773
1148,792
1148,811
1148,829
1148,852
1148,87
1148,884
1148,898
1148,915
1148,928
1148,945
1148,96
1148,976
1148,992
1149,006
1149,024
1149,038
1149,053
1149,068
1149,085
1149,099
1149,112
1149,13
1149,145
1149,161
1149,178
1149,198
1149,217
1149,233
1149,247
1149,269
1149,285
1149,304
1149,323
1149,342
1149,361
1149,384
1149,401
1149,42
1149,436
1149,455
1149,471
1149,489
1149,504
1149,52
1149,536
1149,551
1149,567
1149,582
1149,596
1149,612
1149,631
1149,645
1149,667
1149,687
1149,705
1149,726
1149,747
1149,767
1149,788
1149,806
1149,827
1149,847
1149,87
1149,887
1149,908
1149,927
1149,949
1149,968
1149,987
1150,003
1150,022
1150,04
1150,058
1150,076
1150,095
1150,115
1150,133
1150,15
1150,167
1150,184
1150,201
1150,218
1150,231
1150,25
1150,266
1150,287
1150,303
1150,321
1150,34
1150,358
1150,373
1150,389
1150,404
1150,421
1150,439
1150,456
1150,474
1150,489
1150,504
1150,521
1150,536
1150,551
1150,568
1150,581
1150,596
1150,61
1150,626
1150,642
1150,659
1150,675
1150,689
1150,705
1150,721
1150,736
1150,751
1150,77
1150,784
1150,8
1150,816
1150,828
1150,845
1150,862
1150,878
1150,895
1150,911
1150,928
1150,945
1150,961
1150,978
1150,995
1151,013
1151,03
1151,049
1151,066
1151,082
1151,095
1151,112
1151,128
1151,144
1151,161
1151,182
1151,201
1151,218
1151,233
1151,252
1151,27
1151,287
1151,302
1151,322
1151,341
1151,361
1151,386
1151,404
1151,429
1151,452
1151,47
1151,491
1151,51
1151,532
1151,554
1151,571
1151,589
1151,609
1151,628
1151,646
1151,668
1151,685
1151,7
1151,718
1151,736
1151,751
1151,766
1151,779
1151,794
1151,811
1151,828
1151,844
1151,86
1151,884
1151,898
1151,911
1151,927
1151,944
1151,959
1151,975
1151,992
1152,008
1152,023
1152,038
1152,054
1152,069
1152,084
1152,1
1152,116
1152,135
1152,152
1152,169
1152,186
1152,203
1152,221
1152,24
1152,257
1152,275
1152,294
1152,315
1152,335
1152,352
1152,367
1152,385
1152,403
1152,418
1152,436
1152,449
1152,467
1152,485
1152,5
1152,516
1152,531
1152,545
1152,561
1152,578
1152,594
1152,611
1152,627
1152,644
1152,662
1152,678
1152,693
1152,71
1152,727
1152,742
1152,76
1152,778
1152,794
1152,81
1152,826
1152,842
1152,857
1152,872
1152,887
1152,901
1152,918
1152,935
1152,948
1152,962
1152,98
1152,995
1153,011
1153,029
1153,045
1153,063
1153,078
1153,097
1153,117
1153,135
1153,15
1153,168
1153,185
1153,202
1153,221
1153,238
1153,258
1153,279
1153,302
1153,322
1153,341
1153,361
1153,379
1153,402
1153,419
1153,439
1153,459
1153,48
1153,504
1153,521
1153,539
1153,558
1153,578
1153,601
1153,619
1153,635
1153,652
1153,668
1153,685
1153,7
1153,713
1153,728
1153,744
1153,759
1153,776
1153,792
1153,808
1153,823
1153,838
1153,853
1153,869
1153,882
1153,896
1153,91
1153,927
1153,945
1153,966
1153,984
1154,002
1154,018
1154,036
1154,053
1154,07
1154,088
1154,107
1154,126
1154,141
1154,157
1154,173
1154,194
1154,216
1154,233
1154,25
1154,267
1154,281
1154,304
1154,322
1154,341
1154,361
1154,382
1154,407
1154,426
1154,446
1154,467
1154,488
1154,509
1154,531
1154,552
1154,568
1154,586
1154,604
1154,623
1154,641
1154,659
1154,677
1154,695
1154,717
1154,734
1154,746
1154,763
1154,778
1154,794
1154,809
1154,827
1154,844
1154,86
1154,877
1154,977
1154,991
1155,006
1155,021
1155,037
1155,052
1155,074
1155,093
1155,107
1155,124
1155,141
1155,158
1155,174
1155,191
1155,212
1155,231
1155,247
1155,262
1155,278
1155,294
1155,31
1155,323
1155,339
1155,355
1155,373
1155,391
1155,408
1155,426
1155,44
1155,456
1155,473
1155,49
1155,507
1155,522
1155,538
1155,555
1155,571
1155,588
1155,604
1155,619
1155,634
1155,65
1155,666
1155,684
1155,703
1155,722
1155,742
1155,766
1155,784
1155,808
1155,831
1155,848
1155,869
1155,89
1155,917
1155,935
1155,956
1155,978
1155,999
1156,016
1156,037
1156,057
1156,082
1156,099
1156,118
1156,137
1156,157
1156,179
1156,199
1156,217
1156,236
1156,255
1156,273
1156,29
1156,308
1156,326
1156,347
1156,365
1156,381
1156,398
1156,417
1156,431
1156,448
1156,466
1156,483
1156,501
1156,519
1156,535
1156,552
1156,569
1156,586
1156,603
1156,621
1156,638
1156,656
1156,675
1156,692
1156,714
1156,731
1156,749
1156,764
1156,781
1156,797
1156,813
1156,831
1156,848
1156,863
1156,879
1156,896
1156,915
1156,937
1156,955
1156,971
1156,988
1157,005
1157,025
1157,041
1157,063
1157,08
1157,098
1157,112
1157,129
1157,143
1157,161
1157,173
1157,19
1157,207
1157,225
1157,246
1157,262
1157,274
1157,29
1157,306
1157,321
1157,339
1157,356
1157,374
1157,391
1157,41
1157,427
1157,44
1157,457
1157,474
1157,49
1157,506
1157,521
1157,536
1157,551
1157,566
1157,582
1157,598
1157,614
1157,63
1157,646
1157,661
1157,677
1157,697
1157,717
1157,734
1157,754
1157,775
1157,797
1157,816
1157,833
1157,853
1157,874
1157,895
1157,915
1157,932
1157,951
1157,969
1157,989
1158,01
1158,031
1158,048
1158,066
1158,083
1158,102
1158,121
1158,141
1158,156
1158,173
1158,19
1158,206
1158,224
1158,243
1158,26
1158,272
1158,288
1158,303
1158,319
1158,335
1158,35
1158,365
1158,38
1158,394
1158,41
1158,424
1158,44
1158,456
1158,472
1158,487
1158,502
1158,518
1158,534
1158,552
1158,57
1158,589
1158,607
1158,629
1158,646
1158,662
1158,676
1158,696
1158,711
1158,726
1158,744
1158,757
1158,772
1158,787
1158,804
1158,819
1158,834
1158,849
1158,865
1158,882
1158,902
1158,922
1158,941
1158,966
1158,986
1159,007
1159,031
1159,051
1159,068
1159,088
1159,107
1159,131
1159,151
1159,167
1159,185
1159,204
1159,223
1159,245
1159,266
1159,282
1159,3
1159,319
1159,337
1159,354
1159,37
1159,385
1159,401
1159,417
1159,433
1159,449
1159,465
1159,481
1159,498
1159,513
1159,53
1159,547
1159,565
1159,58
1159,598
1159,612
1159,629
1159,647
1159,665
1159,681
1159,697
1159,713
1159,729
1159,745
1159,762
1159,778
1159,79
1159,806
1159,822
1159,839
1159,856
1159,872
1159,889
1159,908
1159,928
1159,941
1159,956
1159,975
1159,995
1160,012
1160,028
1160,042
1160,057
1160,074
1160,09
1160,108
1160,123
1160,139
1160,155
1160,171
1160,185
1160,199
1160,214
1160,229
1160,245
1160,263
1160,279
1160,292
1160,306
1160,322
1160,338
1160,355
1160,371
1160,387
1160,403
1160,417
1160,433
1160,449
1160,466
1160,482
1160,497
1160,513
1160,529
1160,544
1160,558
1160,574
1160,594
1160,608
1160,624
1160,639
1160,654
1160,671
1160,687
1160,703
1160,718
1160,733
1160,748
1160,762
1160,776
1160,789
1160,805
1160,819
1160,834
1160,85
1160,865
1160,882
1160,899
1160,915
1160,932
1160,947
1160,964
1160,981
1160,997
1161,016
1161,032
1161,047
1161,063
1161,078
1161,094
1161,11
1161,131
1161,146
1161,162
1161,179
1161,195
1161,212
1161,229
1161,248
1161,263
1161,28
1161,299
1161,316
1161,335
1161,355
1161,376
1161,398
1161,419
1161,439
1161,462
1161,481
1161,499
1161,518
1161,538
1161,557
1161,579
1161,599
1161,616
1161,634
1161,653
1161,673
1161,696
1161,714
1161,731
1161,747
1161,762
1161,775
1161,789
1161,805
1161,821
1161,839
1161,854
1161,87
1161,885
1161,901
1161,921
1161,938
1161,953
1161,97
1161,987
1162,003
1162,02
1162,035
1162,05
1162,066
1162,08
1162,095
1162,111
1162,124
1162,14
1162,155
1162,17
1162,185
1162,202
1162,217
1162,232
1162,247
1162,262
1162,278
1162,296
1162,312
1162,328
1162,342
1162,358
1162,378
1162,395
1162,411
1162,427
1162,446
1162,461
1162,477
1162,491
1162,507
1162,527
1162,545
1162,561
1162,573
1162,59
1162,605
1162,621
1162,637
1162,652
1162,668
1162,683
1162,698
1162,713
1162,726
1162,741
1162,756
1162,773
1162,789
1162,806
1162,828
1162,846
1162,864
1162,88
1162,898
1162,914
1162,931
1162,946
1162,964
1162,982
1162,998
1163,015
1163,03
1163,047
1163,061
1163,077
1163,09
1163,105
1163,12
1163,136
1163,153
1163,166
1163,181
1163,196
1163,212
1163,228
1163,244
1163,257
1163,274
1163,294
1163,312
1163,329
1163,346
1163,362
1163,378
1163,39
1163,407
1163,424
1163,439
1163,455
1163,47
1163,487
1163,503
1163,517
1163,532
1163,546
1163,56
1163,574
1163,587
1163,605
1163,621
1163,637
1163,651
1163,667
1163,683
1163,698
1163,713
1163,728
1163,744
1163,757
1163,773
1163,788
1163,805
1163,82
1163,839
1163,856
1163,874
1163,891
1163,912
1163,929
1163,944
1163,962
1163,978
1163,992
1164,011
1164,028
1164,044
1164,056
1164,072
1164,089
1164,106
1164,122
1164,139
1164,156
1164,173
1164,193
1164,208
1164,224
1164,239
1164,256
1164,275
1164,291
1164,313
1164,331
1164,348
1164,361
1164,378
1164,39
1164,406
1164,423
1164,439
1164,455
1164,473
1164,488
1164,504
1164,522
1164,539
1164,555
1164,571
1164,588
1164,604
1164,619
1164,635
1164,65
1164,666
1164,682
1164,697
1164,712
1164,725
1164,739
1164,755
1164,77
1164,786
1164,8
1164,816
1164,831
1164,846
1164,862
1164,877
1164,89
1164,908
1164,928
1164,944
1164,964
1164,981
1165,002
1165,027
1165,052
1165,07
1165,091
1165,112
1165,129
1165,147
1165,165
1165,181
1165,197
1165,214
1165,237
1165,255
1165,275
1165,294
1165,312
1165,331
1165,346
1165,362
1165,377
1165,394
1165,411
1165,427
1165,443
1165,458
1165,476
1165,495
1165,511
1165,527
1165,544
1165,56
1165,578
1165,595
1165,611
1165,623
1165,639
1165,655
1165,671
1165,686
1165,701
1165,717
1165,732
1165,748
1165,763
1165,779
1165,794
1165,81
1165,823
1165,845
1165,859
1165,877
1165,89
1165,909
1165,928
1165,942
1165,958
1165,979
1165,995
1166,018
1166,034
1166,052
1166,068
1166,086
1166,103
1166,12
1166,135
1166,151
1166,167
1166,184
1166,198
1166,214
1166,228
1166,242
1166,256
1166,271
1166,287
1166,303
1166,321
1166,339
1166,356
1166,371
1166,387
1166,404
1166,418
1166,435
1166,451
1166,467
1166,483
1166,5
1166,515
1166,53
1166,546
1166,562
1166,575
1166,59
1166,607
1166,622
1166,639
1166,654
1166,67
1166,684
1166,699
1166,715
1166,732
1166,747
1166,763
1166,777
1166,79
1166,804
1166,82
1166,837
1166,854
1166,872
1166,889
1166,911
1166,929
1166,946
1166,962
1166,979
1166,993
1167,015
1167,028
1167,046
1167,061
1167,073
1167,089
1167,105
1167,121
1167,136
1167,151
1167,167
1167,183
1167,198
1167,212
1167,227
1167,243
1167,256
1167,273
1167,288
1167,304
1167,32
1167,337
1167,355
1167,372
1167,387
1167,403
1167,42
1167,436
1167,451
1167,466
1167,482
1167,497
1167,511
1167,526
1167,542
1167,556
1167,572
1167,589
1167,605
1167,624
1167,638
1167,653
1167,67
1167,686
1167,699
1167,714
1167,731
1167,749
1167,763
1167,778
1167,794
1167,806
1167,824
1167,845
1167,861
1167,878
1167,894
1167,912
1167,929
1167,944
1167,962
1167,978
1167,998
1168,013
1168,029
1168,044
1168,056
1168,072
1168,089
1168,105
1168,121
1168,137
1168,153
1168,169
1168,185
1168,2
1168,218
1168,235
1168,253
1168,27
1168,287
1168,305
1168,323
1168,344
1168,362
1168,379
1168,394
1168,405
1168,422
1168,439
1168,454
1168,473
1168,49
1168,509
1168,526
1168,545
1168,561
1168,578
1168,595
1168,611
1168,629
1168,646
1168,664
1168,68
1168,696
1168,713
1168,729
1168,746
1168,763
1168,78
1168,797
1168,813
1168,83
1168,845
1168,861
1168,878
1168,894
1168,911
1168,928
1168,943
1168,958
1168,973
1168,991
1169,012
1169,031
1169,045
1169,062
1169,078
1169,095
1169,112
1169,128
1169,145
1169,16
1169,176
1169,188
1169,204
1169,221
1169,236
1169,251
1169,267
1169,282
1169,297
1169,311
1169,323
1169,34
1169,361
1169,379
1169,396
1169,412
1169,429
1169,446
1169,463
1169,479
1169,494
1169,507
1169,522
1169,537
1169,552
1169,566
1169,581
1169,6
1169,618
1169,637
1169,655
1169,674
1169,694
1169,712
1169,729
1169,746
1169,761
1169,777
1169,789
1169,804
1169,819
1169,834
1169,849
1169,863
1169,877
1169,892
1169,911
1169,929
1169,946
1169,963
1169,98
1169,995
1170,017
1170,033
1170,05
1170,066
1170,081
1170,095
1170,111
1170,124
1170,138
1170,155
1170,176
1170,194
1170,21
1170,226
1170,245
1170,263
1170,279
1170,297
1170,312
1170,328
1170,345
1170,361
1170,379
1170,398
1170,413
1170,43
1170,446
1170,463
1170,481
1170,496
1170,513
1170,53
1170,545
1170,563
1170,58
1170,595
1170,609
1170,625
1170,639
1170,653
1170,669
1170,684
1170,699
1170,714
1170,73
1170,746
1170,761
1170,778
1170,795
1170,811
1170,828
1170,846
1170,863
1170,88
1170,895
1170,913
1170,929
1170,944
1170,957
1170,974
1170,99
1171,009
1171,026
1171,044
1171,056
1171,077
1171,094
1171,111
1171,128
1171,146
1171,161
1171,178
1171,195
1171,212
1171,228
1171,245
1171,262
1171,276
1171,287
1171,303
1171,321
1171,339
1171,358
1171,377
1171,396
1171,415
1171,43
1171,447
1171,465
1171,481
1171,498
1171,514
1171,53
1171,545
1171,562
1171,58
1171,595
1171,612
1171,628
1171,645
1171,661
1171,678
1171,694
1171,712
1171,727
1171,744
1171,761
1171,777
1171,79
1171,807
1171,826
1171,844
1171,861
1171,878
1171,896
1171,914
1171,93
1171,947
1171,965
1171,983
1172
1172,017
1172,035
1172,048
1172,064
1172,081
1172,097
1172,115
1172,131
1172,148
1172,165
1172,182
1172,199
1172,216
1172,232
1172,247
1172,264
1172,28
1172,295
1172,311
1172,329
1172,348
1172,364
1172,383
1172,403
1172,423
1172,443
1172,46
1172,476
1172,491
1172,508
1172,522
1172,538
1172,555
1172,573
1172,593
1172,611
1172,627
1172,646
1172,663
1172,68
1172,694
1172,711
1172,727
1172,744
1172,76
1172,777
1172,789
1172,806
1172,821
1172,838
1172,854
1172,87
1172,886
1172,906
1172,927
1172,944
1172,961
1172,979
1172,995
1173,017
1173,033
1173,051
1173,068
1173,083
1173,098
1173,114
1173,128
1173,145
1173,162
1173,179
1173,196
1173,211
1173,228
1173,246
1173,262
1173,279
1173,296
1173,312
1173,327
1173,343
1173,361
1173,378
1173,395
1173,413
1173,428
1173,445
1173,46
1173,474
1173,488
1173,504
1173,52
1173,537
1173,553
1173,569
1173,584
1173,599
1173,615
1173,631
1173,646
1173,662
1173,677
1173,693
1173,707
1173,722
1173,74
1173,755
1173,771
1173,789
1173,804
1173,822
1173,839
1173,854
1173,869
1173,886
1173,904
1173,923
1173,942
1173,958
1173,976
1173,991
1174,014
1174,027
1174,042
1174,055
1174,072
1174,09
1174,107
1174,123
1174,143
1174,16
1174,176
1174,193
1174,209
1174,226
1174,242
1174,255
1174,272
1174,288
1174,304
1174,32
1174,336
1174,352
1174,368
1174,383
1174,398
1174,414
1174,43
1174,448
1174,462
1174,476
1174,489
1174,504
1174,523
1174,538
1174,555
1174,57
1174,586
1174,602
1174,618
1174,633
1174,65
1174,666
1174,681
1174,697
1174,712
1174,725
1174,738
1174,755
1174,77
1174,785
1174,801
1174,818
1174,833
1174,849
1174,864
1174,879
1174,894
1174,911
1174,928
1174,944
1174,96
1174,978
1174,992
1175,013
1175,03
1175,043
1175,06
1175,077
1175,094
1175,108
1175,123
1175,141
1175,16
1175,173
1175,189
1175,206
1175,223
1175,239
1175,254
1175,271
1175,287
1175,304
1175,319
1175,336
1175,351
1175,366
1175,382
1175,398
1175,413
1175,43
1175,447
1175,464
1175,48
1175,496
1175,51
1175,527
1175,543
1175,555
1175,57
1175,586
1175,603
1175,619
1175,635
1175,65
1175,666
1175,681
1175,697
1175,711
1175,726
1175,74
1175,755
1175,77
1175,786
1175,803
1175,819
1175,838
1175,857
1175,878
1175,896
1175,912
1175,93
1175,945
1175,961
1175,982
1175,997
1176,013
1176,03
1176,046
1176,061
1176,076
1176,089
1176,104
1176,121
1176,138
1176,154
1176,17
1176,187
1176,202
1176,218
1176,233
1176,248
1176,263
1176,279
1176,295
1176,31
1176,322
1176,338
1176,354
1176,371
1176,388
1176,405
1176,424
1176,439
1176,46
1176,476
1176,492
1176,509
1176,522
1176,538
1176,553
1176,569
1176,584
1176,6
1176,617
1176,633
1176,648
1176,663
1176,678
1176,695
1176,71
1176,721
1176,737
1176,752
1176,766
1176,781
1176,797
1176,812
1176,827
1176,844
1176,86
1176,877
1176,889
1176,911
1176,929
1176,945
1176,962
1176,981
1176,999
1177,017
1177,034
1177,051
1177,066
1177,082
1177,097
1177,113
1177,129
1177,143
1177,158
1177,172
1177,188
1177,203
1177,221
1177,237
1177,253
1177,269
1177,284
1177,299
1177,315
1177,33
1177,346
1177,362
1177,377
1177,389
1177,409
1177,423
1177,438
1177,456
1177,474
1177,495
1177,509
1177,521
1177,537
1177,553
1177,569
1177,585
1177,6
1177,617
1177,635
1177,651
1177,668
1177,685
1177,702
1177,72
1177,737
1177,754
1177,776
1177,79
1177,808
1177,823
1177,84
1177,856
1177,876
1177,888
1177,907
1177,926
1177,942
1177,954
1177,971
1177,989
1178,006
1178,027
1178,043
1178,06
1178,071
1178,088
1178,103
1178,12
1178,135
1178,151
1178,165
1178,182
1178,198
1178,214
1178,23
1178,246
1178,262
1178,278
1178,294
1178,309
1178,322
1178,337
1178,355
1178,376
1178,393
1178,408
1178,423
1178,439
1178,456
1178,475
1178,494
1178,511
1178,528
1178,545
1178,561
1178,577
1178,595
1178,611
1178,629
1178,645
1178,663
1178,678
1178,694
1178,708
1178,725
1178,742
1178,758
1178,773
1178,788
1178,804
1178,82
1178,839
1178,864
1178,878
1178,893
1178,911
1178,928
1178,943
1178,959
1178,974
1178,994
1179,01
1179,025
1179,039
1179,057
1179,071
1179,088
1179,103
1179,12
1179,136
1179,155
1179,171
1179,186
1179,204
1179,219
1179,233
1179,248
1179,264
1179,28
1179,295
1179,309
1179,325
1179,338
1179,354
1179,372
1179,387
1179,403
1179,421
1179,439
1179,459
1179,477
1179,495
1179,513
1179,528
1179,544
1179,56
1179,575
1179,593
1179,606
1179,62
1179,637
1179,655
1179,672
1179,687
1179,703
1179,719
1179,735
1179,753
1179,768
1179,783
1179,799
1179,814
1179,829
1179,845
1179,859
1179,873
1179,889
1179,909
1179,927
1179,942
1179,956
1179,973
1179,994
1180,011
1180,026
1180,043
1180,056
1180,071
1180,087
1180,103
1180,119
1180,134
1180,149
1180,164
1180,179
1180,195
1180,21
1180,225
1180,239
1180,255
1180,271
1180,288
1180,305
1180,321
1180,338
1180,354
1180,373
1180,391
1180,408
1180,427
1180,442
1180,458
1180,475
1180,493
1180,511
1180,53
1180,543
1180,56
1180,574
1180,588
1180,609
1180,626
1180,638
1180,656
1180,673
1180,688
1180,705
1180,72
1180,736
1180,753
1180,769
1180,785
1180,801
1180,816
1180,833
1180,849
1180,864
1180,879
1180,896
1180,914
1180,931
1180,948
1180,966
1180,984
1181,002
1181,02
1181,037
1181,055
1181,071
1181,089
1181,106
1181,126
1181,141
1181,155
1181,171
1181,187
1181,204
1181,226
1181,243
1181,26
1181,276
1181,293
1181,311
1181,329
1181,347
1181,367
1181,387
1181,41
1181,43
1181,449
1181,468
1181,486
1181,509
1181,529
1181,546
1181,566
1181,587
1181,609
1181,629
1181,645
1181,666
1181,685
1181,704
1181,728
1181,745
1181,761
1181,778
1181,797
1181,812
1181,83
1181,848
1181,866
1181,885
1181,905
1181,927
1181,949
1181,965
1181,984
1182,008
1182,027
1182,047
1182,063
1182,08
1182,095
1182,11
1182,127
1182,143
1182,157
1182,172
1182,189
1182,205
1182,221
1182,237
1182,255
1182,271
1182,288
1182,306
1182,322
1182,338
1182,353
1182,369
1182,385
1182,401
1182,418
1182,434
1182,449
1182,465
1182,481
1182,496
1182,512
1182,53
1182,547
1182,563
1182,578
1182,595
1182,611
1182,627
1182,643
1182,654
1182,671
1182,688
1182,703
1182,72
1182,737
1182,754
1182,771
1182,786
1182,803
1182,819
1182,836
1182,853
1182,87
1182,887
1182,906
1182,926
1182,942
1182,959
1182,976
1182,993
1183,008
1183,029
1183,045
1183,062
1183,078
1183,092
1183,109
1183,125
1183,142
1183,158
1183,176
1183,192
1183,207
1183,222
1183,237
1183,255
1183,275
1183,288
1183,305
1183,328
1183,346
1183,366
1183,385
1183,406
1183,428
1183,447
1183,467
1183,487
1183,51
1183,529
1183,546
1183,567
1183,586
1183,606
1183,628
1183,646
1183,661
1183,679
1183,695
1183,711
1183,726
1183,744
1183,76
1183,775
1183,79
1183,803
1183,82
1183,836
1183,854
1183,87
1183,887
1183,909
1183,927
1183,944
1183,961
1183,978
1183,996
1184,014
1184,032
1184,05
1184,068
1184,086
1184,104
1184,126
1184,143
1184,16
1184,176
1184,193
1184,209
1184,224
1184,242
1184,255
1184,271
1184,287
1184,304
1184,32
1184,336
1184,354
1184,369
1184,386
1184,404
1184,423
1184,441
1184,456
1184,47
1184,487
1184,504
1184,521
1184,538
1184,559
1184,576
1184,593
1184,609
1184,625
1184,638
1184,653
1184,67
1184,686
1184,703
1184,718
1184,734
1184,749
1184,765
1184,781
1184,797
1184,812
1184,826
1184,842
1184,858
1184,87
1184,886
1184,908
1184,926
1184,942
1184,956
1184,974
1184,989
1185,011
1185,029
1185,044
1185,059
1185,074
1185,092
1185,109
1185,126
1185,143
1185,16
1185,176
1185,189
1185,203
1185,22
1185,235
1185,248
1185,265
1185,279
1185,293
1185,307
1185,321
1185,336
1185,351
1185,366
1185,382
1185,397
1185,411
1185,427
1185,443
1185,458
1185,471
1185,487
1185,504
1185,52
1185,536
1185,554
1185,575
1185,593
1185,608
1185,621
1185,637
1185,653
1185,671
1185,687
1185,703
1185,721
1185,737
1185,753
1185,769
1185,786
1185,803
1185,821
1185,842
1185,859
1185,875
1185,892
1185,909
1185,927
1185,944
1185,961
1185,977
1185,993
1186,007
1186,028
1186,043
1186,056
1186,071
1186,087
1186,104
1186,12
1186,137
1186,152
1186,167
1186,184
1186,2
1186,216
1186,233
1186,249
1186,267
1186,283
1186,3
1186,315
1186,329
1186,344
1186,359
1186,373
1186,391
1186,407
1186,42
1186,436
1186,451
1186,468
1186,483
1186,498
1186,512
1186,528
1186,543
1186,56
1186,577
1186,594
1186,611
1186,626
1186,643
1186,657
1186,672
1186,689
1186,703
1186,719
1186,736
1186,754
1186,772
1186,791
1186,809
1186,826
1186,844
1186,861
1186,877
1186,894
1186,91
1186,929
1186,944
1186,96
1186,979
1186,997
1187,014
1187,03
1187,047
1187,063
1187,078
1187,094
1187,109
1187,125
1187,137
1187,154
1187,17
1187,187
1187,203
1187,219
1187,235
1187,251
1187,267
1187,281
1187,296
1187,312
1187,328
1187,343
1187,359
1187,374
1187,388
1187,405
1187,423
1187,437
1187,452
1187,47
1187,486
1187,502
1187,518
1187,534
1187,549
1187,566
1187,583
1187,602
1187,62
1187,637
1187,657
1187,675
1187,775
1187,79
1187,811
1187,823
1187,837
1187,852
1187,871
1187,889
1187,905
1187,922
1187,938
1187,955
1187,973
1187,989
1188,005
1188,021
1188,037
1188,053
1188,068
1188,083
1188,099
1188,12
1188,138
1188,162
1188,179
1188,197
1188,214
1188,229
1188,246
1188,263
1188,278
1188,292
1188,311
1188,328
1188,345
1188,363
1188,379
1188,396
1188,413
1188,429
1188,448
1188,462
1188,48
1188,496
1188,513
1188,527
1188,539
1188,557
1188,572
1188,588
1188,605
1188,624
1188,645
1188,662
1188,678
1188,695
1188,709
1188,73
1188,746
1188,763
1188,778
1188,79
1188,805
1188,821
1188,839
1188,854
1188,87
1188,886
1188,9
1188,917
1188,932
1188,948
1188,965
1188,98
1188,995
1189,012
1189,027
1189,043
1189,061
1189,075
1189,089
1189,105
1189,122
1189,138
1189,154
1189,172
1189,188
1189,205
1189,221
1189,24
1189,256
1189,272
1189,296
1189,314
1189,33
1189,35
1189,365
1189,382
1189,4
1189,417
1189,435
1189,454
1189,474
1189,496
1189,511
1189,528
1189,545
1189,562
1189,58
1189,596
1189,611
1189,629
1189,646
1189,662
1189,676
1189,693
1189,708
1189,728
1189,745
1189,762
1189,777
1189,792
1189,807
1189,823
1189,837
1189,854
1189,869
1189,885
1189,9
1189,916
1189,932
1189,948
1189,963
1189,978
1189,99
1190,005
1190,02
1190,037
1190,054
1190,071
1190,087
1190,104
1190,12
1190,137
1190,151
1190,167
1190,184
1190,2
1190,216
1190,233
1190,25
1190,267
1190,284
1190,3
1190,318
1190,336
1190,355
1190,373
1190,393
1190,406
1190,426
1190,439
1190,455
1190,473
1190,489
1190,505
1190,522
1190,538
1190,555
1190,57
1190,587
1190,604
1190,622
1190,642
1190,656
1190,672
1190,689
1190,706
1190,724
1190,744
1190,76
1190,772
1190,789
1190,806
1190,823
1190,839
1190,854
1190,871
1190,887
1190,904
1190,92
1190,935
1190,95
1190,965
1190,981
1190,995
1191,01
1191,024
1191,038
1191,054
1191,071
1191,088
1191,106
1191,122
1191,139
1191,156
1191,176
1191,191
1191,209
1191,226
1191,243
1191,259
1191,273
1191,289
1191,307
1191,323
1191,344
1191,361
1191,377
1191,389
1191,405
1191,42
1191,436
1191,452
1191,466
1191,484
1191,498
1191,513
1191,528
1191,544
1191,56
1191,573
1191,589
1191,605
1191,623
1191,644
1191,659
1191,672
1191,69
1191,706
1191,727
1191,745
1191,762
1191,778
1191,791
1191,805
1191,823
1191,839
1191,857
1191,873
1191,889
1191,905
1191,922
1191,937
1191,954
1191,97
1191,986
1192,002
1192,017
1192,032
1192,048
1192,064
1192,081
1192,097
1192,113
1192,13
1192,146
1192,163
1192,176
1192,189
1192,216
1192,23
1192,246
1192,262
1192,277
1192,289
1192,305
1192,322
1192,339
1192,36
1192,376
1192,392
1192,405
1192,421
1192,438
1192,454
1192,469
1192,485
1192,502
1192,517
1192,532
1192,547
1192,564
1192,58
5499,047
5499,067
5499,087
5499,106
5499,126
5499,145
5499,164
5499,184
5499,203
5499,222
5499,242
5499,26
5499,279
5499,297
5499,315
5499,334
5499,354
5499,372
5499,39
5499,408
5499,426
5499,445
5499,464
5499,484
5499,503
5499,522
5499,543
5499,563
5499,583
5499,603
5499,623
5499,642
5499,66
5499,679
5499,699
5499,718
5499,738
5499,757
5499,777
5499,794
5499,814
5499,832
5499,849
5499,866
5499,884
5499,9
5499,918
5499,936
5499,954
5499,969
5499,985
5500,004
5500,021
5500,038
5500,055
5500,073
5500,091
5500,109
5500,126
5500,143
5500,159
5500,175
5500,192
5500,21
5500,229
5500,247
5500,265
5500,282
5500,3
5500,317
5500,336
5500,356
5500,374
5500,393
5500,411
5500,429
5500,447
5500,465
5500,482
5500,5
5500,52
5500,538
5500,556
5500,574
5500,593
5500,612
5500,628
5500,646
5500,665
5500,684
5500,703
5500,72
5500,737
5500,756
5500,777
5500,795
5500,814
5500,833
5500,85
5500,868
5500,886
5500,905
5500,923
5500,941
5500,96
5500,977
5500,995
5501,013
5501,03
5501,047
5501,065
5501,083
5501,1
5501,119
5501,137
5501,154
5501,171
5501,191
5501,208
5501,227
5501,244
5501,262
5501,281
5501,299
5501,317
5501,336
5501,354
5501,373
5501,389
5501,407
5501,425
5501,442
5501,461
5501,479
5501,497
5501,516
5501,533
5501,551
5501,569
5501,588
5501,606
5501,624
5501,642
5501,66
5501,677
5501,694
5501,713
5501,732
5501,75
5501,766
5501,782
5501,799
5501,816
5501,834
5501,85
5501,868
5501,886
5501,904
5501,922
5501,94
5501,958
5501,975
5501,992
5502,008
5502,025
5502,043
5502,061
5502,078
5502,094
5502,112
5502,13
5502,147
5502,164
5502,18
5502,198
5502,217
5502,235
5502,253
5502,271
5502,289
5502,306
5502,324
5502,343
5502,362
5502,38
5502,398
5502,417
5502,435
5502,454
5502,472
5502,49
5502,51
5502,528
5502,546
5502,564
5502,583
5502,601
5502,62
5502,639
5502,658
5502,675
5502,693
5502,71
5502,729
5502,746
5502,765
5502,783
5502,801
5502,818
5502,835
5502,853
5502,872
5502,89
5502,909
5502,927
5502,945
5502,964
5502,981
5502,998
5503,016
5503,033
5503,051
5503,069
5503,088
5503,106
5503,125
5503,142
5503,16
5503,178
5503,195
5503,213
5503,231
5503,248
5503,267
5503,285
5503,302
5503,32
5503,338
5503,356
5503,374
5503,393
5503,413
5503,431
5503,447
5503,466
5503,484
5503,502
5503,521
5503,538
5503,556
5503,574
5503,591
5503,61
5503,627
5503,645
5503,663
5503,681
5503,699
5503,717
5503,734
5503,752
5503,769
5503,786
5503,805
5503,822
5503,839
5503,855
5503,873
5503,888
5503,904
5503,922
5503,939
5503,958
5503,975
5503,994
5504,01
5504,026
5504,042
5504,06
5504,076
5504,093
5504,11
5504,126
5504,144
5504,16
5504,178
5504,195
5504,213
5504,23
5504,248
5504,265
5504,283
5504,3
5504,317
5504,336
5504,354
5504,371
5504,387
5504,404
5504,42
5504,44
5504,458
5504,475
5504,493
5504,509
5504,527
5504,544
5504,563
5504,582
5504,6
5504,618
5504,637
5504,655
5504,674
5504,692
5504,709
5504,727
5504,745
5504,762
5504,781
5504,798
5504,815
5504,833
5504,852
5504,87
5504,887
5504,905
5504,923
5504,939
5504,957
5504,975
5504,994
5505,011
5505,027
5505,045
5505,063
5505,08
5505,098
5505,116
5505,134
5505,153
5505,169
5505,187
5505,205
5505,222
5505,239
5505,256
5505,274
5505,292
5505,308
5505,326
5505,343
5505,361
5505,378
5505,395
5505,412
5505,429
5505,447
5505,465
5505,482
5505,502
5505,519
5505,537
5505,555
5505,575
5505,594
5505,612
5505,631
5505,649
5505,667
5505,685
5505,703
5505,722
5505,74
5505,757
5505,774
5505,791
5505,807
5505,825
5505,841
5505,857
5505,874
5505,891
5505,907
5505,924
5505,94
5505,958
5505,97
5505,988
5506,004
5506,021
5506,038
5506,056
5506,073
5506,09
5506,105
5506,121
5506,136
5506,153
5506,169
5506,187
5506,204
5506,223
5506,24
5506,258
5506,275
5506,292
5506,31
5506,328
5506,344
5506,361
5506,378
5506,396
5506,414
5506,43
5506,449
5506,466
5506,484
5506,501
5506,518
5506,535
5506,552
5506,569
5506,586
5506,604
5506,622
5506,639
5506,656
5506,674
5506,693
5506,71
5506,728
5506,746
5506,764
5506,782
5506,8
5506,818
5506,835
5506,854
5506,871
5506,889
5506,907
5506,925
5506,943
5506,96
5506,978
5506,995
5507,013
5507,032
5507,048
5507,065
5507,083
5507,101
5507,119
5507,136
5507,153
5507,17
5507,189
5507,206
5507,223
5507,241
5507,258
5507,277
5507,294
5507,312
5507,331
5507,349
5507,367
5507,385
5507,403
5507,42
5507,438
5507,456
5507,474
5507,492
5507,509
5507,526
5507,544
5507,562
5507,579
5507,596
5507,615
5507,633
5507,651
5507,668
5507,686
5507,704
5507,722
5507,739
5507,757
5507,775
5507,792
5507,81
5507,828
5507,845
5507,86
5507,877
5507,894
5507,909
5507,926
5507,941
5507,957
5507,973
5507,991
5508,008
5508,025
5508,043
5508,059
5508,078
5508,095
5508,113
5508,13
5508,147
5508,165
5508,182
5508,2
5508,218
5508,235
5508,253
5508,271
5508,287
5508,305
5508,323
5508,34
5508,359
5508,377
5508,395
5508,413
5508,432
5508,45
5508,466
5508,484
5508,501
5508,52
5508,536
5508,554
5508,572
5508,589
5508,606
5508,623
5508,641
5508,657
5508,675
5508,694
5508,711
5508,811
5508,826
5508,84
5508,857
5508,873
5508,893
5508,91
5508,93
5508,95
5508,968
5508,986
5509,004
5509,024
5509,042
5509,06
5509,077
5509,096
5509,112
5509,131
5509,148
5509,167
5509,185
5509,202
5509,22
5509,237
5509,255
5509,272
5509,29
5509,308
5509,326
5509,344
5509,363
5509,38
5509,399
5509,417
5509,437
5509,455
5509,47
5509,486
5509,503
5509,519
5509,536
5509,551
5509,567
5509,583
5509,601
5509,618
5509,634
5509,649
5509,667
5509,684
5509,701
5509,719
5509,736
5509,755
5509,773
5509,791
5509,808
5509,826
5509,842
5509,859
5509,877
5509,895
5509,913
5509,929
5509,948
5509,966
5509,984
5510
5510,02
5510,037
5510,054
5510,072
5510,09
5510,108
5510,125
5510,143
5510,159
5510,177
5510,194
5510,212
5510,23
5510,248
5510,267
5510,284
5510,302
5510,32
5510,339
5510,357
5510,375
5510,393
5510,412
5510,432
5510,449
5510,468
5510,486
5510,503
5510,521
5510,54
5510,557
5510,575
5510,592
5510,61
5510,628
5510,645
5510,663
5510,68
5510,7
5510,717
5510,735
5510,753
5510,771
5510,789
5510,808
5510,826
5510,844
5510,862
5510,88
5510,899
5510,917
5510,935
5510,952
5510,97
5510,988
5511,008
5511,026
5511,044
5511,062
5511,08
5511,097
5511,116
5511,135
5511,153
5511,172
5511,189
5511,208
5511,226
5511,243
5511,26
5511,278
5511,295
5511,313
5511,33
5511,348
5511,366
5511,383
5511,401
5511,418
5511,435
5511,452
5511,468
5511,487
5511,504
5511,524
5511,541
5511,559
5511,575
5511,591
5511,608
5511,624
5511,639
5511,658
5511,675
5511,692
5511,708
5511,726
5511,745
5511,762
5511,779
5511,795
5511,812
5511,829
5511,846
5511,863
5511,882
5511,9
5511,917
5511,935
5511,954
5511,972
5511,989
5512,006
5512,022
5512,039
5512,058
5512,075
5512,092
5512,109
5512,127
5512,144
5512,161
5512,178
5512,196
5512,213
5512,23
5512,247
5512,265
5512,282
5512,299
5512,317
5512,333
5512,349
5512,367
5512,384
5512,401
5512,419
5512,436
5512,453
5512,47
5512,488
5512,505
5512,523
5512,539
5512,556
5512,575
5512,594
5512,611
5512,627
5512,644
5512,661
5512,679
5512,697
5512,715
5512,732
5512,75
5512,77
5512,788
5512,805
5512,822
5512,84
5512,857
5512,875
5512,891
5512,909
5512,926
5512,944
5512,963
5512,983
5513
5513,017
5513,034
5513,053
5513,07
5513,087
5513,106
5513,124
5513,142
5513,159
5513,176
5513,193
5513,21
5513,227
5513,245
5513,263
5513,282
5513,299
5513,317
5513,333
5513,352
5513,37
5513,389
5513,406
5513,424
5513,442
5513,459
5513,475
5513,49
5513,506
5513,522
5513,538
5513,554
5513,569
5513,585
5513,601
5513,622
5513,64
5513,658
5513,677
5513,694
5513,713
5513,731
5513,749
5513,767
5513,784
5513,803
5513,822
5513,84
5513,859
5513,877
5513,896
5513,915
5513,934
5513,952
5513,97
5513,988
5514,005
5514,023
5514,041
5514,059
5514,078
5514,096
5514,114
5514,132
5514,15
5514,17
5514,187
5514,205
5514,224
5514,241
5514,259
5514,275
5514,292
5514,309
5514,326
5514,344
5514,362
5514,379
5514,397
5514,415
5514,433
5514,45
5514,469
5514,486
5514,503
5514,521
5514,538
5514,556
5514,573
5514,591
5514,608
5514,625
5514,643
5514,661
5514,68
5514,699
5514,718
5514,735
5514,753
5514,771
5514,788
5514,806
5514,823
5514,84
5514,858
5514,876
5514,895
5514,914
5514,932
5514,951
5514,967
5514,985
5515,002
5515,02
5515,038
5515,055
5515,072
5515,089
5515,105
5515,124
5515,14
5515,158
5515,176
5515,194
5515,212
5515,229
5515,248
5515,264
5515,282
5515,299
5515,319
5515,336
5515,354
5515,372
5515,391
5515,408
5515,425
5515,443
5515,459
5515,475
5515,492
5515,508
5515,526
5515,543
5515,56
5515,576
5515,593
5515,609
5515,625
5515,641
5515,658
5515,676
5515,691
5515,707
5515,724
5515,739
5515,757
5515,774
5515,789
5515,805
5515,819
5515,835
5515,853
5515,869
5515,888
5515,906
5515,923
5515,941
5515,959
5515,977
5515,995
5516,013
5516,032
5516,05
5516,067
5516,086
5516,103
5516,12
5516,137
5516,155
5516,172
5516,19
5516,208
5516,225
5516,243
5516,26
5516,275
5516,292
5516,31
5516,33
5516,347
5516,366
5516,384
5516,401
5516,418
5516,436
5516,454
5516,473
5516,491
5516,508
5516,525
5516,542
5516,56
5516,577
5516,596
5516,614
5516,631
5516,65
5516,668
5516,687
5516,706
5516,723
5516,741
5516,759
5516,776
5516,793
5516,81
5516,828
5516,847
5516,864
5516,882
5516,9
5516,918
5516,937
5516,955
5516,971
5516,988
5517,005
5517,022
5517,038
5517,056
5517,074
5517,09
5517,108
5517,125
5517,141
5517,159
5517,176
5517,194
5517,212
5517,231
5517,248
5517,266
5517,283
5517,3
5517,321
5517,337
5517,353
5517,37
5517,388
5517,408
5517,426
5517,443
5517,459
5517,476
5517,493
5517,509
5517,525
5517,541
5517,558
5517,575
5517,591
5517,608
5517,624
5517,641
5517,656
5517,673
5517,69
5517,706
5517,723
5517,74
5517,758
5517,774
5517,791
5517,807
5517,824
5517,84
5517,857
5517,875
5517,893
5517,913
5517,932
5517,951
5517,968
5517,986
5518,004
5518,022
5518,041
5518,058
5518,076
5518,094
5518,113
5518,13
5518,148
5518,167
5518,185
5518,201
5518,218
5518,236
5518,253
5518,271
5518,288
5518,306
5518,323
5518,34
5518,359
5518,377
5518,396
5518,414
5518,431
5518,45
5518,467
5518,486
5518,505
5518,522
5518,54
5518,558
5518,575
5518,594
5518,611
5518,628
5518,646
5518,663
5518,681
5518,7
5518,717
5518,734
5518,753
5518,772
5518,791
5518,809
5518,826
5518,844
5518,861
5518,881
5518,897
5518,916
5518,934
5518,952
5518,97
5518,988
5519,006
5519,024
5519,041
5519,059
5519,077
5519,093
5519,111
5519,129
5519,146
5519,165
5519,182
5519,2
5519,218
5519,236
5519,254
5519,271
5519,29
5519,308
5519,325
5519,343
5519,361
5519,378
5519,397
5519,415
5519,433
5519,451
5519,467
5519,483
5519,5
5519,515
5519,532
5519,55
5519,565
5519,583
5519,6
5519,618
5519,635
5519,654
5519,669
5519,688
5519,704
5519,721
5519,739
5519,756
5519,773
5519,791
5519,806
5519,823
5519,839
5519,854
5519,871
5519,89
5519,906
5519,923
5519,941
5519,959
5519,977
5519,996
5520,013
5520,032
5520,049
5520,067
5520,084
5520,103
5520,121
5520,139
5520,157
5520,174
5520,191
5520,209
5520,227
5520,249
5520,266
5520,284
5520,303
5520,321
5520,338
5520,356
5520,374
5520,392
5520,411
5520,428
5520,446
5520,464
5520,481
5520,499
5520,516
5520,535
5520,553
5520,57
5520,589
5520,605
5520,625
5520,643
5520,66
5520,679
5520,697
5520,716
5520,733
5520,75
5520,768
5520,786
5520,805
5520,822
5520,841
5520,859
5520,876
5520,895
5520,912
5520,929
5520,947
5520,965
5520,983
5521
5521,018
5521,035
5521,052
5521,07
5521,086
5521,105
5521,124
5521,142
5521,16
5521,177
5521,195
5521,213
5521,231
5521,248
5521,267
5521,284
5521,302
5521,319
5521,339
5521,357
5521,375
5521,394
5521,413
5521,43
5521,447
5521,465
5521,482
5521,501
5521,517
5521,535
5521,553
5521,569
5521,587
5521,604
5521,619
5521,635
5521,652
5521,668
5521,684
5521,701
5521,718
5521,735
5521,753
5521,77
5521,786
5521,802
5521,819
5521,837
5521,853
5521,869
5521,887
5521,905
5521,922
5521,94
5521,957
5521,974
5521,991
5522,01
5522,027
5522,045
5522,063
5522,081
5522,099
5522,116
5522,135
5522,151
5522,167
5522,187
5522,205
5522,223
5522,241
5522,259
5522,277
5522,294
5522,312
5522,33
5522,347
5522,364
5522,384
5522,402
5522,42
5522,438
5522,456
5522,473
5522,491
5522,509
5522,526
5522,545
5522,562
5522,58
5522,597
5522,615
5522,632
5522,649
5522,667
5522,685
5522,703
5522,722
5522,739
5522,758
5522,776
5522,793
5522,811
5522,83
5522,849
5522,868
5522,888
5522,905
5522,921
5522,94
5522,957
5522,976
5522,994
5523,013
5523,031
5523,05
5523,068
5523,086
5523,106
5523,125
5523,143
5523,16
5523,18
5523,198
5523,214
5523,232
5523,25
5523,268
5523,286
5523,303
5523,321
5523,339
5523,358
5523,375
5523,394
5523,412
5523,429
5523,447
5523,464
5523,483
5523,5
5523,518
5523,536
5523,553
5523,57
5523,588
5523,606
5523,623
5523,64
5523,657
5523,674
5523,69
5523,707
5523,723
5523,739
5523,755
5523,773
5523,791
5523,807
5523,824
5523,842
5523,859
5523,878
5523,899
5523,919
5523,938
5523,955
5523,975
5523,993
5524,009
5524,027
5524,044
5524,062
5524,08
5524,097
5524,116
5524,135
5524,153
5524,171
5524,188
5524,206
5524,224
5524,243
5524,26
5524,277
5524,294
5524,313
5524,331
5524,349
5524,367
5524,385
5524,404
5524,422
5524,439
5524,457
5524,476
5524,494
5524,512
5524,53
5524,549
5524,566
5524,585
5524,605
5524,623
5524,642
5524,662
5524,68
5524,697
5524,716
5524,734
5524,753
5524,771
5524,789
5524,806
5524,824
5524,842
5524,86
5524,879
5524,898
5524,917
5524,935
5524,955
5524,974
5524,994
5525,012
5525,03
5525,048
5525,066
5525,084
5525,104
5525,121
5525,139
5525,158
5525,177
5525,193
5525,208
5525,227
5525,245
5525,263
5525,281
5525,299
5525,318
5525,337
5525,356
5525,375
5525,394
5525,413
5525,432
5525,451
5525,469
5525,487
5525,505
5525,522
5525,539
5525,557
5525,574
5525,592
5525,609
5525,627
5525,646
5525,664
5525,683
5525,702
5525,721
5525,739
5525,758
5525,775
5525,792
5525,808
5525,824
5525,84
5525,855
5525,874
5525,892
5525,91
5525,928
5525,947
5525,964
5525,983
5526,002
5526,02
5526,038
5526,056
5526,074
5526,092
5526,11
5526,126
5526,144
5526,161
5526,178
5526,195
5526,213
5526,231
5526,25
5526,267
5526,285
5526,303
5526,32
5526,338
5526,36
5526,378
5526,396
5526,413
5526,431
5526,449
5526,467
5526,485
5526,502
5526,521
5526,54
5526,558
5526,576
5526,594
5526,612
5526,63
5526,648
5526,667
5526,685
5526,703
5526,721
5526,738
5526,757
5526,775
5526,793
5526,812
5526,83
5526,847
5526,866
5526,884
5526,902
5526,92
5526,938
5526,958
5526,977
5526,994
5527,009
5527,028
5527,046
5527,063
5527,081
5527,099
5527,117
5527,134
5527,152
5527,17
5527,189
5527,208
5527,229
5527,247
5527,265
5527,283
5527,3
5527,316
5527,334
5527,352
5527,37
5527,388
5527,407
5527,425
5527,443
5527,46
5527,478
5527,495
5527,51
5527,526
5527,542
5527,559
5527,575
5527,592
5527,61
5527,627
5527,645
5527,662
5527,68
5527,697
5527,715
5527,732
5527,75
5527,768
5527,786
5527,804
5527,821
5527,839
5527,856
5527,874
5527,892
5527,91
5527,928
5527,945
5527,963
5527,982
5528
5528,017
5528,036
5528,054
5528,072
5528,09
5528,108
5528,126
5528,145
5528,162
5528,18
5528,198
5528,215
5528,234
5528,252
5528,27
5528,287
5528,305
5528,321
5528,339
5528,357
5528,375
5528,395
5528,411
5528,426
5528,443
5528,461
5528,478
5528,497
5528,514
5528,531
5528,549
5528,567
5528,583
5528,603
5528,62
5528,638
5528,657
5528,675
5528,692
5528,71
5528,728
5528,746
5528,764
5528,782
5528,799
5528,816
5528,834
5528,851
5528,868
5528,886
5528,904
5528,922
5528,939
5528,958
5528,976
5528,993
5529,011
5529,029
5529,045
5529,063
5529,082
5529,099
5529,117
5529,135
5529,154
5529,172
5529,19
5529,207
5529,223
5529,239
5529,257
5529,274
5529,293
5529,31
5529,328
5529,345
5529,362
5529,379
5529,398
5529,416
5529,433
5529,452
5529,469
5529,487
5529,503
5529,519
5529,535
5529,551
5529,567
5529,583
5529,598
5529,614
5529,633
5529,65
5529,667
5529,685
5529,702
5529,719
5529,734
5529,751
5529,769
5529,788
5529,806
5529,824
5529,842
5529,86
5529,876
5529,895
5529,914
5529,933
5529,952
5529,97
5529,987
5530,007
5530,026
5530,045
5530,063
5530,082
5530,101
5530,12
5530,139
5530,158
5530,178
5530,197
5530,216
5530,235
5530,253
5530,272
5530,291
5530,308
5530,326
5530,344
5530,363
5530,383
5530,401
5530,419
5530,438
5530,456
5530,474
5530,493
5530,511
5530,53
5530,547
5530,566
5530,585
5530,604
5530,623
5530,641
5530,661
5530,68
5530,699
5530,717
5530,735
5530,754
5530,771
5530,79
5530,808
5530,828
5530,846
5530,865
5530,882
5530,901
5530,921
5530,938
5530,957
5530,976
5530,995
5531,013
5531,032
5531,049
5531,067
5531,086
5531,105
5531,124
5531,143
5531,162
5531,179
5531,197
5531,216
5531,233
5531,25
5531,269
5531,287
5531,306
5531,324
5531,341
5531,359
5531,377
5531,396
5531,416
5531,434
5531,452
5531,47
5531,488
5531,506
5531,524
5531,542
5531,56
5531,578
5531,596
5531,613
5531,631
5531,649
5531,667
5531,686
5531,704
5531,719
5531,734
5531,752
5531,771
5531,789
5531,807
5531,824
5531,841
5531,859
5531,877
5531,896
5531,913
5531,931
5531,949
5531,967
5531,984
5532,003
5532,021
5532,039
5532,056
5532,074
5532,093
5532,111
5532,129
5532,146
5532,165
5532,182
5532,198
5532,216
5532,234
5532,252
5532,27
5532,288
5532,305
5532,323
5532,339
5532,356
5532,374
5532,391
5532,41
5532,428
5532,446
5532,463
5532,48
5532,497
5532,515
5532,534
5532,552
5532,57
5532,587
5532,606
5532,624
5532,642
5532,66
5532,678
5532,696
5532,714
5532,732
5532,75
5532,768
5532,788
5532,807
5532,826
5532,843
5532,859
5532,875
5532,892
5532,91
5532,928
5532,949
5532,968
5532,987
5533,004
5533,022
5533,04
5533,057
5533,075
5533,094
5533,113
5533,131
5533,149
5533,167
5533,186
5533,203
5533,221
5533,238
5533,256
5533,276
5533,293
5533,311
5533,331
5533,349
5533,367
5533,386
5533,404
5533,423
5533,441
5533,459
5533,478
5533,496
5533,515
5533,534
5533,552
5533,571
5533,589
5533,607
5533,624
5533,641
5533,658
5533,676
5533,692
5533,708
5533,726
5533,743
5533,761
5533,778
5533,797
5533,815
5533,833
5533,853
5533,87
5533,888
5533,905
5533,923
5533,941
5533,959
5533,977
5533,996
5534,015
5534,034
5534,052
5534,07
5534,09
5534,107
5534,125
5534,144
5534,163
5534,179
5534,197
5534,214
5534,231
5534,249
5534,266
5534,284
5534,303
5534,321
5534,338
5534,355
5534,373
5534,393
5534,413
5534,433
5534,455
5534,48
5534,505
5534,532
5534,549
5534,566
5534,585
5534,603
5534,621
5534,638
5534,656
5534,674
5534,694
5534,713
5534,731
5534,749
5534,766
5534,784
5534,802
5534,82
5534,838
5534,856
5534,875
5534,89
5534,907
5534,925
5534,942
5534,959
5534,978
5534,997
5535,015
5535,036
5535,053
5535,071
5535,088
5535,106
5535,125
5535,144
5535,161
5535,181
5535,199
5535,217
5535,234
5535,253
5535,271
5535,29
5535,308
5535,326
5535,345
5535,363
5535,38
5535,399
5535,417
5535,438
5535,456
5535,476
5535,495
5535,514
5535,534
5535,556
5535,575
5535,594
5535,612
5535,631
5535,65
5535,668
5535,688
5535,705
5535,724
5535,742
5535,761
5535,781
5535,8
5535,819
5535,837
5535,855
5535,874
5535,892
5535,909
5535,928
5535,947
5535,967
5535,986
5536,004
5536,023
5536,041
5536,059
5536,076
5536,097
5536,116
5536,132
5536,152
5536,171
5536,189
