-0,007917464;       0,001918742;      5546,945
0,002617693;       -0,00616474;      5546,97
-0,01726287;       -0,01079125;      5546,988
-0,006564566;       0,003279068;      5547,006
-0,01088891;       0,02214874;      5547,024
-0,03012024;       0,03008309;      5547,043
-0,02584405;       0,01991127;      5547,062
-0,0009619696;       -0,01219755;      5547,081
0,0004392485;       -0,004772662;      5547,099
0,0003790492;       0,01252216;      5547,117
0,0003790492;       0,03328999;      5547,134
0,01138715;       0,04000346;      5547,152
0,01260188;       0,01833699;      5547,169
0,01589266;       0,01897774;      5547,187
0,01709362;       0,003792742;      5547,205
0,007196914;       -0,06996402;      5547,222
-0,02071627;       -0,06716077;      5547,239
-0,03080906;       -0,02747036;      5547,257
-0,03080906;       0,002630358;      5547,273
-0,03866233;       0,0006526257;      5547,291
-0,05605515;       -0,01215813;      5547,308
-0,05912862;       -0,02162821;      5547,325
-0,037026;       0,001112609;      5547,343
0,006676261;       0,003017324;      5547,36
0,005095578;       0,004999763;      5547,378
0,01077041;       -0,01008875;      5547,397
0,01077041;       -0,01211474;      5547,415
-0,009751625;       -0,0192132;      5547,433
-0,02359531;       -0,004607131;      5547,45
-0,03466275;       -0,003354367;      5547,468
-0,01817035;       0,002380385;      5547,487
-0,01650427;       0,006405327;      5547,506
-0,01041174;       0,001093488;      5547,523
0,0002793027;       0,00302371;      5547,542
-0,002250529;       -0,00778191;      5547,561
-0,0221908;       0,009828691;      5547,58
-0,004337665;       0,01986098;      5547,598
-0,004337665;       0,05293619;      5547,616
0,00852868;       0,009475778;      5547,634
-0,01131941;       -0,01364379;      5547,652
-0,01428738;       0,03395201;      5547,67
0,03257282;       0,09313922;      5547,688
0,07156979;       0,1364568;      5547,705
0,02523216;       -0,08915891;      5547,723
0,05275096;       -0,1153782;      5547,74
0,06515309;       0,03506627;      5547,758
0,06515309;       0,07653689;      5547,776
0,06138057;       -0,02467608;      5547,792
0,04863965;       -0,04415257;      5547,81
0,042117;       -0,01826616;      5547,828
0,02078836;       -0,03526261;      5547,846
-0,01081316;       -0,009184045;      5547,867
-0,005026693;       0,01928023;      5547,885
0,1128616;       0,03707956;      5547,904
0,1979145;       -0,007936341;      5547,921
0,1139049;       -0,01781087;      5547,939
0,07371542;       -0,04571187;      5547,957
0,06280752;       -0,01700379;      5547,975
0,06457127;       0,04964066;      5547,994
0,006136952;       0,0263696;      5548,011
0,004759074;       -0,01149286;      5548,029
-0,004118966;       0,01548214;      5548,047
-0,0325531;       0,004251155;      5548,066
-0,06702096;       -0,00649101;      5548,084
-0,07513286;       -0,009618841;      5548,104
-0,07960032;       0,01731409;      5548,122
-0,09195194;       -0,02509738;      5548,141
-0,07753164;       -0,003949178;      5548,16
-0,05812566;       0,01829684;      5548,179
-0,05466247;       -0,03356238;      5548,199
-0,04446479;       -0,0252062;      5548,218
-0,01005593;       0,01238381;      5548,237
0,02049014;       0,03697834;      5548,257
0,02049014;       -0,08573899;      5548,276
0,01967128;       -0,04030387;      5548,296
-0,02233792;       0,03119245;      5548,314
-0,01449325;       0,02021245;      5548,333
-0,01254582;       -0,05915163;      5548,353
-0,0457922;       -0,03596178;      5548,372
-0,07810093;       0,01000833;      5548,392
-0,101033;       0,006429203;      5548,411
-0,1033999;       -0,02091957;      5548,43
-0,1046247;       -0,03793682;      5548,45
-0,1293581;       -0,02651026;      5548,468
-0,166174;       -0,0008419775;      5548,488
-0,1567829;       0,1155527;      5548,509
-0,07078764;       0,071519;      5548,528
-0,01592283;       -0,09170583;      5548,548
0,04391095;       -0,1404838;      5548,566
0,0625738;       0,02134944;      5548,585
0,08633702;       0,07444836;      5548,603
0,1330261;       0,0121727;      5548,619
0,1279853;       -0,03039478;      5548,64
0,1053867;       -0,01558841;      5548,66
0,08512547;       -0,03127734;      5548,68
0,05533612;       -0,01175951;      5548,698
0,04926072;       0,01180938;      5548,718
0,03221316;       0,02490336;      5548,738
-0,01865177;       -0,02694566;      5548,758
-0,06521701;       -0,041929;      5548,776
-0,06521701;       -0,01680085;      5548,796
-0,07582428;       0,005569204;      5548,817
-0,08395749;       0,001654979;      5548,836
-0,1100726;       -0,038468;      5548,856
-0,1100726;       0,01526266;      5548,876
-0,09171451;       0,03595706;      5548,895
-0,07083426;       0,03464896;      5548,913
-0,06123645;       0,0153773;      5548,931
-0,0500233;       0,02040884;      5548,95
-0,03709541;       0,01651965;      5548,97
-0,03470401;       -0,01074407;      5548,989
-0,04460419;       0,01413053;      5549,009
-0,04147549;       0,04006209;      5549,027
-0,02466623;       -0,0149501;      5549,045
-0,03615832;       0,01736844;      5549,064
-0,03109118;       -0,003825723;      5549,084
-0,03315663;       -0,04211324;      5549,103
-0,03991254;       0,0001630795;      5549,122
-0,03710773;       0,009272296;      5549,142
-0,04604481;       -0,02311161;      5549,16
-0,03803322;       -0,01746281;      5549,18
-0,02988998;       0,00337252;      5549,198
-0,04029107;       -0,0181007;      5549,223
-0,02974294;       -0,02623487;      5549,241
-0,02367702;       0,03422708;      5549,259
-0,02889105;       0,06610572;      5549,278
-0,01254566;       0,008511784;      5549,296
-0,01240127;       -0,03146299;      5549,317
-0,02261904;       -0,02876505;      5549,335
-0,01833159;       -0,02569456;      5549,354
-0,01159065;       0,02915189;      5549,372
-0,005886147;       0,0489037;      5549,39
-0,008060444;       -0,0214795;      5549,408
-0,01527199;       -0,03171162;      5549,427
-0,01157215;       0,007115605;      5549,447
-0,005670778;       0,0180462;      5549,468
-0,007548666;       0,0225458;      5549,487
-0,0131393;       0,01574305;      5549,505
-0,01770635;       0,04150112;      5549,525
-0,01299203;       0,001962093;      5549,543
-0,01417454;       0,01460358;      5549,562
-7,574679E-05;       0,01923842;      5549,581
-0,01533099;       0,02688793;      5549,602
-0,02573388;       -0,01729711;      5549,62
-0,02145888;       -0,01934511;      5549,638
-0,008205507;       -0,008084606;      5549,657
-0,008205507;       -0,01289314;      5549,675
-0,01528838;       -0,03315905;      5549,694
-0,02104592;       -0,01781097;      5549,711
-0,00220098;       0,01929292;      5549,729
0,001542163;       0,005034795;      5549,749
-0,01129902;       0,005034795;      5549,768
-0,0128783;       -0,02516443;      5549,786
-0,006401171;       -0,01195567;      5549,806
-0,003104723;       0,00429577;      5549,824
-0,01758049;       -0,01261892;      5549,842
-0,01925557;       -0,01697668;      5549,861
-0,01477226;       -0,006769853;      5549,879
-0,01477226;       -0,004105723;      5549,898
-0,0188217;       0,001816865;      5549,915
-0,01436563;       -0,0188775;      5549,935
-0,02529529;       -0,04052705;      5549,953
-0,01474671;       -0,01266936;      5549,97
-0,02424571;       -0,02496426;      5549,989
-0,02222265;       -0,03534923;      5550,007
-0,03571879;       -0,03673753;      5550,026
-0,03141517;       -0,01787097;      5550,046
-0,04164938;       -0,004132019;      5550,064
-0,05401001;       0,02074163;      5550,081
-0,06274547;       0,02506268;      5550,101
-0,07981867;       0,02670856;      5550,12
-0,08769166;       0,02309191;      5550,138
-0,09778582;       0,06022797;      5550,156
-0,09778582;       0,1620613;      5550,173
-0,09984973;       0,07307972;      5550,191
-0,1094223;       -0,05522979;      5550,209
-0,1239716;       -0,035012;      5550,226
-0,1331141;       0,05396052;      5550,244
-0,1386416;       0,09369446;      5550,264
-0,1177278;       -0,04516914;      5550,281
-0,136542;       -0,07709497;      5550,298
-0,136542;       -0,07941849;      5550,315
-0,1169602;       0,02606958;      5550,334
-0,08334812;       -0,0664238;      5550,353
-0,1170457;       -0,1069724;      5550,371
-0,1684526;       -0,04320114;      5550,389
-0,1985496;       0,06122053;      5550,407
-0,1488722;       0,1756696;      5550,424
-0,07070433;       -0,03727452;      5550,442
0,1741475;       -0,167835;      5550,461
0,1230336;       -0,12828;      5550,478
-0,01598154;       -0,01387689;      5550,496
-0,01598154;       0,08410397;      5550,516
0,03179919;       -0,05433362;      5550,534
0,07480808;       -0,0416486;      5550,552
0,003866754;       0,00583264;      5550,57
-0,04239366;       -0,007578433;      5550,588
-0,01764945;       0,02833797;      5550,606
0,02226217;       -0,0335237;      5550,625
0,0835018;       -0,01652048;      5550,642
0,1769583;       0,02277222;      5550,658
0,3180039;       0,03015842;      5550,676
0,3180039;       0,03276153;      5550,694
0,4380604;       -0,008407312;      5550,712
0,4075361;       -0,02992122;      5550,729
0,2782999;       -0,02346338;      5550,747
0,1054611;       -0,003840805;      5550,766
-0,01466294;       0,001258427;      5550,783
-0,1464933;       -0,01473476;      5550,801
-0,2025578;       -0,01284928;      5550,818
-0,1801721;       0,005372529;      5550,835
-0,1801721;       0,008091919;      5550,854
-0,08999038;       0,02418481;      5550,871
-0,02046994;       0,03122269;      5550,889
0,03576221;       0,02808768;      5550,907
0,05389983;       0,00207386;      5550,924
0,08350869;       -0,006740896;      5550,939
0,08953977;       -0,001920991;      5550,957
0,08953977;       -0,006372579;      5550,974
0,05179473;       0,0004024298;      5550,992
-0,001460288;       0,006339737;      5551,008
-0,03510907;       0,003395042;      5551,026
-0,04537062;       0,01843099;      5551,044
-0,03322069;       -0,001553067;      5551,062
-0,009633074;       -0,003560958;      5551,079
-0,006450924;       0,007540969;      5551,096
-0,006450924;       -0,006483206;      5551,112
0,001468544;       -0,003773938;      5551,129
0,01365836;       0,002222299;      5551,146
-0,001868048;       -0,006076162;      5551,166
0,001048716;       -0,01649017;      5551,182
-0,009378331;       -0,004769815;      5551,198
-0,009378331;       0,001707235;      5551,215
-0,02118037;       0,009138156;      5551,23
-0,01781636;       0,01102169;      5551,247
-0,01702883;       0,004145823;      5551,263
-0,01780384;       0,002130522;      5551,28
-0,003359212;       -0,002845793;      5551,296
-0,003359212;       -0,001196565;      5551,313
-0,009422655;       -0,01980761;      5551,331
-0,004691658;       -0,01765986;      5551,347
-0,005993882;       -0,01012842;      5551,365
-0,01601302;       -0,005789459;      5551,383
-0,01603955;       0,00756585;      5551,401
-0,0106861;       0,01464661;      5551,42
-0,01406094;       0,007364475;      5551,438
-0,01406094;       0,01440176;      5551,456
-0,01676818;       0,009600399;      5551,475
-0,001901888;       0,005691931;      5551,494
-0,005688878;       0,001354206;      5551,513
-0,01719117;       -0,005046966;      5551,531
-0,01669484;       -0,000859977;      5551,548
-0,009862463;       0,0103456;      5551,566
-0,01037111;       0,0005952312;      5551,585
-0,007327851;       -0,003612527;      5551,604
-0,005357553;       0,003187619;      5551,622
-0,007768959;       -0,005788755;      5551,641
-0,0101747;       -0,006280434;      5551,658
-0,009070456;       -0,003154657;      5551,677
-0,01238353;       -0,001727779;      5551,697
-0,01238353;       -0,0078549;      5551,714
-0,01257694;       -0,006520274;      5551,73
-0,01896188;       0,003675689;      5551,749
-0,009341604;       -0,0004777699;      5551,766
-0,007154167;       0,001097217;      5551,784
-0,008577008;       0,002813683;      5551,803
-0,007512274;       0,003943381;      5551,821
-0,01299512;       0,0006283247;      5551,84
-0,01299512;       -0,005841454;      5551,856
-0,01098114;       -0,00204336;      5551,875
-0,01622514;       0,0094789;      5551,892
-0,009334886;       0,05955796;      5551,909
0,02384757;       0,01743437;      5551,928
0,01316376;       -0,01029928;      5551,946
0,01967234;       -0,03214554;      5551,964
0,01367974;       0,02472318;      5551,982
0,03047405;       0,09724355;      5552,001
0,05113915;       0,04677082;      5552,018
0,03633774;       -0,0372651;      5552,038
0,03633774;       -0,047272;      5552,056
0,0778496;       0,09537522;      5552,073
0,09921459;       -0,03047756;      5552,09
0,1285679;       -0,1341863;      5552,109
0,09866039;       -0,1154759;      5552,127
0,12295;       0,05760756;      5552,146
0,1234793;       0,00393897;      5552,163
0,1079616;       -0,04153815;      5552,181
0,09883136;       0,01855835;      5552,201
0,08874267;       0,01023081;      5552,219
0,09254507;       0,01224631;      5552,236
0,0496892;       0,0007533386;      5552,258
0,0496892;       -0,007797372;      5552,274
0,03494761;       -0,01166833;      5552,291
0,0424582;       -0,004360602;      5552,309
0,01216898;       -0,00676322;      5552,325
-0,03904995;       -0,01394171;      5552,341
-0,05191955;       -0,01057568;      5552,358
-0,05191955;       0,02751408;      5552,375
-0,04334615;       -0,03313937;      5552,391
-0,05805619;       -0,04864427;      5552,409
-0,1114068;       -0,01358516;      5552,424
-0,1124507;       0,006511913;      5552,442
-0,09830666;       0,0119779;      5552,458
-0,09830666;       -0,01474245;      5552,475
-0,1106531;       -0,005211418;      5552,494
-0,1046312;       0,002311718;      5552,511
-0,1037945;       0,003891502;      5552,527
-0,08029988;       0,01541422;      5552,543
-0,08669899;       -0,02747427;      5552,562
-0,08586848;       0,02141584;      5552,58
-0,07162854;       0,04365231;      5552,599
-0,07162854;       -0,006800286;      5552,615
-0,06844445;       -0,01855796;      5552,634
-0,05795778;       0,002665665;      5552,651
-0,0529971;       0,01234373;      5552,669
-0,05538613;       -0,01396003;      5552,688
-0,04782705;       -0,01677729;      5552,705
-0,05525529;       0,01068037;      5552,723
-0,04760332;       0,01200176;      5552,742
-0,04239416;       -0,01765234;      5552,76
-0,0423209;       -0,02846016;      5552,778
-0,0423209;       0,005182927;      5552,795
-0,03934736;       -0,001839508;      5552,812
-0,04449787;       0,0006043983;      5552,829
-0,03804808;       -0,01461266;      5552,847
-0,0399555;       -0,01687996;      5552,864
-0,01992506;       0,07302254;      5552,882
-0,01769199;       0,05996269;      5552,898
-0,01769199;       -0,04245757;      5552,916
-0,02571143;       -0,04484666;      5552,934
-0,02225382;       0,01155288;      5552,951
-0,006910689;       0,03250016;      5552,966
-0,009395361;       -0,007211084;      5552,982
-0,01580175;       -0,01764531;      5552,999
-0,01454253;       -0,02156772;      5553,016
-0,01454253;       0,01235289;      5553,034
-0,01109168;       0,01568702;      5553,051
-0,0163789;       -0,004946213;      5553,068
-0,01905789;       -0,0121544;      5553,085
-0,01591564;       0,00519036;      5553,103
-0,01320266;       0,008531712;      5553,12
-0,01320266;       0,01668428;      5553,137
-0,003199358;       -0,02488728;      5553,155
-0,01623571;       0,001823465;      5553,173
-0,007520348;       -0,02820999;      5553,19
-0,008892676;       -0,03725224;      5553,209
-0,02697115;       -0,02148346;      5553,228
-0,03271167;       -0,01644831;      5553,246
-0,03047211;       0,01408954;      5553,265
-0,02267424;       0,05477291;      5553,284
-0,03810641;       -0,009725651;      5553,302
-0,02046421;       -0,005951271;      5553,32
-0,01302677;       0,01048769;      5553,337
-0,01302677;       0,0507151;      5553,355
-0,02050763;       -0,02044866;      5553,373
-0,01187559;       -0,03322149;      5553,391
-0,01505272;       -0,01836336;      5553,41
-0,01429506;       -0,005410354;      5553,429
-0,01103934;       -0,01579911;      5553,448
-0,02393158;       -0,02171173;      5553,467
-0,02518891;       -0,008216614;      5553,485
-0,02472347;       0,007856079;      5553,504
-0,01766412;       0,005120027;      5553,522
-0,01936065;       0,02101903;      5553,54
-0,01378874;       0,03453496;      5553,558
-0,01378874;       -0,01223029;      5553,575
-0,01693913;       -0,009013808;      5553,592
-0,01019478;       0,02444067;      5553,609
-0,002899434;       0,01442303;      5553,627
-0,006693321;       -0,01518601;      5553,646
-0,005851199;       -0,02528623;      5553,662
-0,01261924;       0,01259026;      5553,678
-0,01157703;       0,004358516;      5553,697
-0,01157703;       -0,01624755;      5553,716
-0,008992454;       0,004419299;      5553,733
-0,01848788;       0,005019106;      5553,751
-0,01236551;       -0,01518094;      5553,768
-0,01635765;       -0,01287755;      5553,787
-0,009377053;       0,00593683;      5553,804
-0,0176744;       0,01400292;      5553,821
-0,01254908;       -0,01162472;      5553,839
-0,01071599;       -0,01022736;      5553,858
-0,01071599;       0,002643396;      5553,875
-0,01989987;       0,01007622;      5553,892
-0,005698692;       0,007295502;      5553,909
-0,01367337;       0,006955408;      5553,927
-0,01367337;       0,006955408;      5553,944
-0,01163767;       0,0007921825;      5553,962
-0,009570066;       0,01280323;      5553,981
-0,01500114;       0,005545921;      5553,998
-0,02583912;       -0,005417336;      5554,017
-0,02583912;       -0,008287833;      5554,036
-0,02798945;       0,002638998;      5554,054
-0,02284321;       0,001858653;      5554,073
-0,01088306;       -0,005090745;      5554,091
-0,01274403;       -0,005335434;      5554,108
-0,002157774;       -0,01205043;      5554,126
-0,0104944;       -0,01503353;      5554,143
-0,01229732;       -0,001704806;      5554,161
-0,007048625;       0,007397978;      5554,178
-0,007048625;       -0,01917088;      5554,195
-0,01372626;       -0,005185696;      5554,212
-0,02153912;       0,01312559;      5554,231
-0,003799191;       0,01380346;      5554,246
-0,01730539;       6,360933E-05;      5554,264
-0,01777182;       -0,001040625;      5554,284
-0,01824946;       0,001476926;      5554,302
-0,02349204;       -0,006355211;      5554,319
-0,02349204;       0,001112199;      5554,337
-0,01123728;       -0,005848605;      5554,354
-0,01838994;       -0,004321584;      5554,373
-0,01181957;       -0,01365532;      5554,391
-0,01009082;       0,001896447;      5554,409
-0,01196901;       0,006365609;      5554,426
-0,009534527;       0,005019228;      5554,444
-0,005251187;       -0,00733947;      5554,46
-0,01530883;       -0,005949897;      5554,478
-0,01530883;       -0,01074501;      5554,495
-0,0140838;       -0,003153902;      5554,513
-0,008937789;       -0,00572553;      5554,529
-0,01136146;       -0,004613257;      5554,547
-0,009738379;       -0,005545354;      5554,565
-0,02376012;       -0,008853746;      5554,584
-0,01412086;       -0,006225449;      5554,602
-0,01340479;       0,01126053;      5554,62
-0,01966509;       0,01512251;      5554,637
-0,01966509;       0,01106668;      5554,656
-0,02057897;       0,003296513;      5554,672
-0,01547601;       0,02086387;      5554,689
-0,009356346;       0,02613686;      5554,707
-0,01121815;       -0,01003192;      5554,725
-0,01346488;       -0,01461882;      5554,744
-0,0128888;       -0,01543885;      5554,763
-0,0177883;       -0,02533049;      5554,78
-0,01893498;       -0,01471135;      5554,798
-0,01893498;       0,005501069;      5554,815
-0,01601674;       0,01489767;      5554,834
-0,01436277;       0,00536156;      5554,852
-0,0128583;       -0,0003840756;      5554,87
-0,0006190895;       -0,009425827;      5554,888
-0,0008531676;       0,009727776;      5554,905
-0,01367055;       0,0003710333;      5554,923
-0,01496702;       -0,0168364;      5554,94
-0,01496702;       -0,01081412;      5554,956
-0,0125697;       -0,02549027;      5554,972
-0,008647512;       -0,0252436;      5554,989
-0,008771936;       -0,01077792;      5555,006
-0,01508702;       0,00148931;      5555,024
-0,01716894;       0,009438141;      5555,042
-0,02992938;       0,008143225;      5555,059
-0,02555012;       0,01135003;      5555,076
-0,02555012;       0,01657745;      5555,093
-0,02150521;       0,003156118;      5555,11
-0,02917169;       0,001399081;      5555,128
-0,01591869;       0,001424126;      5555,146
-0,01129398;       0,001403483;      5555,163
-0,01138577;       -0,008182707;      5555,178
-0,008002617;       -0,01013393;      5555,195
-0,01153574;       -0,01402759;      5555,211
-0,004006041;       -0,005964445;      5555,228
-0,006248822;       0,00159477;      5555,245
-0,01259198;       -0,009055705;      5555,261
-0,009202212;       -0,01373724;      5555,279
-0,005887059;       -0,003010682;      5555,295
-0,0003560639;       0,0003773473;      5555,312
-0,01125089;       -0,006360082;      5555,329
-0,01540855;       -0,001040588;      5555,347
-0,01270162;       -0,01540188;      5555,366
-0,01010775;       -0,002693531;      5555,384
-0,01432987;       0,002571332;      5555,402
-0,01308921;       -0,003881657;      5555,42
-0,02012458;       -0,00118406;      5555,437
-0,02012458;       0,007802842;      5555,454
-0,01425367;       -0,002568823;      5555,472
-0,01395488;       -0,0001470382;      5555,488
-0,01311805;       -0,00174951;      5555,506
-0,01148854;       -0,006922835;      5555,524
-0,01862339;       -0,005421536;      5555,542
-0,01862339;       -0,007920143;      5555,559
-0,008258922;       0,00555239;      5555,577
-0,008258922;       0,006363225;      5555,594
-0,01573073;       -0,01232282;      5555,612
-0,01267002;       -0,01443895;      5555,629
-0,01161121;       0,004544886;      5555,646
-0,02052975;       0,007285116;      5555,664
-0,01699467;       0,002632447;      5555,682
-0,01361358;       -0,002527272;      5555,699
-0,01361358;       -0,002934169;      5555,716
-0,01537979;       -0,005029636;      5555,733
-0,01167384;       -0,002261902;      5555,75
-0,002561777;       -0,004582501;      5555,768
-0,01459076;       -0,007511878;      5555,783
-0,0120344;       -0,0002548815;      5555,801
-0,007808076;       -0,01045193;      5555,82
-0,004523969;       -0,008945798;      5555,837
-0,004523969;       0,004534136;      5555,856
-0,01449444;       0,001240342;      5555,875
-0,009428198;       0,001456637;      5555,893
-0,01676795;       -0,002282546;      5555,91
-0,01421698;       -0,002751009;      5555,927
-0,01376822;       0,0006119987;      5555,944
-0,01510123;       -0,001291194;      5555,962
-0,01810964;       0,001963082;      5555,98
-0,01688341;       -0,0006385506;      5555,997
-0,01688341;       0,003466712;      5556,015
-0,01435505;       0,001332488;      5556,034
-0,01265923;       0,0105362;      5556,051
-0,01850485;       -0,00679739;      5556,069
-0,01743719;       -0,01220454;      5556,087
-0,009749908;       -0,008742089;      5556,104
-0,009935961;       -0,01173404;      5556,123
-0,01081529;       0,005210484;      5556,14
-0,009946863;       0,003012464;      5556,157
-0,009946863;       -0,01247578;      5556,174
-0,01968819;       -0,008142624;      5556,191
-0,01438323;       0,005687699;      5556,207
-0,01760441;       -0,003968755;      5556,225
-0,01387754;       0,01118943;      5556,243
-0,017398;       -0,00136225;      5556,261
-0,017398;       0,002828616;      5556,278
-0,02097961;       0,004828372;      5556,296
-0,01513605;       -0,002338734;      5556,313
-0,01595411;       -0,01178627;      5556,33
-0,01745042;       -0,003102728;      5556,349
-0,01511101;       0,002184619;      5556,368
-0,003928233;       0,0061607;      5556,385
-0,01495868;       0,0004085686;      5556,403
-0,01797917;       0,0008419361;      5556,42
-0,01361265;       -0,01156605;      5556,438
-0,01641379;       -0,01209915;      5556,457
-0,01641379;       -0,0123104;      5556,474
-0,01451342;       -0,01355517;      5556,492
-0,01537533;       0,01241973;      5556,51
-0,01968479;       0,01690017;      5556,528
-0,02001202;       0,009023704;      5556,545
-0,01812588;       -0,006506354;      5556,563
-0,0190209;       -0,0002275007;      5556,581
-0,01093137;       0,0001566219;      5556,599
-0,004675742;       0,00345759;      5556,699
0,004378854;       -0,03000962;      5556,714
-0,004289181;       -0,02410023;      5556,728
-0,004289181;       -0,01104793;      5556,744
-0,006492815;       0,002925884;      5556,759
-0,008735951;       0,01029171;      5556,776
-0,008676063;       -0,005665835;      5556,789
-0,01099473;       -0,006832954;      5556,813
-0,0176268;       0,004928721;      5556,83
-0,0183281;       0,0008428313;      5556,847
-0,0183281;       -0,001000002;      5556,865
-0,01115896;       0,01716918;      5556,883
-0,007050506;       0,02015809;      5556,901
-0,0137935;       -0,01276382;      5556,918
-0,01224108;       0,001670304;      5556,936
-0,01236392;       0,01104304;      5556,953
0,0005144;       -0,01291823;      5556,97
-0,003894775;       -0,02246495;      5556,987
-0,003894775;       -0,001474139;      5557,003
-0,007754026;       -0,007366654;      5557,021
-0,006678118;       -0,0003354307;      5557,037
0,002101577;       -0,01755852;      5557,057
-0,01238597;       -0,01329519;      5557,075
-0,01750967;       0,003835048;      5557,093
-0,01885462;       -0,005033483;      5557,113
-0,0135812;       -0,01785246;      5557,13
-0,02026809;       -0,0004946935;      5557,15
-0,0236911;       0,01483487;      5557,167
-0,0236911;       -0,007884623;      5557,185
-0,02928169;       -0,003812876;      5557,204
-0,02717676;       -0,003562862;      5557,223
-0,01645826;       0,002491476;      5557,24
-0,02749535;       -0,00644827;      5557,258
-0,02375711;       -0,01438467;      5557,275
-0,02161842;       -0,01245658;      5557,293
-0,0268425;       0,001931303;      5557,311
-0,02467695;       0,01121397;      5557,33
-0,02055609;       -0,008586178;      5557,347
-0,02055609;       -0,02027615;      5557,364
-0,01936483;       -0,0218661;      5557,383
-0,02204195;       0,002502598;      5557,4
-0,01332085;       0,01313779;      5557,417
-0,01202508;       0,00394989;      5557,434
-0,01468269;       -0,002211938;      5557,451
-0,0151397;       -0,003079743;      5557,468
-0,0151397;       -0,001253558;      5557,485
-0,01982118;       0,02402405;      5557,503
-0,009315041;       0,01624927;      5557,521
-0,01120873;       -0,01813183;      5557,539
-0,01473746;       -0,01764093;      5557,557
-0,01047948;       0,009334445;      5557,574
-0,01047948;       0,009824734;      5557,591
-0,007129722;       -0,003712079;      5557,609
-0,01046042;       -0,004354868;      5557,628
-0,01046042;       -0,0004317585;      5557,646
-0,01154969;       -0,01193061;      5557,665
-0,001103506;       -0,007361953;      5557,682
-0,0135294;       0,0006193797;      5557,7
-0,01034027;       -0,006904351;      5557,718
-0,006687286;       -0,009199999;      5557,735
-0,01177921;       0,006209651;      5557,752
-0,01018931;       0,0005764578;      5557,771
-0,01129608;       -0,01090879;      5557,788
-0,01129608;       -0,001676713;      5557,805
-0,01641433;       0,005895795;      5557,823
-0,008028236;       0,00724883;      5557,84
-0,01337133;       0,002106158;      5557,857
-0,01223942;       -0,0007458081;      5557,874
-0,0211776;       0,0009682891;      5557,892
-0,01699623;       -0,005469809;      5557,909
-0,008205866;       -0,0005066089;      5557,927
-0,008205866;       0,002325324;      5557,944
-0,0194563;       0,004076462;      5557,962
-0,01149322;       -0,007049449;      5557,98
-0,009821124;       -0,0003758093;      5557,998
-0,01178832;       0,003917263;      5558,017
-0,01837615;       -0,002938951;      5558,036
-0,008935346;       -0,007162873;      5558,053
-0,008858956;       -0,006386069;      5558,072
-0,00881374;       0,01258736;      5558,09
-0,01384609;       -0,01171491;      5558,108
-0,01384609;       -0,01219154;      5558,125
-0,01972078;       -0,01192842;      5558,144
-0,0108249;       -0,01555042;      5558,162
-0,01168263;       0,008435146;      5558,18
-0,0096923;       0,003117422;      5558,198
-0,01011948;       -0,00858119;      5558,216
-0,01560026;       -0,01277298;      5558,234
-0,005238294;       0,02417956;      5558,252
-0,01055825;       -0,008739471;      5558,27
-0,008883609;       -0,005296798;      5558,288
-0,005417169;       0,007566211;      5558,306
-0,006376653;       0,008848711;      5558,324
-0,01969838;       -0,005746728;      5558,341
-0,004747532;       -0,005209273;      5558,359
-0,009273634;       -0,01286029;      5558,377
-0,01161919;       -0,01018038;      5558,393
-0,0125046;       0,0009433882;      5558,41
-0,009818112;       0,01190773;      5558,43
-0,008634147;       -0,003541661;      5558,448
-0,01222604;       -0,01394523;      5558,466
-0,01222604;       -0,0005083981;      5558,483
-0,01046743;       0,009151039;      5558,501
-0,01048813;       0,0102161;      5558,517
-0,01553098;       -0,01484555;      5558,536
-0,01614044;       0,0006824964;      5558,554
-0,00288318;       0,002328645;      5558,571
-0,01884535;       0,004883585;      5558,589
-0,01219853;       0,001373169;      5558,606
-0,01219853;       0,0006776708;      5558,625
-0,01579775;       -0,006731014;      5558,641
-0,01466455;       -0,01295478;      5558,657
-0,01466455;       -0,002281357;      5558,67
-0,01284118;       0,004360257;      5558,687
-0,01532606;       0,006858787;      5558,706
-0,01532606;       -0,006294874;      5558,721
-0,007698753;       0,000785645;      5558,737
-0,008496554;       0,002846567;      5558,752
-0,01527608;       0,01391807;      5558,771
-0,02133137;       -0,003341848;      5558,79
-0,01399196;       0,005298132;      5558,808
-0,01016263;       0,01758487;      5558,825
-0,01016263;       0,004711113;      5558,843
-0,009111968;       0,002615563;      5558,86
-0,01149802;       0,01493845;      5558,877
-0,01076735;       -0,02741762;      5558,894
-0,008487987;       -0,0302041;      5558,91
-0,00845781;       -0,02599831;      5558,925
-0,00845781;       -0,0305227;      5558,942
-0,02193976;       -0,02107543;      5558,959
-0,01051422;       -0,008620167;      5558,976
-0,008619635;       -0,00147045;      5558,992
-0,01726894;       -0,004385935;      5559,009
-0,01726894;       -0,00606998;      5559,024
-0,0119431;       0,02322816;      5559,042
-0,01454949;       0,008074071;      5559,059
-0,01746805;       0,01469538;      5559,077
-0,01155648;       0,001632868;      5559,094
-0,01444175;       -0,003427952;      5559,112
-0,003650976;       0,005922243;      5559,13
-0,01320656;       0,006968332;      5559,147
-0,01320656;       0,001203161;      5559,165
-0,01755868;       -0,01439285;      5559,183
-0,003862664;       -0,01310664;      5559,199
-0,009540423;       -0,005059017;      5559,218
-0,01254665;       -0,006179626;      5559,235
-0,01824095;       -0,007978709;      5559,253
-0,0157553;       -0,01666836;      5559,273
-0,01146236;       -0,005294359;      5559,292
-0,0176413;       -0,01404817;      5559,311
-0,006659172;       -0,003312083;      5559,328
-0,006659172;       0,02718628;      5559,344
-0,009377262;       0,001226538;      5559,362
-0,01734506;       -0,01927201;      5559,381
-0,0193939;       -0,005968044;      5559,399
-0,01352325;       0,01091641;      5559,417
-0,005256347;       0,03219147;      5559,436
-0,01577338;       0,01583422;      5559,453
-0,01915769;       -0,002468019;      5559,471
-0,009140162;       -0,006596711;      5559,489
-0,007739694;       -0,004831262;      5559,508
-0,007739694;       -0,00728277;      5559,524
-0,009777361;       -0,0043148;      5559,542
-0,01174541;       -0,01574579;      5559,56
-0,007381554;       -0,0120355;      5559,577
-0,01390019;       0,005154051;      5559,593
-0,009916407;       -0,009134718;      5559,613
-0,004432984;       -0,01453817;      5559,631
-0,007073821;       -0,01880448;      5559,65
-0,01602782;       -0,009673535;      5559,667
-0,01602782;       -0,02457125;      5559,685
-0,01614983;       -0,0002962326;      5559,702
-0,01836306;       -0,002748749;      5559,718
-0,0168886;       -0,005840294;      5559,735
-0,02243804;       -0,01197179;      5559,753
-0,02241241;       -0,004435823;      5559,771
-0,02653213;       0,07369012;      5559,789
-0,02653213;       0,0635351;      5559,805
-0,02412077;       -0,02284911;      5559,824
-0,0273248;       -0,01485541;      5559,843
-0,02462032;       0,01884532;      5559,861
-0,0248867;       0,04849827;      5559,877
-0,02254414;       0,02723222;      5559,896
-0,02549175;       -0,0155844;      5559,914
-0,01648775;       0,006082041;      5559,931
-0,02250706;       0,004199464;      5559,949
-0,01446334;       0,02200603;      5559,967
-0,01446334;       -0,006798306;      5559,984
-0,01030681;       -0,0189782;      5560
-0,006706413;       -0,01044046;      5560,018
0,0001771115;       0,01449068;      5560,036
0,005529073;       0,001329621;      5560,054
0,001816015;       -0,03035537;      5560,07
0,007020334;       -0,01742787;      5560,089
0,008954983;       0,02213105;      5560,108
0,01170352;       0,01579864;      5560,127
0,01170352;       -0,02276158;      5560,146
0,00943362;       -0,008585124;      5560,166
0,002210408;       -0,002760172;      5560,187
0,002210408;       -0,01123469;      5560,204
0,002822635;       -0,0008512734;      5560,222
-0,002976066;       -0,01156879;      5560,24
-0,007748418;       -0,0008716662;      5560,258
-0,01184336;       0,0002801897;      5560,276
-0,02371958;       0,001329278;      5560,297
-0,01953795;       -0,008980519;      5560,316
-0,0268431;       -0,005582611;      5560,334
-0,02347175;       -0,0001715494;      5560,354
-0,0180385;       0,007353575;      5560,374
-0,02287122;       -0,002344352;      5560,392
-0,01993338;       0,01373334;      5560,41
-0,02176479;       0,009650243;      5560,428
-0,02176479;       -0,008339677;      5560,446
-0,0207044;       -0,01702255;      5560,463
-0,01443183;       0,004158539;      5560,482
-0,01568714;       0,01554173;      5560,5
-0,01264371;       -0,009893061;      5560,519
-0,00290321;       -0,01364949;      5560,537
-0,01217563;       -0,0008675471;      5560,554
-0,0006511231;       0,01810594;      5560,577
-0,009625319;       -0,007846434;      5560,594
-0,01013009;       -0,002635596;      5560,612
-0,006151725;       -0,007144076;      5560,628
-0,006151725;       0,001874685;      5560,646
-0,01277288;       -0,01210102;      5560,663
-0,01380993;       -0,007941103;      5560,68
-0,01919581;       -0,00358567;      5560,698
-0,005628801;       -0,001823629;      5560,716
-0,01991029;       -0,01250716;      5560,733
-0,02144075;       0,002814269;      5560,75
-0,007224262;       0,01908316;      5560,767
-0,007224262;       -0,007377016;      5560,783
-0,01957543;       -0,02095154;      5560,8
-0,01595997;       0,002000216;      5560,817
-0,02270172;       0,01576386;      5560,834
-0,01374679;       0,01655631;      5560,852
-0,02055076;       0,006371051;      5560,867
-0,02055076;       0,007321032;      5560,883
-0,01288217;       -0,0189586;      5560,9
-0,004204739;       -0,02486325;      5560,917
-0,01332729;       -0,006449686;      5560,933
-0,0131847;       -0,0008597099;      5560,95
-0,01613226;       0,02353248;      5560,966
-0,01613226;       0,02406834;      5560,981
-0,004608647;       0,002384763;      5560,996
-0,01551489;       -0,01247945;      5561,013
-0,01273558;       -0,003147524;      5561,03
-0,0136601;       0,001222404;      5561,046
-0,00806695;       0,002893437;      5561,065
-0,00806695;       0,0003329872;      5561,083
-0,02021939;       -0,01167179;      5561,1
-0,009936097;       -0,004758044;      5561,117
-0,01611122;       -0,002221108;      5561,134
-0,01021328;       -0,001852858;      5561,151
-0,006854546;       -0,001010515;      5561,171
-0,01390634;       -0,002936177;      5561,19
-0,01921648;       0,001564971;      5561,207
-0,01921648;       -0,005889693;      5561,224
-0,019866;       -0,01103895;      5561,242
-0,01197387;       0,0003896123;      5561,26
-0,01856215;       0,002398025;      5561,277
-0,02314413;       0,005133314;      5561,294
-0,01642727;       -0,01061118;      5561,312
-0,01871468;       -0,008649874;      5561,328
-0,01657144;       -0,01244204;      5561,347
-0,01657144;       -0,002828836;      5561,364
-0,02096684;       0,0005407641;      5561,383
-0,01208389;       -0,01397209;      5561,401
-0,00999016;       -0,001808494;      5561,42
-0,01270459;       0,01320766;      5561,438
-0,01366466;       0,01083568;      5561,456
-0,01117956;       -0,0046828;      5561,474
-0,008730398;       -0,01372153;      5561,492
-0,01498714;       0,00594781;      5561,512
-0,009738932;       -0,004060583;      5561,529
-0,008373179;       -0,00728724;      5561,547
-0,008373179;       0,001492111;      5561,564
-0,01333468;       -0,007522114;      5561,581
-0,01486051;       0,005431762;      5561,599
-0,007306062;       -0,006277432;      5561,617
-0,01006106;       -0,009773013;      5561,633
-0,01635871;       0,00417916;      5561,651
-0,01481647;       -0,008427864;      5561,669
-0,01481647;       -0,00729381;      5561,687
-0,01741808;       0,009140204;      5561,703
-0,01868504;       0,001644824;      5561,721
-0,01381336;       -0,01202835;      5561,738
-0,01773258;       -0,004194729;      5561,755
-0,01322927;       -0,005044962;      5561,772
-0,0139994;       -0,001175524;      5561,789
-0,01292286;       0,004587162;      5561,807
-0,01380141;       0,001621702;      5561,826
-0,01380141;       -0,006994612;      5561,844
-0,008311866;       -0,003717531;      5561,862
-0,009651603;       -0,005594149;      5561,881
-0,008834764;       -0,0002402931;      5561,899
-0,01317443;       0,0023091;      5561,918
-0,01429039;       -0,002879032;      5561,936
-0,008450765;       0,002202407;      5561,954
-0,01631186;       -0,007429129;      5561,971
-0,0167032;       0,007056307;      5561,989
-0,01682774;       0,003309977;      5562,006
-0,01682774;       -0,009347893;      5562,025
-0,01306398;       -0,001683472;      5562,043
-0,00984876;       0,0009970535;      5562,061
-0,01491695;       0,008018636;      5562,08
-0,006479048;       0,008430716;      5562,097
-0,0127089;       -0,005362248;      5562,116
-0,0101911;       -0,009446685;      5562,135
-0,01256045;       -4,906891E-05;      5562,151
-0,01719112;       -0,006066071;      5562,17
-0,01612343;       -0,004483846;      5562,189
-0,01527288;       -0,002269209;      5562,207
-0,01542981;       0,01264796;      5562,226
-0,01542981;       -0,0009035162;      5562,244
-0,01625171;       -0,006528319;      5562,261
-0,01011384;       0,0007087495;      5562,279
-0,01277115;       -0,003814654;      5562,297
-0,005465722;       -0,005646217;      5562,315
-0,01269124;       -0,00686342;      5562,333
-0,005165861;       -0,01057494;      5562,351
-0,01159748;       0,008246089;      5562,366
-0,01159748;       -0,01294739;      5562,384
-0,01177541;       -0,00496698;      5562,402
-0,01328808;       0,005323368;      5562,418
-0,0115118;       -0,002451717;      5562,437
-0,0185234;       -0,00394244;      5562,457
-0,01149703;       0,003830986;      5562,474
-0,0119004;       0,00292847;      5562,493
-0,01389821;       -0,004019555;      5562,511
-0,01346199;       -0,005650734;      5562,53
-0,009863515;       0,001823379;      5562,547
-0,009863515;       -0,0001565508;      5562,564
-0,01434458;       -0,01129634;      5562,582
-0,0112303;       -0,0001728586;      5562,599
-0,01319115;       -0,004688404;      5562,617
-0,0144615;       -0,003837092;      5562,634
-0,01354808;       0,001201003;      5562,651
-0,01488395;       0,002564506;      5562,668
-0,01264202;       -0,00338692;      5562,685
-0,01264202;       -0,004153178;      5562,702
-0,01352654;       -0,005513472;      5562,718
-0,01611039;       -0,008505427;      5562,735
-0,0096505;       -0,006062974;      5562,752
-0,01861607;       -0,00214906;      5562,768
-0,01861607;       0,007909862;      5562,784
-0,02101276;       -0,004682975;      5562,8
-0,01410421;       -0,007571097;      5562,816
-0,01570852;       -0,006748876;      5562,832
-0,01935154;       -0,006313136;      5562,848
-0,01935154;       -0,0001172898;      5562,864
-0,01408066;       0,007823372;      5562,881
-0,01304333;       -0,008408453;      5562,896
-0,005805672;       -0,002689001;      5562,912
-0,01174905;       -0,007540316;      5562,93
-0,008447451;       0,01075858;      5562,947
-0,008447451;       -0,002569444;      5562,962
-0,01185674;       -0,009706247;      5562,979
-0,01721162;       0,007315724;      5562,995
-0,01164372;       0,002011919;      5563,012
-0,0187256;       0,002399738;      5563,029
-0,0187256;       -0,006663763;      5563,046
-0,007964711;       -0,007408948;      5563,063
-0,01549843;       0,008588384;      5563,081
-0,008740358;       0,00386552;      5563,098
-0,01364725;       -0,006195481;      5563,115
-0,01403754;       0,0008651721;      5563,132
-0,01401846;       -0,005037828;      5563,149
-0,01242692;       -0,003136451;      5563,167
-0,01809748;       0,001299568;      5563,186
-0,01809748;       -0,01177485;      5563,204
-0,01737631;       -0,00409163;      5563,222
-0,01602157;       0,01158054;      5563,241
-0,01299555;       0,001025127;      5563,259
-0,01836608;       -0,01036102;      5563,276
-0,01307874;       -0,01300587;      5563,295
-0,01455314;       -0,001210259;      5563,312
-0,01539227;       0,004690757;      5563,33
-0,01429227;       0,005015331;      5563,347
-0,01429227;       -0,0102892;      5563,363
-0,01651503;       -0,004887114;      5563,38
-0,01419073;       0,002602547;      5563,398
-0,01189263;       -0,001009039;      5563,415
-0,01311559;       -0,00733244;      5563,432
-0,007874541;       -0,0003194142;      5563,449
-0,01610317;       0,0007575066;      5563,465
-0,01610317;       0,003903331;      5563,483
-0,01217051;       0,00895388;      5563,5
-0,01144418;       0,007477298;      5563,518
-0,01317743;       -0,00713638;      5563,535
-0,009928117;       -0,005862349;      5563,553
-0,005009608;       -0,006708818;      5563,57
-0,01150479;       -0,005547965;      5563,588
-0,006301874;       0,00562979;      5563,609
-0,01251181;       -0,01395329;      5563,625
-0,01251181;       -0,01702015;      5563,643
-0,009193558;       -0,01369879;      5563,66
-0,01749035;       -0,0130062;      5563,678
-0,01944855;       -0,001163945;      5563,696
-0,01944855;       0,003028218;      5563,714
-0,01607991;       -0,001550982;      5563,733
-0,02343672;       0,006421997;      5563,749
-0,02109203;       0,002499291;      5563,766
-0,02109203;       0,006152513;      5563,785
-0,01989099;       0,01883448;      5563,802
-0,0114756;       -0,01115281;      5563,818
-0,01309005;       -0,01599778;      5563,836
-0,001737434;       -0,001518131;      5563,853
-0,003049048;       0,005934843;      5563,871
-0,008241459;       -0,01092866;      5563,888
0,002988935;       -0,01057788;      5563,906
0,002988935;       -0,007475294;      5563,923
-0,012681;       0,01187187;      5563,941
-0,007662173;       -0,01821285;      5563,959
-0,007625449;       -0,009720287;      5563,976
-0,01148881;       0,00598811;      5563,994
-0,01512021;       0,006128204;      5564,009
-0,0192772;       0,003178262;      5564,026
-0,0192772;       0,001299723;      5564,043
-0,01678859;       -0,0009565875;      5564,06
-0,01319059;       -0,003503305;      5564,078
-0,01502924;       -0,002148226;      5564,096
-0,01276754;       0,00429655;      5564,114
-0,01358996;       -0,002081114;      5564,133
-0,01626382;       -0,004776638;      5564,151
-0,01156768;       -0,007644048;      5564,17
-0,01284095;       0,007668789;      5564,188
-0,01000208;       -0,002940696;      5564,206
-0,01170629;       -0,004312459;      5564,224
-0,01729156;       0,003971559;      5564,242
-0,01191391;       -0,006110241;      5564,259
-0,01118065;       -0,009567555;      5564,275
-0,01440324;       -0,01277066;      5564,292
-0,007904182;       0,007066823;      5564,31
-0,01020878;       -0,009701209;      5564,327
-0,01020878;       -0,0004954126;      5564,345
-0,01291191;       -0,004059788;      5564,362
-0,01168757;       -0,0086636;      5564,379
-0,01466461;       -0,0005960108;      5564,397
-0,01369719;       -0,002096553;      5564,415
-0,01430507;       -0,005486717;      5564,432
-0,01416457;       0,0003763407;      5564,45
-0,01416457;       0,001278188;      5564,467
-0,01590182;       -0,009519555;      5564,484
-0,01703718;       0,009310978;      5564,502
-0,01115254;       0,001061665;      5564,521
-0,01451113;       0,006833271;      5564,537
-0,01371828;       -0,00550578;      5564,553
-0,0132463;       -7,75879E-05;      5564,574
-0,009376096;       -0,005044391;      5564,593
-0,01106869;       -0,004916228;      5564,61
-0,009599739;       0,001244552;      5564,629
-0,01472306;       -0,008571483;      5564,648
-0,01480409;       -0,009810693;      5564,665
-0,01480409;       0,003718161;      5564,681
-0,01592825;       -0,0007606077;      5564,697
-0,008732502;       -0,007972946;      5564,714
-0,02132563;       0,002610518;      5564,731
-0,01421189;       -0,0008985179;      5564,748
-0,01421189;       -0,01298234;      5564,765
-0,01375762;       0,008452138;      5564,781
-0,008083453;       0,007958194;      5564,797
-0,01279871;       -0,005997078;      5564,813
-0,01688468;       0,000887078;      5564,831
-0,01295853;       0,000620373;      5564,848
-0,01295853;       -0,007579887;      5564,864
-0,01443914;       -0,00942809;      5564,88
-0,01496506;       -0,000441133;      5564,897
-0,01393915;       0,0007558306;      5564,914
-0,01299024;       -0,0056151;      5564,929
-0,01312319;       -0,001167033;      5564,945
-0,01207213;       -0,0009428182;      5564,961
-0,008934419;       -0,004446253;      5564,978
-0,01714751;       -0,004942561;      5564,997
-0,01218963;       -0,005673354;      5565,013
-0,01561973;       -0,004937482;      5565,029
-0,01149434;       -0,009245846;      5565,047
-0,01149434;       -0,01078574;      5565,064
-0,02018111;       0,003278051;      5565,083
-0,01397572;       0,003665066;      5565,101
-0,01735413;       -0,002036571;      5565,118
-0,01314393;       -0,004140518;      5565,137
-0,01663198;       -0,004197734;      5565,154
-0,01957801;       -0,00541638;      5565,171
-0,0136927;       -0,005807697;      5565,189
-0,01963178;       -0,01005329;      5565,207
-0,02695125;       0,00155323;      5565,225
-0,02695125;       0,0004720686;      5565,243
-0,03105831;       -0,01028102;      5565,261
-0,03720079;       -0,02815915;      5565,278
-0,05892075;       -0,03337795;      5565,295
-0,07003795;       -0,01582164;      5565,313
-0,09612273;       -0,01571236;      5565,33
-0,1126917;       -0,02029789;      5565,346
-0,1126917;       0,09774335;      5565,364
-0,1012439;       0,1800838;      5565,381
-0,08685179;       0,04004426;      5565,398
-0,06413176;       -0,02188744;      5565,415
-0,0458313;       -0,0362998;      5565,433
-0,05816628;       -0,005481749;      5565,451
-0,02376117;       -0,05101645;      5565,469
0,006312579;       -0,02963909;      5565,487
0,006312579;       -0,01240689;      5565,503
0,03487003;       -0,0009500966;      5565,522
0,03788099;       -0,05605439;      5565,541
0,03622951;       0,003803208;      5565,558
0,02760388;       0,01422265;      5565,576
0,01031992;       0,008466051;      5565,593
0,003514079;       -0,02064927;      5565,611
-0,03027495;       -0,05173896;      5565,63
-0,03027495;       -0,01377877;      5565,646
-0,05277792;       0,03367939;      5565,665
-0,04983255;       0,02370962;      5565,683
-0,09033687;       0,07883558;      5565,7
-0,05392165;       0,08299945;      5565,718
0,02681012;       0,01350228;      5565,734
-0,008087426;       -0,009484341;      5565,752
0,02035612;       -0,01675239;      5565,771
0,08451185;       -0,02875809;      5565,79
0,1096957;       -0,03002619;      5565,807
0,1096957;       0,02797574;      5565,825
0,115228;       -0,01799666;      5565,842
0,1226268;       -0,03512383;      5565,859
0,08557508;       -0,009442776;      5565,877
0,0614569;       0,001952986;      5565,895
0,04116107;       -0,02148919;      5565,911
0,003923876;       -0,002191099;      5565,929
0,003923876;       -0,0002689059;      5565,946
-0,02405282;       0,008064258;      5565,964
-0,03376923;       -0,00521807;      5565,983
-0,04215592;       -0,009644173;      5566,001
-0,04618795;       -0,008200088;      5566,018
-0,043539;       0,00193732;      5566,036
-0,01898523;       0,008766906;      5566,053
-0,03603203;       -0,01374163;      5566,069
-0,02529819;       0,0004584147;      5566,086
-0,02529819;       0,01338724;      5566,103
-0,01950371;       0,00238119;      5566,12
-0,01263033;       -0,01033152;      5566,137
-0,019918;       -0,004408868;      5566,154
-0,007272098;       0,01077333;      5566,173
-0,003300048;       -0,007817309;      5566,189
-0,003300048;       -0,001947537;      5566,207
-0,0008205124;       0,005370665;      5566,223
0,008116343;       -0,001487922;      5566,24
0,01033179;       -0,01571553;      5566,258
0,00866177;       -0,006702869;      5566,277
0,01023012;       -0,0008378797;      5566,296
-0,00138797;       -0,004999029;      5566,313
-0,001148446;       -0,0002527887;      5566,332
-0,00154492;       0,0008130699;      5566,349
-0,01327708;       -0,003272945;      5566,367
-0,01327708;       -0,006458906;      5566,383
-0,01637409;       0,003427592;      5566,401
-0,01625107;       0,003602059;      5566,418
-0,02277496;       -0,002438733;      5566,436
-0,02471207;       0,002927686;      5566,453
-0,02695662;       -0,009685141;      5566,47
-0,01900951;       -0,007351795;      5566,486
-0,01692767;       0,0008739647;      5566,505
-0,01692767;       3,220243E-05;      5566,523
-0,0174325;       -0,01454622;      5566,541
-0,02079973;       0,007131214;      5566,56
-0,01916869;       0,005953569;      5566,579
-0,003247158;       -0,007614513;      5566,598
-0,01424206;       -0,01089861;      5566,616
-0,009918442;       0,007138966;      5566,632
-0,001184076;       0,001841511;      5566,646
-0,001184076;       0,006707777;      5566,662
-0,005307129;       -0,005872292;      5566,678
-0,001485175;       -0,01145486;      5566,695
-0,008890898;       -0,001643238;      5566,712
-0,0138148;       0,004691889;      5566,729
-0,01174362;       -0,004128336;      5566,747
-0,01174362;       -0,005002559;      5566,761
-0,01545253;       0,0006567319;      5566,778
-0,01523578;       -0,008866923;      5566,793
-0,01014541;       0,007789844;      5566,81
-0,01014541;       -0,0009938839;      5566,827
-0,01433955;       -0,00620309;      5566,844
-0,009732423;       -0,002436034;      5566,86
-0,01372581;       0,01273231;      5566,877
-0,008871472;       0,001307143;      5566,894
-0,01511306;       0,005498325;      5566,912
-0,01526122;       0,008130082;      5566,929
-0,01735569;       -0,004304608;      5566,946
-0,01735569;       -0,0003508215;      5566,962
-0,01828659;       -0,001029695;      5566,979
-0,01216783;       -0,009970048;      5566,996
-0,006476447;       -0,001387964;      5567,013
-0,002215484;       -0,005284726;      5567,03
-0,001113358;       0,001714469;      5567,049
-0,004622584;       -0,007582191;      5567,066
-0,005948471;       0,0006340644;      5567,085
-0,01095375;       0,0046019;      5567,105
-0,01095375;       -0,007374921;      5567,125
-0,01167818;       -0,008763149;      5567,141
-0,01322176;       0,006028971;      5567,158
-0,01368377;       0,008121623;      5567,175
-0,01598749;       0,001591625;      5567,193
-0,01077811;       -0,001223342;      5567,212
-0,01660877;       -0,01579189;      5567,232
-0,01893282;       0,0005762049;      5567,25
-0,008929057;       0,003400032;      5567,268
-0,01359689;       0,004604998;      5567,286
-0,008778526;       0,001989525;      5567,305
-0,009681753;       0,0009868243;      5567,322
-0,01022775;       -0,000336499;      5567,339
-0,0120232;       -0,006193172;      5567,357
-0,01147282;       0,0007973606;      5567,375
-0,009710202;       0,01326331;      5567,392
-0,004072467;       -0,01260775;      5567,41
-0,01309644;       -0,01817213;      5567,427
-0,01309644;       -0,01454642;      5567,445
-0,008581171;       0,0008603982;      5567,462
-0,009279136;       -0,004680764;      5567,48
-0,01071423;       -0,001739491;      5567,499
-0,006205546;       0,002198962;      5567,516
-0,009324452;       -0,00832212;      5567,534
-0,005816636;       -0,004097071;      5567,554
-0,01054752;       -0,000641879;      5567,572
-0,0100369;       7,457857E-06;      5567,592
-0,01175711;       0,006500456;      5567,611
-0,01457113;       0,003682616;      5567,627
-0,01457113;       -0,003800431;      5567,643
-0,01314273;       0,003872946;      5567,661
-0,01992461;       -0,0102248;      5567,68
-0,01255696;       -0,0119983;      5567,698
-0,01424506;       0,002875285;      5567,716
-0,01077465;       0,002341768;      5567,734
-0,01321178;       0,003868252;      5567,752
-0,01470569;       0,006568526;      5567,773
-0,01100551;       -0,003483839;      5567,79
-0,01522531;       -0,001389822;      5567,807
-0,01522531;       -0,003481355;      5567,825
-0,005696392;       -0,003871967;      5567,842
-0,005138612;       -0,003646859;      5567,86
-0,01595072;       -0,006045186;      5567,878
0,00106319;       -0,005631568;      5567,895
-0,006878189;       -0,008797612;      5567,913
-0,005802649;       -0,01191511;      5567,932
-0,003984937;       -0,004106919;      5567,95
-0,01240858;       0,00225438;      5567,968
-0,01444499;       -0,00997329;      5567,987
-0,01444499;       -0,002189358;      5568,004
-0,01630738;       0,0004494821;      5568,022
-0,01325902;       0,01203148;      5568,042
-0,01566628;       0,001721883;      5568,059
-0,02069575;       -0,00737115;      5568,078
-0,008106427;       -0,005170244;      5568,095
-0,01341484;       0,007401597;      5568,112
-0,009738095;       -0,003368461;      5568,13
-0,01842193;       -0,003605367;      5568,147
-0,01842193;       -0,01176774;      5568,165
-0,01197405;       -0,005738341;      5568,184
-0,006674721;       0,003243261;      5568,202
-0,01161807;       -0,006332247;      5568,218
-0,01380187;       -0,006969111;      5568,236
-0,008674697;       0,0002542295;      5568,252
-0,008544908;       0,0002749723;      5568,272
-0,007092733;       -0,003529325;      5568,29
-0,01081353;       -0,0004914738;      5568,308
-0,005889464;       -0,007634193;      5568,325
-0,005889464;       -0,00252678;      5568,343
-0,006562103;       -0,005064116;      5568,361
-0,009435041;       -0,005373703;      5568,378
-0,007050358;       -0,003133069;      5568,398
-0,01500829;       0,01469431;      5568,415
-0,02466657;       0,01226742;      5568,432
-0,02647436;       0,0006939126;      5568,451
-0,004173107;       -0,004229808;      5568,468
0,003593424;       0,001845124;      5568,487
0,003593424;       -0,01916873;      5568,504
0,01315713;       -0,01969893;      5568,522
0,01069973;       -0,01482621;      5568,54
-0,006711823;       -0,007870022;      5568,558
-0,02525031;       0,009007663;      5568,574
-0,04492354;       0,03303929;      5568,592
-0,03749055;       0,009716895;      5568,61
-0,02476679;       0,003538591;      5568,629
-0,02476679;       0,007493326;      5568,645
-0,0005894338;       -0,01481571;      5568,662
0,007747262;       -0,01938918;      5568,679
0,01676512;       -0,0248592;      5568,695
-0,01066355;       -0,01188358;      5568,711
-0,01435131;       0,007995768;      5568,73
-0,02972653;       0,01983172;      5568,748
-0,03029711;       0,02229213;      5568,766
-0,03029711;       0,01027103;      5568,782
-0,01341632;       0,005571373;      5568,799
0,009585229;       -0,01686699;      5568,817
0,01321656;       -0,01633875;      5568,837
0,01540143;       -0,02332188;      5568,854
-0,002532807;       -0,003611967;      5568,871
-0,01282473;       0,00899733;      5568,889
-0,02940201;       0,008140304;      5568,907
-0,02940201;       0,008959214;      5568,924
-0,03225539;       0,01195699;      5568,942
-0,02201228;       0,004484687;      5568,959
-0,0126366;       0,005129753;      5568,975
-0,005509136;       -0,01285294;      5568,992
-0,009934204;       -0,003360563;      5569,009
-0,00320259;       -0,003609971;      5569,026
-0,00320259;       -0,003446042;      5569,043
-0,006118288;       -0,005405164;      5569,06
-0,008102518;       -0,006352481;      5569,077
-0,008413019;       0,008947889;      5569,095
-0,008450298;       -0,005970954;      5569,112
-0,008074828;       -0,005913155;      5569,13
-0,01177624;       -0,00600133;      5569,147
-0,01177624;       0,003721216;      5569,165
-0,01298173;       -0,00765127;      5569,181
-0,01665069;       -0,006654675;      5569,199
-0,01470877;       -0,0108661;      5569,215
-0,01590788;       0,002957906;      5569,232
-0,01591601;       -0,001691525;      5569,25
-0,01538282;       -0,005646685;      5569,266
-0,01538282;       -0,0009138834;      5569,284
-0,01813949;       0,006815984;      5569,301
-0,01304422;       -0,002827394;      5569,318
-0,01142088;       -0,006337314;      5569,336
-0,007530612;       0,006661176;      5569,354
-0,007642061;       0,002437618;      5569,372
-0,0004599812;       0,0002337707;      5569,389
-0,002560884;       0,002678639;      5569,406
-0,002560884;       -0,01668568;      5569,424
-0,006750448;       -0,0004346769;      5569,441
-0,005709239;       -0,004190688;      5569,459
-0,00494016;       0,003739683;      5569,476
-0,01271626;       -0,008179614;      5569,495
-0,009872681;       -0,002930956;      5569,514
-0,01440801;       0,005525441;      5569,535
-0,01755107;       -0,00921092;      5569,555
-0,009311939;       -0,005480736;      5569,574
-0,009604547;       0,004820452;      5569,593
-0,01118108;       0,0007795655;      5569,612
-0,01421057;       -0,005309573;      5569,63
-0,008894854;       -0,00743661;      5569,649
-0,005086016;       -0,008431068;      5569,667
-0,006616792;       -0,00124657;      5569,687
-0,01048273;       -0,004369011;      5569,708
-0,004796559;       -0,00542691;      5569,727
-0,00798583;       -0,002856702;      5569,746
-0,00798583;       0,001470781;      5569,764
-0,01149808;       -0,002062865;      5569,782
-0,01029336;       -0,009268175;      5569,8
-0,0103488;       -0,0006059067;      5569,817
-0,00941281;       -0,0007559551;      5569,835
-0,01367903;       -0,002127194;      5569,852
-0,0170217;       -0,008774266;      5569,87
-0,01184199;       -0,005032847;      5569,888
-0,01367807;       -0,0005553623;      5569,907
-0,01367807;       0,0009270413;      5569,924
-0,005620527;       -0,005670511;      5569,942
-0,00903924;       -0,01158762;      5569,96
-0,007241732;       0,0002686738;      5569,977
-0,007981652;       0,003572027;      5569,995
-0,003676286;       -0,01027811;      5570,013
-0,005917731;       -0,01156829;      5570,031
-0,01479392;       0,002897805;      5570,048
-0,01330423;       0,008200267;      5570,066
-0,01330423;       0,002032583;      5570,084
-0,01557368;       -0,009596445;      5570,104
-0,01851287;       0,0004939532;      5570,122
-0,0143372;       0,001725637;      5570,14
-0,005382054;       -0,007136424;      5570,157
-0,006506137;       -0,008319023;      5570,174
-0,003475229;       0,002962242;      5570,191
-0,006406242;       -0,003569794;      5570,209
-0,0005102875;       -0,0009252296;      5570,228
-0,01261649;       0,001917646;      5570,246
-0,01261649;       0,007507392;      5570,264
-0,01007969;       0,004177259;      5570,281
-0,01296975;       -0,0007930844;      5570,3
-0,01955774;       -0,003718124;      5570,317
-0,01203497;       -0,00123801;      5570,334
-0,01906007;       -0,002126306;      5570,352
-0,02377764;       0,0008483888;      5570,37
-0,01951762;       0,010044;      5570,388
-0,01876702;       -0,0006935319;      5570,408
-0,01876702;       -0,007526382;      5570,425
-0,01292577;       -0,01041888;      5570,443
-0,005326268;       -0,001338109;      5570,461
-0,01405974;       0,00163934;      5570,479
-0,0001275288;       -0,0002974742;      5570,497
-0,003320308;       -0,002415298;      5570,516
0,001335331;       -0,008804003;      5570,533
0,0008992616;       -0,003412206;      5570,554
-0,001244551;       -0,007156909;      5570,571
-0,01591383;       -0,0006199307;      5570,589
-0,00976798;       0,002294251;      5570,607
-0,00976798;       0,002639836;      5570,625
-0,006943095;       0,001283014;      5570,64
-0,01204122;       0,007260942;      5570,658
-0,01415812;       0,01000741;      5570,675
-0,006375198;       -0,00440877;      5570,691
-0,0006886013;       -0,007340213;      5570,709
-0,009166435;       -0,01276632;      5570,725
-0,009166435;       -0,01176806;      5570,741
-0,0124065;       -0,007186044;      5570,757
-0,01189777;       0,006118789;      5570,773
-0,01677862;       -0,0100332;      5570,79
-0,01224828;       -0,007567368;      5570,806
-0,01224828;       -0,006518347;      5570,823
-0,0100891;       -0,008503242;      5570,84
-0,001060847;       -0,008661611;      5570,857
-0,0218066;       0,01404149;      5570,875
-0,01584259;       0,0003064708;      5570,892
-0,01048319;       -0,002061748;      5570,91
-0,005013338;       -0,02734015;      5570,928
-0,0003733127;       -0,01589949;      5570,946
-0,0003733127;       -0,003463125;      5570,964
-0,01122735;       -0,001615322;      5570,981
-0,008427652;       -0,004231409;      5570,999
-0,01903084;       0,01417859;      5571,018
-0,01842017;       -0,00376783;      5571,034
-0,01614468;       -0,01092357;      5571,053
-0,005631361;       0,001115895;      5571,072
-0,01066287;       -0,01499751;      5571,088
-0,01028348;       0,01451848;      5571,107
-0,01028348;       0,0004458425;      5571,124
-0,01196791;       0,0008055164;      5571,142
-0,009578333;       0,007422509;      5571,16
-0,00135112;       -0,01089017;      5571,177
-0,003853964;       0,01082741;      5571,195
0,002604636;       0,0006662252;      5571,213
0,0166158;       0,01588351;      5571,232
0,03389551;       0,007298985;      5571,25
0,04690344;       -0,003151146;      5571,268
0,06726336;       0,01290404;      5571,286
0,06726336;       0,002323171;      5571,303
0,07326163;       0,005737337;      5571,322
0,08880189;       0,04298123;      5571,339
0,1138648;       -0,004640698;      5571,357
0,1268856;       -0,02677979;      5571,374
0,1077822;       -0,07405821;      5571,393
0,07280286;       -0,01952567;      5571,412
0,05464674;       0,001463681;      5571,429
0,003592972;       -0,02458672;      5571,448
-0,01333581;       -0,03713498;      5571,467
-0,01333581;       -0,01332813;      5571,485
-0,04579849;       -0,04932002;      5571,503
-0,06183852;       0,04347425;      5571,521
-0,0792639;       0,04757544;      5571,541
-0,09810066;       -0,05377218;      5571,559
-0,07808734;       -0,01872996;      5571,576
-0,08467366;       0,0394385;      5571,595
-0,08025225;       0,01755247;      5571,613
-0,08071119;       -0,0414994;      5571,63
-0,08051159;       0,005804779;      5571,647
-0,06510183;       0,0006150014;      5571,665
-0,06510183;       -0,006539152;      5571,683
-0,07276552;       -0,02009593;      5571,702
-0,06782633;       0,04487456;      5571,72
-0,05773787;       0,007344661;      5571,738
-0,05212225;       -0,03540402;      5571,754
-0,04587056;       0,02087921;      5571,773
-0,03722742;       0,00799054;      5571,791
-0,03104868;       0,004842134;      5571,808
-0,03035106;       -0,003876767;      5571,825
-0,03035106;       0,01806629;      5571,842
-0,02937056;       0,03247366;      5571,859
-0,0254497;       -0,03207985;      5571,876
-0,03280812;       -0,05792722;      5571,894
-0,009673789;       -0,01296884;      5571,911
-0,008246135;       0,007380639;      5571,928
-0,008246135;       0,01583262;      5571,945
-0,008656446;       -0,00842055;      5571,963
-0,007283891;       -0,006471525;      5571,98
-0,01221604;       0,01164686;      5571,999
-0,00200884;       -0,01631968;      5572,017
-0,0006803796;       -0,01110091;      5572,038
0,009811932;       -0,01245936;      5572,056
0,002046773;       0,07433675;      5572,074
-0,001716705;       0,02856211;      5572,092
-0,007845582;       -0,03685481;      5572,112
0,0007078554;       -0,006502378;      5572,129
0,005281174;       0,02651457;      5572,147
0,005281174;       0,01586497;      5572,165
-0,002503737;       -0,01799653;      5572,181
-0,009517916;       0,01821651;      5572,199
-0,00894666;       -0,008039393;      5572,217
-0,01043962;       -0,03655746;      5572,235
-0,01220428;       0,01906673;      5572,253
-0,006182157;       0,01037302;      5572,271
-0,01947895;       -0,03628899;      5572,288
-0,01590231;       -0,02114408;      5572,307
-0,01590231;       0,001487771;      5572,324
-0,01409228;       0,03556558;      5572,341
-0,006282789;       -0,01939004;      5572,359
-0,02041078;       -0,02443269;      5572,375
-0,01708151;       -0,006393809;      5572,393
-0,007137625;       -0,006362769;      5572,411
-0,01139596;       0,003895208;      5572,428
-0,009844066;       -0,006678588;      5572,445
-0,009844066;       -0,003778405;      5572,464
-0,01149526;       -0,007620615;      5572,481
-0,01006702;       -0,002782707;      5572,499
-0,006806267;       -0,005314032;      5572,518
-0,008860985;       -0,01538525;      5572,536
-0,006412396;       -0,01092161;      5572,554
-0,01253241;       0,002000621;      5572,572
-0,008355096;       0,01624031;      5572,59
-0,008973196;       0,01511999;      5572,607
-0,008973196;       0,01125634;      5572,625
-0,01473453;       0,04262824;      5572,643
-0,007067167;       -0,005390571;      5572,66
-0,01707828;       0,00377589;      5572,678
-0,01499766;       -0,001334925;      5572,695
-0,01531463;       -0,004267371;      5572,713
-0,01520762;       0,0106053;      5572,731
-0,0200166;       -0,02949421;      5572,749
-0,01539777;       -0,01899729;      5572,765
-0,01539777;       -0,003916644;      5572,782
-0,01307954;       6,66948E-05;      5572,798
-0,01466349;       -0,01372469;      5572,814
-0,01601597;       -0,02429304;      5572,831
-0,01283942;       -0,01183913;      5572,847
-0,01283942;       0,01592493;      5572,864
-0,01369564;       -0,0007207689;      5572,881
-0,01774565;       -0,01527969;      5572,897
-0,01395831;       -0,01411908;      5572,913
-0,01130985;       0,002846591;      5572,929
-0,02211599;       -0,006968401;      5572,945
-0,02211599;       -0,01265507;      5572,961
-0,0173742;       -0,01215774;      5572,978
-0,00916571;       -0,003038347;      5572,995
-0,01244062;       -0,01236406;      5573,012
-0,01498208;       -0,007167034;      5573,028
-0,009987316;       0,01228252;      5573,046
-0,009987316;       0,0322237;      5573,063
-0,01713437;       0,004957714;      5573,082
-0,01510388;       -0,003673195;      5573,099
-0,0109288;       -0,001977302;      5573,117
-0,01081945;       -0,001565946;      5573,135
-0,01549787;       -0,001046526;      5573,155
-0,01626826;       -0,01901513;      5573,172
-0,01366505;       -0,0006775048;      5573,19
-0,01684014;       0,001803529;      5573,208
-0,009604441;       0,01953948;      5573,225
-0,01112172;       0,006548595;      5573,242
-0,01385336;       -0,0008591906;      5573,259
-0,009753516;       0,00239279;      5573,277
-0,01413933;       -0,02064646;      5573,295
-0,006819799;       -0,009441622;      5573,311
-0,01074317;       -0,004167356;      5573,33
-0,01074317;       0,004185974;      5573,348
-0,0121851;       -0,004075038;      5573,365
-0,01447337;       -0,000407105;      5573,383
-0,01188251;       -0,01604814;      5573,399
-0,01504047;       -0,008078347;      5573,416
-0,007940818;       -0,001438908;      5573,435
-0,01292388;       0,005751011;      5573,453
-0,01162696;       0,004502275;      5573,47
-0,0132999;       0,002554693;      5573,488
-0,0132999;       0,0001899202;      5573,503
-0,009107688;       -0,0005258092;      5573,521
-0,01112696;       0,001704499;      5573,539
-0,0170737;       0,002771918;      5573,558
-0,01691013;       0,0008382171;      5573,576
-0,01638978;       -0,01406328;      5573,596
-0,01289718;       0,004477702;      5573,614
-0,01676334;       -0,001106822;      5573,631
-0,01703935;       -0,004735051;      5573,649
-0,01415581;       -0,002087429;      5573,667
-0,01415581;       0,006830125;      5573,685
-0,01212679;       -0,006734627;      5573,703
-0,01240253;       -0,004617293;      5573,722
-0,007394919;       -0,002770816;      5573,74
-0,0153675;       -0,006770013;      5573,759
-0,01298336;       -0,002075254;      5573,775
-0,01509691;       0,004908912;      5573,792
-0,01489824;       -0,00429941;      5573,81
-0,01816986;       -0,007954;      5573,828
-0,01816986;       0,00136183;      5573,845
-0,007791844;       0,002039948;      5573,862
-0,01183939;       -0,007112423;      5573,88
-0,01896547;       -0,001728869;      5573,898
-0,01887146;       0,001858369;      5573,916
-0,007981911;       0,005640103;      5573,934
-0,01075014;       -0,004008391;      5573,953
-0,01267633;       -0,003697122;      5573,97
-0,006473477;       0,001640176;      5573,987
-0,006473477;       -0,00770081;      5574,005
-0,01082472;       -0,008633945;      5574,023
-0,0161527;       -0,002632427;      5574,041
-0,008651602;       -0,000122025;      5574,059
-0,01469125;       0,003519149;      5574,075
-0,01399802;       0,00116566;      5574,092
-0,01636864;       -0,00706354;      5574,111
-0,01386912;       -0,003541171;      5574,128
-0,01270526;       0,005301575;      5574,147
-0,008578165;       -0,004692411;      5574,166
-0,008578165;       0,0001219729;      5574,183
-0,005884825;       -0,01083414;      5574,201
-0,01192141;       -0,02009202;      5574,22
-0,01372442;       -0,01697571;      5574,24
-0,009444984;       -0,01388755;      5574,258
-0,01315984;       -0,01909164;      5574,277
-0,01412975;       -0,01656006;      5574,295
-0,005231732;       -0,01228459;      5574,312
-0,008598659;       0,01201967;      5574,33
-0,01442682;       0,01737129;      5574,347
-0,01442682;       -0,02191694;      5574,364
-0,01742236;       -0,05819974;      5574,381
-0,0248828;       -0,02524121;      5574,399
-0,03151428;       0,02356064;      5574,416
-0,04847509;       0,04225051;      5574,435
-0,06445406;       0,05273979;      5574,452
-0,08789182;       0,08857037;      5574,469
-0,08740231;       0,1177404;      5574,487
-0,08740231;       0,01566944;      5574,504
-0,09998035;       -0,08717981;      5574,522
-0,09083784;       -0,0624107;      5574,54
-0,08821745;       -0,03739696;      5574,557
-0,0794365;       0,05679955;      5574,575
-0,06624907;       0,1004725;      5574,591
-0,05716701;       0,008889087;      5574,608
-0,0281709;       -0,1197378;      5574,625
-0,0281709;       -0,04389044;      5574,644
-0,03627436;       0,06264551;      5574,66
-0,03112999;       0,08219295;      5574,676
0,001859881;       0,008351574;      5574,695
0,002716321;       -0,1047019;      5574,713
0,005378477;       -0,02959675;      5574,73
0,02080408;       0,02351889;      5574,747
0,02080408;       0,05679578;      5574,764
0,03345806;       -0,04589;      5574,781
0,07236224;       -0,02974234;      5574,797
0,08512009;       -0,02974234;      5574,815
0,07312413;       -0,01693852;      5574,831
0,07435378;       0,0122719;      5574,847
0,07435378;       0,008430928;      5574,863
0,1202191;       -0,01142172;      5574,881
0,09852507;       -0,0176779;      5574,897
0,06730755;       -0,008771984;      5574,913
0,05702347;       0,001171394;      5574,931
0,0352411;       -0,000539049;      5574,948
-0,004031829;       -0,01639855;      5574,965
-0,004031829;       -0,007999815;      5574,982
-0,012195;       0,00635713;      5574,999
-0,0376042;       -0,006934869;      5575,018
-0,04521211;       0,00793988;      5575,035
-0,04550544;       0,003865031;      5575,053
-0,04276858;       0,008025273;      5575,07
-0,04400849;       0,008419813;      5575,089
-0,03143189;       -0,003487482;      5575,106
-0,03143189;       0,006241661;      5575,124
-0,03047515;       -0,003075228;      5575,142
-0,02192781;       -0,01056473;      5575,159
-0,01262136;       0,005243781;      5575,175
-0,01718392;       -0,008736712;      5575,194
-0,008578717;       0,008449744;      5575,212
-0,000248824;       -0,003869316;      5575,229
-0,00328036;       0,0001567322;      5575,248
-0,005445936;       0,000716948;      5575,267
-0,005445936;       -0,002567593;      5575,284
0,007112865;       0,001858045;      5575,302
-0,002034117;       -0,00722129;      5575,32
0,001558372;       -0,004684866;      5575,338
0,0006970577;       0,0009475501;      5575,356
-0,003687164;       -0,006864168;      5575,373
-0,00808087;       0,001769649;      5575,389
-0,009805974;       0,001927954;      5575,406
-0,009805974;       0,008892789;      5575,424
-0,01265183;       0,008605968;      5575,441
-0,01433583;       -0,01599866;      5575,458
-0,004648923;       -0,0120699;      5575,476
-0,01445212;       -0,01355099;      5575,494
-0,01364434;       0,005097445;      5575,513
-0,02279118;       0,014338;      5575,531
-0,01502059;       -0,006478504;      5575,551
-0,01731211;       0,01582585;      5575,569
-0,01255771;       0,006453164;      5575,588
-0,01558962;       -0,01445881;      5575,607
-0,01558962;       -0,005932726;      5575,625
-0,008433669;       -0,002440255;      5575,642
-0,01834687;       0,00151613;      5575,661
-0,00959311;       -0,005967319;      5575,679
-0,00863608;       -0,008187995;      5575,698
-0,0009447836;       -0,0001413641;      5575,715
-0,01763625;       -0,005694203;      5575,733
-0,002380068;       -0,005027505;      5575,751
-0,01133137;       0,0008258787;      5575,769
-0,01098281;       -0,01271954;      5575,786
-0,01098281;       -0,008164739;      5575,805
-0,001295007;       -0,006894345;      5575,824
-0,006452668;       0,007876582;      5575,842
-0,01523805;       -0,001091429;      5575,858
-0,008684149;       -0,001198866;      5575,875
-0,01274746;       -0,007857511;      5575,893
-0,0126953;       -0,009320614;      5575,909
-0,006524698;       0,00729274;      5575,927
-0,006524698;       -0,001296488;      5575,944
-0,009995725;       0,0001099891;      5575,962
-0,009207253;       -0,01023502;      5575,98
-0,005896582;       0,001683276;      5575,997
-0,003615549;       -0,005563306;      5576,014
-0,006484873;       -0,001749574;      5576,032
0,007124006;       -0,0009082864;      5576,049
-0,002133614;       -0,009005358;      5576,066
-0,002133614;       0,00545739;      5576,083
-0,0009466792;       -0,005234578;      5576,101
-0,0007663276;       -0,0007091855;      5576,118
-0,005686998;       -0,002381757;      5576,136
0,0004624189;       0,01057714;      5576,154
-0,00239407;       -0,008395775;      5576,173
0,001956578;       0,003170626;      5576,19
0,01571922;       0,0188114;      5576,207
0,01571922;       0,02884351;      5576,223
0,03815402;       0,07150678;      5576,242
0,0828077;       -0,04059945;      5576,259
0,1011175;       -0,08123969;      5576,276
0,09607573;       -0,05680877;      5576,296
0,0945724;       0,008713835;      5576,313
0,07992496;       -0,008504347;      5576,331
0,02826607;       -0,03610986;      5576,35
-0,00331364;       -0,01826651;      5576,367
-0,00331364;       0,008857276;      5576,384
-0,02330948;       0,02193823;      5576,401
-0,04537714;       -0,04873446;      5576,42
-0,06317607;       -0,01136769;      5576,438
-0,07606503;       0,02844805;      5576,456
-0,0678675;       0,04287865;      5576,474
-0,07707809;       -0,02895532;      5576,491
-0,07424469;       0,001043974;      5576,508
-0,05962573;       0,02412772;      5576,526
-0,05962573;       -0,01359345;      5576,542
-0,05644125;       -0,02237445;      5576,559
-0,0561907;       -0,004668971;      5576,577
-0,0555594;       -0,003463061;      5576,595
-0,04609256;       0,02202889;      5576,612
-0,0508124;       0,01629532;      5576,63
-0,04541445;       -0,01343055;      5576,646
-0,04541445;       -0,01650551;      5576,662
-0,03203907;       0,01800149;      5576,68
-0,03390125;       0,03883372;      5576,695
-0,03248107;       -0,01473539;      5576,713
-0,02564877;       -0,007969808;      5576,729
-0,02256027;       0,02423129;      5576,747
-0,01440331;       0,001385796;      5576,766
-0,01440331;       -0,01458914;      5576,782
-0,01267079;       0,002724045;      5576,798
-0,007971571;       0,01195608;      5576,814
-0,007971571;       0,002934607;      5576,831
-0,006454631;       -0,03113558;      5576,847
-0,006454631;       -0,02379858;      5576,863
0,005833376;       0,006232668;      5576,879
-0,001397006;       0,01154376;      5576,894
-0,004125572;       -0,01611124;      5576,91
0,0002108196;       -0,01235991;      5576,929
0,0002108196;       0,007698418;      5576,944
-0,006954647;       -0,002670704;      5576,96
-0,01363416;       -0,00791608;      5576,977
-0,01365915;       0,003854355;      5576,993
-0,007448552;       0,03125873;      5577,01
-0,02324861;       0,01968168;      5577,026
-0,02324861;       -0,01578275;      5577,043
-0,01086951;       -0,004564571;      5577,06
-0,00764002;       -0,0001679886;      5577,077
-0,01814943;       -0,001819484;      5577,095
-0,01282155;       0,001082261;      5577,111
-0,01235335;       -0,002293951;      5577,129
-0,0079081;       -0,0148235;      5577,147
-0,0079081;       0,0002755246;      5577,165
-0,01105124;       0,01278931;      5577,182
-0,003946868;       -0,004909854;      5577,199
0,0009860053;       -0,0114744;      5577,216
-0,005841638;       -0,004868347;      5577,232
-0,01309711;       -0,005077967;      5577,249
-0,01309711;       0,001551575;      5577,265
-0,00619124;       0,01135097;      5577,283
-0,01297902;       0,006111876;      5577,302
-0,01287467;       0,007211995;      5577,321
-0,008563763;       -0,004319439;      5577,339
-0,007804035;       -0,006453727;      5577,355
-0,00522045;       -0,001935144;      5577,372
-0,01160136;       -0,007471178;      5577,39
-0,007031859;       -0,002245952;      5577,407
-0,007031859;       0,0007313062;      5577,425
-0,01397676;       -0,007568248;      5577,442
-0,006467052;       0,002390711;      5577,46
-0,006729017;       0,006443735;      5577,478
-0,009171261;       0,003708666;      5577,497
-0,01149517;       -0,01500379;      5577,515
-0,008237326;       -0,008205154;      5577,532
-0,01397751;       -0,009435366;      5577,551
-0,01120007;       -0,005605921;      5577,568
-0,01383794;       -0,003646091;      5577,587
-0,01040607;       0,007397776;      5577,607
-0,004748675;       -0,01329895;      5577,625
-0,004748675;       0,00981677;      5577,642
-0,002549944;       0,003095239;      5577,66
0,008218408;       0,0215358;      5577,677
0,01105909;       0,02227421;      5577,694
0,006103566;       0,007911055;      5577,714
-0,03003377;       0,02794022;      5577,734
-0,03863757;       0,004076117;      5577,752
-0,02600648;       -0,01552562;      5577,771
-0,01152231;       -0,007583171;      5577,788
-0,006797458;       0,001976172;      5577,806
-0,01345224;       0,002941555;      5577,825
-0,01345224;       0,001138967;      5577,843
-0,01139657;       0,01301124;      5577,863
0,001679494;       0,01240119;      5577,881
0,004731092;       -0,0008863118;      5577,902
-0,001625737;       0,01359831;      5577,921
0,0005867428;       0,01910762;      5577,939
-0,02426996;       -0,01117297;      5577,958
-0,05220562;       -0,04244629;      5577,976
-0,06085107;       -0,04413392;      5577,996
-0,06709048;       0,04111464;      5578,015
-0,05788492;       0,258742;      5578,034
-0,016547;       0,08551479;      5578,054
0,008693879;       -0,2347975;      5578,071
-0,01739667;       -0,2383062;      5578,089
-0,06786635;       0,0884542;      5578,109
-0,06833995;       -0,001890642;      5578,127
-0,09671737;       -0,06948061;      5578,146
-0,09671737;       -0,09157988;      5578,165
-0,1693262;       -0,03182236;      5578,182
-0,2192162;       0,1222764;      5578,2
-0,1707521;       0,2340347;      5578,218
-0,1779816;       0,1245821;      5578,236
-0,1943329;       0,03904556;      5578,253
-0,2027638;       -0,04034727;      5578,271
-0,119557;       -0,1375993;      5578,288
-0,2010514;       -0,1185224;      5578,306
-0,2010514;       -0,02458469;      5578,323
-0,1545637;       0,008915055;      5578,341
-0,05423325;       0,03072396;      5578,361
-0,003176585;       -0,1187383;      5578,38
0,05278192;       -0,09525706;      5578,396
0,05489386;       -0,006177415;      5578,414
0,07354515;       0,03462224;      5578,433
0,1037865;       -0,07400411;      5578,453
0,1254507;       -0,01513431;      5578,473
0,0832971;       -0,03896886;      5578,491
-0,01255137;       -0,0375199;      5578,511
-0,05281033;       -0,009095792;      5578,528
-0,02925382;       0,02733427;      5578,546
-0,04598381;       -0,01660498;      5578,565
-0,04598381;       -0,03843418;      5578,583
-0,07289821;       -0,003457289;      5578,602
-0,03497012;       0,05155128;      5578,622
0,09069605;       0,09999573;      5578,642
0,3080227;       0,06070281;      5578,66
0,4579891;       0,0150583;      5578,678
0,4129525;       -0,06384367;      5578,698
0,1092781;       -0,09662106;      5578,715
-0,03591605;       -0,1266937;      5578,733
0,111181;       -0,09461359;      5578,749
0,1182241;       -0,03890646;      5578,767
0,1182241;       0,04818957;      5578,782
0,02027655;       0,07018048;      5578,799
-0,04617219;       0,05448674;      5578,814
-0,04194555;       0,04239195;      5578,83
-0,04194555;       0,02729691;      5578,845
-0,05206432;       0,03069961;      5578,863
-0,0643801;       0,0242334;      5578,88
-0,04194535;       -0,0005797835;      5578,898
-0,00694108;       -0,006271157;      5578,913
0,02937938;       -0,006671172;      5578,929
0,008438965;       -0,005148231;      5578,946
0,008438965;       -0,009981468;      5578,963
0,003969779;       -0,004250362;      5578,979
0,003101608;       -0,000884675;      5578,994
-0,00973969;       -0,005725789;      5579,01
-0,02302994;       -0,0001503099;      5579,026
-0,02302994;       0,00591297;      5579,043
-0,01113037;       0,006603025;      5579,06
-0,02154019;       0,005962492;      5579,077
-0,01922457;       -0,001707974;      5579,093
-0,01313176;       -0,004406289;      5579,108
-0,01313176;       -0,01057268;      5579,125
0,005896603;       0,0004027699;      5579,142
0,001776215;       0,0005190764;      5579,16
-0,002888646;       -0,001031382;      5579,177
-0,01698722;       -0,005762154;      5579,194
-0,01687757;       0,004566664;      5579,212
-0,0129672;       0,004904559;      5579,229
-0,01079834;       0,007126434;      5579,249
-0,002063279;       0,007397122;      5579,265
-0,002063279;       0,007189585;      5579,282
-0,01471435;       0,0002561314;      5579,299
-0,01774417;       0,0007216162;      5579,317
-0,007591034;       -0,001096135;      5579,335
-0,01046838;       0,002598079;      5579,353
-0,007814985;       -0,0005129038;      5579,369
-0,002476374;       -0,005435354;      5579,387
-0,008644965;       -0,004017553;      5579,405
-0,008644965;       -7,554819E-05;      5579,421
-0,005330245;       0,01153809;      5579,44
-0,01137141;       -0,002314954;      5579,458
-0,003846593;       -0,002099087;      5579,475
-0,007560937;       -0,006616168;      5579,492
