1405,816
1405,833
1405,852
1405,87
1405,887
1405,908
1405,925
1405,941
1405,958
1405,974
1405,992
1406,007
1406,024
1406,039
1406,056
1406,072
1406,088
1406,104
1406,121
1406,137
1406,153
1406,17
1406,186
1406,204
1406,221
1406,24
1406,255
1406,272
1406,288
1406,305
1406,322
1406,341
1406,357
1406,375
1406,392
1406,409
1406,425
1406,444
1406,461
1406,477
1406,494
1406,511
1406,528
1406,545
1406,562
1406,578
1406,595
1406,612
1406,629
1406,646
1406,662
1406,681
1406,698
1406,714
1406,732
1406,748
1406,764
1406,781
1406,797
1406,814
1406,831
1406,849
1406,867
1406,885
1406,904
1406,922
1406,94
1406,959
1406,977
1406,996
1407,014
1407,033
1407,053
1407,071
1407,09
1407,109
1407,125
1407,142
1407,157
1407,173
1407,189
1407,205
1407,222
1407,238
1407,254
1407,271
1407,287
1407,305
1407,321
1407,338
1407,353
1407,37
1407,385
1407,401
1407,419
1407,435
1407,454
1407,474
1407,492
1407,51
1407,529
1407,547
1407,566
1407,585
1407,605
1407,625
1407,644
1407,662
1407,68
1407,697
1407,714
1407,73
1407,748
1407,765
1407,783
1407,8
1407,817
1407,834
1407,851
1407,868
1407,885
1407,901
1407,918
1407,937
1407,956
1407,974
1407,993
1408,013
1408,032
1408,052
1408,073
1408,092
1408,11
1408,129
1408,147
1408,165
1408,184
1408,203
1408,221
1408,241
1408,259
1408,279
1408,298
1408,316
1408,334
1408,352
1408,371
1408,391
1408,409
1408,427
1408,445
1408,462
1408,48
1408,497
1408,513
1408,529
1408,546
1408,563
1408,581
1408,598
1408,616
1408,634
1408,651
1408,668
1408,687
1408,705
1408,724
1408,741
1408,759
1408,775
1408,791
1408,806
1408,822
1408,839
1408,855
1408,871
1408,888
1408,904
1408,921
1408,938
1408,955
1408,975
1408,992
1409,011
1409,029
1409,048
1409,068
1409,088
1409,109
1409,128
1409,146
1409,163
1409,181
1409,199
1409,218
1409,238
1409,257
1409,276
1409,294
1409,313
1409,331
1409,35
1409,369
1409,385
1409,404
1409,422
1409,439
1409,454
1409,47
1409,486
1409,501
1409,519
1409,535
1409,552
1409,57
1409,589
1409,607
1409,623
1409,64
1409,655
1409,672
1409,688
1409,704
1409,72
1409,736
1409,752
1409,769
1409,785
1409,801
1409,816
1409,832
1409,849
1409,865
1409,881
1409,897
1409,913
1409,929
1409,947
1409,964
1409,981
1409,998
1410,014
1410,031
1410,048
1410,064
1410,08
1410,097
1410,113
1410,13
1410,146
1410,161
1410,177
1410,193
1410,21
1410,228
1410,246
1410,264
1410,281
1410,301
1410,32
1410,337
1410,355
1410,373
1410,391
1410,41
1410,428
1410,448
1410,467
1410,485
1410,504
1410,525
1410,543
1410,562
1410,581
1410,599
1410,617
1410,635
1410,652
1410,672
1410,692
1410,71
1410,728
1410,745
1410,763
1410,781
1410,799
1410,817
1410,835
1410,851
1410,868
1410,884
1410,9
1410,917
1410,933
1410,948
1410,965
1410,982
1410,998
1411,014
1411,03
1411,049
1411,066
1411,083
1411,1
1411,117
1411,135
1411,152
1411,171
1411,189
1411,207
1411,225
1411,243
1411,26
1411,279
1411,295
1411,311
1411,329
1411,346
1411,364
1411,381
1411,396
1411,412
1411,429
1411,444
1411,46
1411,477
1411,494
1411,513
1411,531
1411,548
1411,566
1411,585
1411,605
1411,625
1411,642
1411,662
1411,68
1411,697
1411,716
1411,733
1411,753
1411,773
1411,794
1411,812
1411,83
1411,849
1411,866
1411,884
1411,902
1411,918
1411,934
1411,951
1411,968
1411,984
1412,001
1412,018
1412,034
1412,051
1412,068
1412,085
1412,104
1412,123
1412,141
1412,158
1412,175
1412,193
1412,211
1412,228
1412,245
1412,261
1412,278
1412,295
1412,313
1412,33
1412,348
1412,365
1412,381
1412,397
1412,412
1412,428
1412,446
1412,462
1412,478
1412,493
1412,509
1412,526
1412,542
1412,56
1412,575
1412,592
1412,608
1412,625
1412,641
1412,658
1412,674
1412,691
1412,708
1412,724
1412,741
1412,758
1412,774
1412,791
1412,807
1412,822
1412,837
1412,852
1412,869
1412,885
1412,903
1412,921
1412,937
1412,955
1412,973
1412,992
1413,008
1413,025
1413,042
1413,06
1413,078
1413,095
1413,113
1413,131
1413,149
1413,167
1413,187
1413,205
1413,223
1413,241
1413,262
1413,28
1413,298
1413,315
1413,333
1413,351
1413,371
1413,392
1413,412
1413,43
1413,448
1413,467
1413,485
1413,504
1413,521
1413,54
1413,559
1413,577
1413,595
1413,613
1413,631
1413,65
1413,668
1413,686
1413,703
1413,72
1413,736
1413,753
1413,771
1413,787
1413,803
1413,82
1413,837
1413,854
1413,871
1413,888
1413,907
1413,926
1413,944
1413,961
1413,978
1413,995
1414,013
1414,031
1414,049
1414,068
1414,085
1414,102
1414,118
1414,135
1414,151
1414,167
1414,182
1414,199
1414,215
1414,231
1414,248
1414,264
1414,28
1414,296
1414,312
1414,328
1414,344
1414,36
1414,375
1414,392
1414,408
1414,425
1414,441
1414,458
1414,474
1414,49
1414,505
1414,524
1414,538
1414,554
1414,571
1414,587
1414,602
1414,618
1414,634
1414,652
1414,67
1414,688
1414,705
1414,721
1414,739
1414,754
1414,77
1414,786
1414,802
1414,818
1414,836
1414,853
1414,871
1414,889
1414,904
1414,923
1414,941
1414,958
1414,974
1414,994
1415,012
1415,031
1415,049
1415,067
1415,084
1415,102
1415,122
1415,141
1415,159
1415,177
1415,195
1415,214
1415,231
1415,249
1415,268
1415,287
1415,307
1415,326
1415,345
1415,363
1415,382
1415,401
1415,42
1415,437
1415,455
1415,471
1415,487
1415,503
1415,521
1415,54
1415,558
1415,574
1415,591
1415,607
1415,624
1415,64
1415,655
1415,671
1415,687
1415,706
1415,724
1415,74
1415,757
1415,775
1415,793
1415,81
1415,828
1415,844
1415,862
1415,879
1415,895
1415,911
1415,928
1415,944
1415,961
1415,977
1415,993
1416,009
1416,024
1416,041
1416,058
1416,072
1416,088
1416,105
1416,121
1416,137
1416,152
1416,17
1416,187
1416,202
1416,219
1416,235
1416,252
1416,269
1416,286
1416,303
1416,319
1416,336
1416,354
1416,369
1416,386
1416,403
1416,42
1416,437
1416,456
1416,473
1416,491
1416,509
1416,524
1416,541
1416,557
1416,573
1416,59
1416,607
1416,622
1416,641
1416,656
1416,675
1416,694
1416,711
1416,729
1416,748
1416,766
1416,783
1416,801
1416,818
1416,835
1416,854
1416,873
1416,893
1416,912
1416,93
1416,948
1416,965
1416,983
1417,002
1417,02
1417,04
1417,059
1417,077
1417,093
1417,111
1417,129
1417,147
1417,166
1417,183
1417,201
1417,218
1417,235
1417,252
1417,268
1417,286
1417,303
1417,319
1417,336
1417,353
1417,369
1417,385
1417,402
1417,418
1417,434
1417,452
1417,469
1417,485
1417,502
1417,52
1417,537
1417,554
1417,571
1417,59
1417,606
1417,625
1417,642
1417,661
1417,679
1417,696
1417,712
1417,728
1417,745
1417,76
1417,776
1417,791
1417,808
1417,824
1417,84
1417,855
1417,87
1417,886
1417,902
1417,919
1417,937
1417,952
1417,969
1417,986
1418,003
1418,021
1418,037
1418,052
1418,068
1418,084
1418,101
1418,118
1418,134
1418,151
1418,167
1418,184
1418,202
1418,218
1418,236
1418,252
1418,269
1418,29
1418,307
1418,325
1418,342
1418,359
1418,374
1418,391
1418,408
1418,424
1418,44
1418,455
1418,474
1418,492
1418,51
1418,527
1418,546
1418,564
1418,582
1418,6
1418,619
1418,637
1418,656
1418,674
1418,69
1418,708
1418,728
1418,747
1418,767
1418,784
1418,803
1418,822
1418,839
1418,857
1418,876
1418,894
1418,911
1418,928
1418,946
1418,962
1418,98
1418,999
1419,016
1419,035
1419,053
1419,07
1419,088
1419,105
1419,121
1419,137
1419,152
1419,169
1419,185
1419,202
1419,218
1419,234
1419,25
1419,267
1419,283
1419,299
1419,315
1419,332
1419,35
1419,369
1419,387
1419,407
1419,425
1419,443
1419,46
1419,478
1419,496
1419,513
1419,529
1419,545
1419,562
1419,578
1419,594
1419,611
1419,627
1419,643
1419,659
1419,676
1419,692
1419,709
1419,726
1419,742
1419,759
1419,775
1419,791
1419,807
1419,824
1419,841
1419,858
1419,874
1419,891
1419,908
1419,924
1419,94
1419,956
1419,973
1419,99
1420,004
1420,029
1420,045
1420,061
1420,079
1420,095
1420,113
1420,13
1420,146
1420,162
1420,179
1420,195
1420,211
1420,228
1420,243
1420,258
1420,274
1420,29
1420,307
1420,323
1420,341
1420,358
1420,375
1420,393
1420,411
1420,429
1420,447
1420,465
1420,484
1420,502
1420,52
1420,539
1420,558
1420,576
1420,594
1420,611
1420,629
1420,647
1420,665
1420,684
1420,702
1420,721
1420,741
1420,759
1420,776
1420,796
1420,816
1420,832
1420,849
1420,867
1420,885
1420,903
1420,922
1420,94
1420,957
1420,974
1420,991
1421,007
1421,023
1421,039
1421,053
1421,069
1421,086
1421,102
1421,202
1421,217
1421,232
1421,246
1421,261
1421,274
1421,292
1421,31
1421,329
1421,348
1421,365
1421,383
1421,401
1421,419
1421,436
1421,453
1421,471
1421,488
1421,506
1421,523
1421,541
1421,558
1421,575
1421,592
1421,612
1421,63
1421,647
1421,665
1421,683
1421,699
1421,716
1421,733
1421,75
1421,768
1421,785
1421,804
1421,821
1421,84
1421,858
1421,875
1421,892
1421,909
1421,925
1421,943
1421,96
1421,979
1421,994
1422,01
1422,026
1422,043
1422,06
1422,076
1422,092
1422,109
1422,125
1422,142
1422,158
1422,173
1422,19
1422,206
1422,222
1422,24
1422,259
1422,276
1422,294
1422,312
1422,329
1422,347
1422,364
1422,381
1422,399
1422,419
1422,438
1422,456
1422,477
1422,497
1422,516
1422,533
1422,552
1422,571
1422,589
1422,608
1422,626
1422,645
1422,666
1422,684
1422,7
1422,716
1422,732
1422,748
1422,765
1422,781
1422,798
1422,816
1422,833
1422,85
1422,868
1422,884
1422,901
1422,919
1422,935
1422,952
1422,969
1422,987
1423,003
1423,02
1423,036
1423,054
1423,074
1423,089
1423,105
1423,121
1423,136
1423,152
1423,169
1423,186
1423,201
1423,217
1423,234
1423,25
1423,266
1423,286
1423,304
1423,32
1423,338
1423,355
1423,374
1423,394
1423,414
1423,433
1423,45
1423,469
1423,487
1423,505
1423,524
1423,544
1423,564
1423,583
1423,601
1423,619
1423,639
1423,658
1423,676
1423,694
1423,711
1423,729
1423,748
1423,766
1423,784
1423,799
1423,816
1423,833
1423,848
1423,864
1423,878
1423,895
1423,911
1423,926
1423,943
1423,959
1423,975
1423,992
1424,008
1424,024
1424,041
1424,057
1424,073
1424,091
1424,108
1424,126
1424,143
1424,159
1424,176
1424,194
1424,209
1424,226
1424,244
1424,261
1424,277
1424,293
1424,309
1424,325
1424,342
1424,358
1424,376
1424,394
1424,411
1424,43
1424,449
1424,467
1424,485
1424,504
1424,521
1424,539
1424,556
1424,575
1424,599
1424,617
1424,634
1424,651
1424,669
1424,687
1424,705
1424,724
1424,742
1424,76
1424,779
1424,797
1424,815
1424,832
1424,85
1424,867
1424,883
1424,899
1424,915
1424,931
1424,947
1424,963
1424,982
1424,998
1425,015
1425,031
1425,048
1425,064
1425,081
1425,096
1425,112
1425,128
1425,145
1425,16
1425,176
1425,193
1425,211
1425,227
1425,245
1425,262
1425,28
1425,295
1425,312
1425,33
1425,348
1425,367
1425,384
1425,402
1425,419
1425,436
1425,453
1425,471
1425,488
1425,506
1425,523
1425,543
1425,563
1425,583
1425,6
1425,62
1425,638
1425,657
1425,676
1425,696
1425,715
1425,733
1425,751
1425,771
1425,789
1425,807
1425,827
1425,846
1425,863
1425,88
1425,9
1425,917
1425,935
1425,953
1425,972
1425,988
1426,004
1426,02
1426,036
1426,052
1426,068
1426,084
1426,101
1426,116
1426,133
1426,148
1426,164
1426,18
1426,196
1426,214
1426,232
1426,25
1426,267
1426,285
1426,304
1426,321
1426,339
1426,357
1426,377
1426,398
1426,418
1426,439
1426,459
1426,481
1426,497
1426,515
1426,531
1426,551
1426,566
1426,584
1426,601
1426,618
1426,634
1426,651
1426,668
1426,685
1426,703
1426,72
1426,737
1426,755
1426,772
1426,789
1426,807
1426,824
1426,841
1426,859
1426,878
1426,9
1426,917
1426,934
1426,951
1426,969
1426,987
1427,006
1427,023
1427,042
1427,06
1427,079
1427,099
1427,116
1427,134
1427,15
1427,167
1427,184
1427,201
1427,217
1427,234
1427,252
1427,27
1427,287
1427,305
1427,325
1427,344
1427,365
1427,384
1427,402
1427,421
1427,439
1427,457
1427,476
1427,494
1427,513
1427,533
1427,554
1427,572
1427,589
1427,607
1427,625
1427,643
1427,661
1427,681
1427,699
1427,716
1427,734
1427,751
1427,77
1427,788
1427,806
1427,824
1427,84
1427,857
1427,874
1427,892
1427,91
1427,93
1427,947
1427,961
1427,977
1427,993
1428,009
1428,026
1428,044
1428,061
1428,08
1428,098
1428,115
1428,133
1428,151
1428,168
1428,186
1428,203
1428,22
1428,237
1428,255
1428,273
1428,29
1428,306
1428,322
1428,339
1428,355
1428,37
1428,387
1428,403
1428,419
1428,434
1428,451
1428,467
1428,484
1428,5
1428,517
1428,532
1428,549
1428,565
1428,58
1428,597
1428,611
1428,626
1428,643
1428,66
1428,681
1428,697
1428,714
1428,73
1428,746
1428,763
1428,78
1428,795
1428,812
1428,828
1428,847
1428,864
1428,88
1428,898
1428,915
1428,931
1428,947
1428,962
1428,977
1428,994
1429,013
1429,03
1429,048
1429,066
1429,083
1429,101
1429,119
1429,137
1429,156
1429,175
1429,193
1429,211
1429,23
1429,249
1429,269
1429,293
1429,314
1429,332
1429,349
1429,367
1429,385
1429,402
1429,421
1429,44
1429,459
1429,478
1429,496
1429,515
1429,532
1429,549
1429,566
1429,583
1429,6
1429,615
1429,631
1429,648
1429,664
1429,681
1429,697
1429,715
1429,732
1429,749
1429,766
1429,784
1429,803
1429,82
1429,839
1429,856
1429,872
1429,89
1429,907
1429,926
1429,944
1429,963
1429,98
1429,998
1430,016
1430,034
1430,052
1430,07
1430,088
1430,106
1430,122
1430,137
1430,153
1430,17
1430,186
1430,203
1430,218
1430,234
1430,25
1430,266
1430,283
1430,298
1430,314
1430,331
1430,347
1430,364
1430,378
1430,394
1430,41
1430,427
1430,443
1430,46
1430,476
1430,493
1430,511
1430,529
1430,547
1430,562
1430,578
1430,594
1430,61
1430,627
1430,644
1430,659
1430,675
1430,692
1430,709
1430,726
1430,744
1430,76
1430,776
1430,793
1430,809
1430,83
1430,848
1430,866
1430,884
1430,903
1430,922
1430,94
1430,958
1430,979
1430,998
1431,016
1431,034
1431,052
1431,07
1431,089
1431,107
1431,126
1431,144
1431,163
1431,182
1431,2
1431,217
1431,236
1431,254
1431,271
1431,289
1431,305
1431,322
1431,339
1431,355
1431,371
1431,389
1431,407
1431,426
1431,444
1431,462
1431,48
1431,497
1431,514
1431,533
1431,551
1431,569
1431,587
1431,605
1431,623
1431,64
1431,658
1431,675
1431,693
1431,711
1431,729
1431,747
1431,765
1431,781
1431,799
1431,816
1431,834
1431,853
1431,871
1431,89
1431,908
1431,926
1431,944
1431,964
1431,981
1432
1432,018
1432,038
1432,056
1432,075
1432,094
1432,113
1432,131
1432,15
1432,167
1432,186
1432,204
1432,222
1432,241
1432,259
1432,277
1432,296
1432,314
1432,333
1432,352
1432,369
1432,386
1432,403
1432,423
1432,44
1432,458
1432,477
1432,496
1432,514
1432,53
1432,547
1432,564
1432,58
1432,595
1432,61
1432,626
1432,643
1432,66
1432,678
1432,696
1432,713
1432,731
1432,749
1432,766
1432,784
1432,802
1432,819
1432,837
1432,854
1432,87
1432,886
1432,902
1432,919
1432,935
1432,951
1432,968
1432,984
1432,999
1433,015
1433,031
1433,047
1433,063
1433,079
1433,095
1433,111
1433,127
1433,143
1433,16
1433,176
1433,193
1433,209
1433,226
1433,243
1433,259
1433,276
1433,293
1433,308
1433,325
1433,341
1433,358
1433,379
1433,393
1433,413
1433,431
1433,448
1433,466
1433,483
1433,502
1433,517
1433,533
1433,551
1433,567
1433,582
1433,599
1433,615
1433,632
1433,65
1433,667
1433,685
1433,702
1433,72
1433,737
1433,756
1433,774
1433,79
1433,808
1433,827
1433,845
1433,864
1433,883
1433,901
1433,92
1433,938
1433,956
1433,973
1433,992
1434,01
1434,028
1434,048
1434,066
1434,083
1434,102
1434,12
1434,138
1434,156
1434,174
1434,192
1434,21
1434,23
1434,248
1434,264
1434,281
1434,297
1434,313
1434,33
1434,346
1434,36
1434,377
1434,392
1434,412
1434,43
1434,448
1434,466
1434,485
1434,502
1434,521
1434,538
1434,555
1434,573
1434,59
1434,604
1434,62
1434,636
1434,653
1434,671
1434,688
1434,704
1434,721
1434,738
1434,754
1434,771
1434,787
1434,803
1434,819
1434,834
1434,851
1434,868
1434,886
1434,903
1434,92
1434,936
1434,951
1434,967
1434,984
1435
1435,015
1435,032
1435,048
1435,064
1435,08
1435,095
1435,11
1435,127
1435,143
1435,16
1435,175
1435,192
1435,208
1435,224
1435,24
1435,256
1435,274
1435,291
1435,308
1435,325
1435,342
1435,358
1435,375
1435,394
1435,414
1435,431
1435,449
1435,467
1435,487
1435,505
1435,522
1435,54
1435,557
1435,576
1435,592
1435,608
1435,624
1435,64
1435,657
1435,673
1435,69
1435,706
1435,722
1435,738
1435,757
1435,776
1435,795
1435,812
1435,831
1435,849
1435,87
1435,889
1435,906
1435,925
1435,944
1435,963
1435,982
1436
1436,019
1436,036
1436,055
1436,073
1436,094
1436,113
1436,131
1436,15
1436,169
1436,186
1436,204
1436,223
1436,241
1436,259
1436,276
1436,291
1436,308
1436,324
1436,342
1436,36
1436,378
1436,394
1436,413
1436,43
1436,448
1436,466
1436,485
1436,503
1436,521
1436,539
1436,556
1436,574
1436,591
1436,608
1436,626
1436,642
1436,66
1436,676
1436,69
1436,704
1436,72
1436,735
1436,751
1436,767
1436,783
1436,8
1436,816
1436,832
1436,849
1436,865
1436,881
1436,897
1436,914
1436,93
1436,948
1436,965
1436,983
1436,999
1437,016
1437,032
1437,048
1437,064
1437,079
1437,095
1437,113
1437,128
1437,144
1437,159
1437,175
1437,195
1437,212
1437,23
1437,248
1437,265
1437,283
1437,302
1437,32
1437,337
1437,355
1437,373
1437,392
1437,413
1437,431
1437,449
1437,467
1437,486
1437,505
1437,524
1437,541
1437,559
1437,577
1437,596
1437,616
1437,634
1437,653
1437,672
1437,69
1437,707
1437,724
1437,74
1437,757
1437,773
1437,791
1437,807
1437,824
1437,84
1437,855
1437,873
1437,89
1437,906
1437,923
1437,94
1437,956
1437,973
1437,99
1438,007
1438,024
1438,041
1438,059
1438,076
1438,093
1438,109
1438,125
1438,142
1438,158
1438,174
1438,192
1438,212
1438,229
1438,247
1438,265
1438,283
1438,3
1438,317
1438,335
1438,352
1438,372
1438,39
1438,409
1438,427
1438,445
1438,464
1438,484
1438,503
1438,521
1438,538
1438,557
1438,575
1438,593
1438,612
1438,632
1438,651
1438,668
1438,687
1438,705
1438,724
1438,742
1438,762
1438,78
1438,798
1438,814
1438,835
1438,852
1438,869
1438,885
1438,901
1438,917
1438,933
1438,949
1438,966
1438,983
1438,999
1439,015
1439,031
1439,047
1439,063
1439,08
1439,096
1439,112
1439,13
1439,146
1439,164
1439,181
1439,198
1439,215
1439,232
1439,25
1439,266
1439,283
1439,301
1439,318
1439,335
1439,353
1439,37
1439,387
1439,403
1439,42
1439,437
1439,452
1439,468
1439,484
1439,5
1439,516
1439,532
1439,548
1439,564
1439,58
1439,596
1439,612
1439,628
1439,645
1439,661
1439,675
1439,691
1439,708
1439,725
1439,741
1439,758
1439,774
1439,791
1439,807
1439,824
1439,84
1439,856
1439,873
1439,89
1439,907
1439,924
1439,941
1439,958
1439,975
1439,991
1440,008
1440,024
1440,041
1440,057
1440,073
1440,091
1440,109
1440,126
1440,143
1440,162
1440,18
1440,197
1440,214
1440,232
1440,25
1440,268
1440,286
1440,304
1440,321
1440,339
1440,357
1440,375
1440,393
1440,411
1440,43
1440,446
1440,463
1440,48
1440,496
1440,513
1440,529
1440,545
1440,563
1440,58
1440,597
1440,613
1440,629
1440,646
1440,661
1440,677
1440,692
1440,708
1440,724
1440,742
1440,76
1440,778
1440,795
1440,812
1440,83
1440,846
1440,862
1440,879
1440,895
1440,911
1440,927
1440,944
1440,96
1440,976
1440,996
1441,012
1441,029
1441,047
1441,064
1441,082
1441,101
1441,12
1441,137
1441,155
1441,173
1441,191
1441,21
1441,231
1441,249
1441,266
1441,285
1441,302
1441,32
1441,337
1441,356
1441,374
1441,392
1441,412
1441,43
1441,449
1441,467
1441,486
1441,503
1441,519
1441,536
1441,551
1441,568
1441,582
1441,597
1441,614
1441,63
1441,646
1441,661
1441,678
1441,691
1441,707
1441,724
1441,741
1441,756
1441,772
1441,788
1441,804
1441,821
1441,838
1441,855
1441,872
1441,89
1441,907
1441,924
1441,941
1441,96
1441,979
1441,997
1442,015
1442,032
1442,05
1442,068
1442,086
1442,104
1442,122
1442,14
1442,155
1442,173
1442,19
1442,208
1442,225
1442,243
1442,261
1442,28
1442,296
1442,314
1442,332
1442,351
1442,369
1442,387
1442,404
1442,422
1442,44
1442,458
1442,475
1442,494
1442,514
1442,531
1442,549
1442,568
1442,587
1442,605
1442,623
1442,642
1442,658
1442,675
1442,692
1442,708
1442,725
1442,743
1442,76
1442,779
1442,796
1442,814
1442,832
1442,849
1442,867
1442,884
1442,902
1442,921
1442,937
1442,954
1442,972
1442,989
1443,006
1443,026
1443,043
1443,061
1443,078
1443,094
1443,111
1443,128
1443,147
1443,163
1443,18
1443,197
1443,213
1443,228
1443,244
1443,26
1443,276
1443,295
1443,312
1443,329
1443,346
1443,363
1443,38
1443,397
1443,415
1443,432
1443,45
1443,466
1443,482
1443,498
1443,514
1443,531
1443,547
1443,563
1443,58
1443,595
1443,61
1443,628
1443,645
1443,662
1443,679
1443,696
1443,713
1443,731
1443,748
1443,766
1443,783
1443,8
1443,818
1443,835
1443,853
1443,87
1443,888
1443,906
1443,923
1443,94
1443,957
1443,976
1443,993
1444,01
1444,027
1444,044
1444,059
1444,074
1444,09
1444,106
1444,123
1444,14
1444,158
1444,174
1444,192
1444,209
1444,226
1444,244
1444,261
1444,279
1444,297
1444,313
1444,329
1444,345
1444,362
1444,378
1444,394
1444,412
1444,43
1444,448
1444,465
1444,482
1444,499
1444,516
1444,535
1444,553
1444,572
1444,589
1444,608
1444,626
1444,644
1444,662
1444,68
1444,698
1444,715
1444,733
1444,752
1444,769
1444,786
1444,803
1444,821
1444,839
1444,857
1444,875
1444,893
1444,911
1444,929
1444,948
1444,966
1444,984
1445,001
1445,019
1445,036
1445,054
1445,071
1445,087
1445,103
1445,12
1445,136
1445,154
1445,171
1445,189
1445,207
1445,224
1445,242
1445,259
1445,276
1445,293
1445,31
1445,328
1445,345
1445,361
1445,38
1445,397
1445,416
1445,435
1445,453
1445,471
1445,488
1445,506
1445,523
1445,54
1445,558
1445,574
1445,591
1445,609
1445,627
1445,645
1445,664
1445,681
1445,699
1445,716
1445,735
1445,753
1445,771
1445,788
1445,806
1445,825
1445,842
1445,86
1445,881
1445,901
1445,919
1445,936
1445,955
1445,972
1445,991
1446,008
1446,026
1446,044
1446,063
1446,081
1446,099
1446,116
1446,135
1446,155
1446,173
1446,19
1446,208
1446,226
1446,245
1446,263
1446,281
1446,299
1446,315
1446,332
1446,351
1446,367
1446,384
1446,402
1446,42
1446,435
1446,452
1446,468
1446,485
1446,502
1446,52
1446,536
1446,554
1446,573
1446,591
1446,609
1446,627
1446,644
1446,66
1446,677
1446,693
1446,711
1446,728
1446,745
1446,762
1446,78
1446,797
1446,814
1446,831
1446,849
1446,866
1446,882
1446,898
1446,914
1446,93
1446,946
1446,963
1446,979
1446,995
1447,013
1447,028
1447,044
1447,061
1447,079
1447,096
1447,114
1447,129
1447,146
1447,163
1447,181
1447,198
1447,215
1447,232
1447,249
1447,265
1447,281
1447,297
1447,314
1447,33
1447,346
1447,362
1447,379
1447,394
1447,409
1447,425
1447,441
1447,459
1447,477
1447,495
1447,514
1447,533
1447,55
1447,568
1447,586
1447,604
1447,622
1447,641
1447,662
1447,68
1447,698
1447,715
1447,733
1447,75
1447,767
1447,786
1447,803
1447,821
1447,839
1447,857
1447,876
1447,894
1447,913
1447,931
1447,955
1447,973
1447,992
1448,011
1448,029
1448,048
1448,067
1448,085
1448,102
1448,119
1448,136
1448,154
1448,172
1448,191
1448,209
1448,227
1448,245
1448,263
1448,281
1448,298
1448,316
1448,331
1448,348
1448,365
1448,382
1448,399
1448,416
1448,433
1448,45
1448,468
1448,485
1448,502
1448,521
1448,539
1448,557
1448,576
1448,594
1448,613
1448,632
1448,651
1448,669
1448,687
1448,705
1448,722
1448,741
1448,76
1448,778
1448,799
1448,816
1448,834
1448,851
1448,869
1448,887
1448,905
1448,923
1448,941
1448,96
1448,978
1448,996
1449,014
1449,031
1449,047
1449,064
1449,08
1449,097
1449,113
1449,129
1449,145
1449,162
1449,178
1449,195
1449,211
1449,228
1449,245
1449,262
1449,28
1449,296
1449,313
1449,331
1449,347
1449,364
1449,382
1449,399
1449,416
1449,433
1449,45
1449,466
1449,484
1449,5
1449,518
1449,535
1449,552
1449,571
1449,588
1449,605
1449,623
1449,64
1449,658
1449,678
1449,699
1449,717
1449,735
1449,752
1449,771
1449,788
1449,806
1449,824
1449,842
1449,862
1449,88
1449,899
1449,916
1449,934
1449,952
1449,971
1449,988
1450,006
1450,025
1450,044
1450,063
1450,081
1450,1
1450,117
1450,135
1450,153
1450,172
1450,19
1450,207
1450,224
1450,242
1450,26
1450,278
1450,295
1450,312
1450,33
1450,347
1450,365
1450,382
1450,399
1450,417
1450,434
1450,452
1450,47
1450,487
1450,506
1450,524
1450,54
1450,556
1450,572
1450,587
1450,603
1450,618
1450,634
1450,649
1450,665
1450,681
1450,696
1450,713
1450,73
1450,747
1450,766
1450,785
1450,803
1450,821
1450,839
1450,857
1450,875
1450,891
1450,908
1450,925
1450,941
1450,958
1450,974
1450,99
1451,006
1451,022
1451,037
1451,053
1451,07
1451,088
1451,104
1451,121
1451,138
1451,155
1451,173
1451,189
1451,205
1451,221
1451,236
1451,252
1451,266
1451,281
1451,297
1451,316
1451,332
1451,35
1451,367
1451,386
1451,403
1451,422
1451,439
1451,458
1451,477
1451,494
1451,512
1451,53
1451,549
1451,569
1451,587
1451,605
1451,623
1451,641
1451,659
1451,678
1451,696
1451,714
1451,732
1451,75
1451,767
1451,785
1451,802
1451,819
1451,837
1451,854
1451,872
1451,89
1451,909
1451,929
1451,948
1451,965
1451,983
1452
1452,016
1452,034
1452,051
1452,067
1452,084
1452,101
1452,119
1452,137
1452,154
1452,171
1452,189
1452,206
1452,224
1452,242
1452,259
1452,276
1452,292
1452,309
1452,327
1452,345
1452,362
1452,378
1452,394
1452,41
1452,425
1452,442
1452,459
1452,474
1452,49
1452,507
1452,523
1452,538
1452,554
1452,571
1452,587
1452,603
1452,62
1452,637
1452,654
1452,671
1452,687
1452,704
1452,721
1452,737
1452,753
1452,769
1452,787
1452,804
1452,82
1452,836
1452,852
1452,869
1452,885
1452,902
1452,92
1452,936
1452,953
1452,97
1452,987
1453,004
1453,021
1453,038
1453,057
1453,074
1453,092
1453,11
1453,127
1453,145
1453,163
1453,181
1453,198
1453,214
1453,232
1453,25
1453,267
1453,284
1453,3
1453,317
1453,334
1453,349
1453,367
1453,383
1453,399
1453,415
1453,433
1453,449
1453,466
1453,482
1453,498
1453,513
1453,53
1453,545
1453,561
1453,578
1453,594
1453,611
1453,628
1453,644
1453,659
1453,675
1453,691
1453,707
1453,724
1453,74
1453,756
1453,773
1453,79
1453,806
1453,824
1453,841
1453,858
1453,875
1453,891
1453,907
1453,923
1453,939
1453,955
1453,973
1453,991
1454,008
1454,025
1454,044
1454,061
1454,079
1454,097
1454,114
1454,133
1454,151
1454,169
1454,186
1454,203
1454,221
1454,239
1454,256
1454,273
1454,29
1454,307
1454,323
1454,338
1454,354
1454,371
1454,386
1454,404
1454,42
1454,436
1454,452
1454,468
1454,484
1454,5
1454,516
1454,531
1454,547
1454,564
1454,581
1454,598
1454,614
1454,631
1454,648
1454,664
1454,681
1454,697
1454,714
1454,731
1454,747
1454,764
1454,781
1454,796
1454,811
1454,828
1454,844
1454,862
1454,879
1454,897
1454,916
1454,935
1454,953
1454,971
1454,988
1455,007
1455,025
1455,045
1455,063
1455,08
1455,098
1455,114
1455,214
1455,23
1455,244
1455,259
1455,274
1455,287
1455,306
1455,325
1455,341
1455,358
1455,375
1455,393
1455,41
1455,427
1455,444
1455,461
1455,477
1455,493
1455,51
1455,527
1455,545
1455,562
1455,579
1455,596
1455,614
1455,633
1455,649
1455,664
1455,68
1455,696
1455,713
1455,732
1455,75
1455,767
1455,784
1455,802
1455,822
1455,84
1455,859
1455,877
1455,894
1455,912
1455,931
1455,949
1455,967
1455,985
1456,003
1456,021
1456,04
1456,057
1456,075
1456,093
1456,111
1456,13
1456,147
1456,164
1456,177
1456,192
1456,209
1456,225
1456,242
1456,259
1456,275
1456,293
1456,31
1456,326
1456,342
1456,358
1456,375
1456,392
1456,409
1456,427
1456,444
1456,463
1456,481
1456,499
1456,516
1456,534
1456,552
1456,568
1456,583
1456,6
1456,616
1456,633
1456,648
1456,663
1456,679
1456,695
1456,711
1456,728
1456,745
1456,761
1456,778
1456,795
1456,813
1456,83
1456,849
1456,866
1456,884
1456,903
1456,922
1456,94
1456,958
1456,976
1456,994
1457,012
1457,031
1457,049
1457,068
1457,086
1457,106
1457,123
1457,141
1457,159
1457,177
1457,194
1457,212
1457,231
1457,248
1457,264
1457,279
1457,296
1457,314
1457,333
1457,35
1457,368
1457,385
1457,403
1457,42
1457,437
1457,453
1457,469
1457,485
1457,502
1457,518
1457,534
1457,551
1457,566
1457,583
1457,599
1457,617
1457,634
1457,651
1457,667
1457,684
1457,702
1457,719
1457,737
1457,753
1457,771
1457,786
1457,802
1457,818
1457,834
1457,85
1457,866
1457,882
1457,897
1457,913
1457,929
1457,946
1457,962
1457,979
1457,995
1458,013
1458,029
1458,047
1458,063
1458,08
1458,097
1458,113
1458,132
1458,149
1458,163
1458,18
1458,2
1458,218
1458,234
1458,252
1458,269
1458,287
1458,304
1458,32
1458,336
1458,351
1458,367
1458,385
1458,403
1458,421
1458,439
1458,456
1458,474
1458,491
1458,509
1458,526
1458,549
1458,567
1458,584
1458,601
1458,619
1458,637
1458,655
1458,672
1458,691
1458,712
1458,729
1458,747
1458,766
1458,783
1458,799
1458,814
1458,831
1458,846
1458,863
1458,879
1458,895
1458,912
1458,929
1458,946
1458,962
1458,978
1458,995
1459,011
1459,028
1459,046
1459,063
1459,08
1459,097
1459,116
1459,134
1459,152
1459,169
1459,186
1459,203
1459,221
1459,238
1459,253
1459,27
1459,285
1459,303
1459,321
1459,338
1459,355
1459,373
1459,389
1459,405
1459,421
1459,437
1459,454
1459,469
1459,486
1459,502
1459,519
1459,534
1459,55
1459,566
1459,582
1459,599
1459,615
1459,63
1459,647
1459,664
1459,68
1459,697
1459,713
1459,731
1459,749
1459,766
1459,784
1459,801
1459,819
1459,837
1459,853
1459,87
1459,889
1459,906
1459,923
1459,941
1459,958
1459,975
1459,993
1460,012
1460,029
1460,047
1460,065
1460,083
1460,1
1460,118
1460,135
1460,153
1460,17
1460,188
1460,207
1460,226
1460,245
1460,263
1460,282
1460,301
1460,319
1460,337
1460,355
1460,373
1460,391
1460,408
1460,427
1460,445
1460,464
1460,484
1460,501
1460,52
1460,538
1460,556
1460,573
1460,59
1460,608
1460,625
1460,642
1460,661
1460,678
1460,695
1460,712
1460,729
1460,746
1460,764
1460,781
1460,798
1460,816
1460,833
1460,85
1460,868
1460,886
1460,904
1460,922
1460,941
1460,959
1460,977
1460,994
1461,012
1461,027
1461,042
1461,059
1461,077
1461,095
1461,112
1461,13
1461,148
1461,166
1461,183
1461,201
1461,219
1461,237
1461,255
1461,274
1461,292
1461,311
1461,328
1461,348
1461,368
1461,385
1461,403
1461,421
1461,439
1461,457
1461,475
1461,493
1461,512
1461,531
1461,549
1461,566
1461,585
1461,604
1461,621
1461,639
1461,657
1461,676
1461,693
1461,719
1461,735
1461,751
1461,767
1461,783
1461,799
1461,813
1461,828
1461,846
1461,864
1461,882
1461,9
1461,918
1461,933
1461,951
1461,967
1461,984
1462
1462,018
1462,033
1462,049
1462,064
1462,08
1462,096
1462,111
1462,127
1462,143
1462,16
1462,176
1462,193
1462,21
1462,226
1462,243
1462,259
1462,275
1462,291
1462,307
1462,326
1462,342
1462,359
1462,376
1462,392
1462,409
1462,426
1462,442
1462,46
1462,476
1462,493
1462,509
1462,526
1462,542
1462,558
1462,576
1462,594
1462,61
1462,628
1462,644
1462,661
1462,677
1462,693
1462,709
1462,724
1462,74
1462,756
1462,772
1462,79
1462,807
1462,825
1462,843
1462,861
1462,878
1462,895
1462,919
1462,939
1462,958
1462,976
1462,993
1463,01
1463,028
1463,048
1463,068
1463,085
1463,104
1463,122
1463,14
1463,158
1463,176
1463,194
1463,213
1463,232
1463,25
1463,268
1463,286
1463,305
1463,324
1463,342
1463,359
1463,376
1463,392
1463,409
1463,426
1463,442
1463,459
1463,475
1463,493
1463,509
1463,526
1463,543
1463,559
1463,576
1463,593
1463,609
1463,625
1463,641
1463,658
1463,676
1463,693
1463,711
1463,729
1463,748
1463,767
1463,784
1463,803
1463,821
1463,839
1463,856
1463,873
1463,889
1463,905
1463,921
1463,937
1463,953
1463,969
1463,986
1464,002
1464,018
1464,035
1464,051
1464,067
1464,083
1464,099
1464,116
1464,133
1464,15
1464,165
1464,18
1464,194
1464,211
1464,226
1464,244
1464,26
1464,275
1464,291
1464,308
1464,326
1464,343
1464,361
1464,378
1464,396
1464,412
1464,428
1464,444
1464,462
1464,478
1464,495
1464,512
1464,529
1464,544
1464,561
1464,579
1464,595
1464,611
1464,629
1464,646
1464,666
1464,683
1464,701
1464,719
1464,737
1464,755
1464,773
1464,79
1464,808
1464,825
1464,843
1464,861
1464,879
1464,894
1464,911
1464,927
1464,943
1464,959
1464,976
1464,992
1465,009
1465,026
1465,042
1465,058
1465,074
1465,091
1465,108
1465,124
1465,14
1465,157
1465,173
1465,189
1465,206
1465,223
1465,239
1465,256
1465,273
1465,289
1465,305
1465,321
1465,338
1465,354
1465,37
1465,387
1465,404
1465,42
1465,436
1465,453
1465,47
1465,489
1465,505
1465,523
1465,541
1465,557
1465,575
1465,593
1465,612
1465,63
1465,648
1465,666
1465,685
1465,702
1465,72
1465,738
1465,756
1465,773
1465,789
1465,805
1465,822
1465,837
1465,851
1465,867
1465,885
1465,901
1465,918
1465,935
1465,952
1465,967
1465,984
1466,001
1466,018
1466,033
1466,049
1466,067
1466,084
1466,102
1466,119
1466,135
1466,151
1466,168
1466,185
1466,201
1466,218
1466,234
1466,25
1466,266
1466,285
1466,301
1466,318
1466,332
1466,349
1466,366
1466,384
1466,399
1466,416
1466,435
1466,452
1466,47
1466,489
1466,507
1466,525
1466,541
1466,558
1466,576
1466,596
1466,615
1466,632
1466,65
1466,668
1466,686
1466,703
1466,721
1466,74
1466,759
1466,777
1466,796
1466,815
1466,832
1466,85
1466,867
1466,883
1466,901
1466,918
1466,934
1466,951
1466,966
1466,982
1466,999
1467,015
1467,033
1467,05
1467,068
1467,086
1467,103
1467,12
1467,138
1467,155
1467,173
1467,19
1467,207
1467,223
1467,238
1467,255
1467,271
1467,288
1467,305
1467,323
1467,34
1467,358
1467,374
1467,391
1467,409
1467,426
1467,443
1467,46
1467,477
1467,494
1467,51
1467,526
1467,542
1467,558
1467,574
1467,59
1467,606
1467,622
1467,64
1467,655
1467,672
1467,688
1467,704
1467,72
1467,736
1467,752
1467,768
1467,784
1467,801
1467,817
1467,833
1467,848
1467,864
1467,878
1467,895
1467,914
1467,932
1467,949
1467,966
1467,983
1467,999
1468,016
1468,032
1468,048
1468,062
1468,078
1468,094
1468,111
1468,129
1468,145
1468,161
1468,177
1468,194
1468,209
1468,226
1468,243
1468,261
1468,278
1468,295
1468,313
1468,33
1468,346
1468,362
1468,38
1468,398
1468,415
1468,432
1468,45
1468,468
1468,485
1468,502
1468,52
1468,536
1468,553
1468,569
1468,585
1468,601
1468,617
1468,633
1468,648
1468,665
1468,682
1468,698
1468,714
1468,732
1468,748
1468,762
1468,779
1468,794
1468,812
1468,832
1468,851
1468,869
1468,887
1468,905
1468,923
1468,941
1468,961
1468,979
1468,998
1469,016
1469,034
1469,052
1469,069
1469,087
1469,106
1469,124
1469,142
1469,161
1469,179
1469,196
1469,215
1469,233
1469,251
1469,269
1469,286
1469,304
1469,322
1469,34
1469,358
1469,376
1469,392
1469,408
1469,425
1469,441
1469,458
1469,474
1469,492
1469,509
1469,526
1469,542
1469,56
1469,577
1469,595
1469,61
1469,626
1469,642
1469,658
1469,675
1469,691
1469,707
1469,723
1469,741
1469,757
1469,773
1469,789
1469,806
1469,823
1469,838
1469,854
1469,871
1469,888
1469,904
1469,921
1469,937
1469,952
1469,968
1469,984
1470,002
1470,018
1470,035
1470,051
1470,067
1470,083
1470,097
1470,113
1470,133
1470,152
1470,17
1470,187
1470,204
1470,222
1470,241
1470,259
1470,276
1470,294
1470,312
1470,33
1470,348
1470,367
1470,385
1470,402
1470,422
1470,441
1470,46
1470,479
1470,498
1470,516
1470,534
1470,552
1470,571
1470,589
1470,607
1470,626
1470,645
1470,663
1470,681
1470,696
1470,712
1470,732
1470,75
1470,767
1470,783
1470,8
1470,816
1470,832
1470,849
1470,864
1470,88
1470,897
1470,912
1470,928
1470,944
1470,96
1470,978
1470,997
1471,016
1471,033
1471,05
1471,068
1471,085
1471,102
1471,119
1471,135
1471,152
1471,169
1471,185
1471,201
1471,217
1471,233
1471,249
1471,265
1471,282
1471,298
1471,313
1471,329
1471,344
1471,361
1471,377
1471,393
1471,41
1471,427
1471,443
1471,46
1471,476
1471,493
1471,509
1471,526
1471,541
1471,557
1471,573
1471,589
1471,605
1471,622
1471,639
1471,654
1471,67
1471,686
1471,702
1471,719
1471,736
1471,753
1471,77
1471,786
1471,802
1471,818
1471,834
1471,85
1471,867
1471,883
1471,898
1471,913
1471,929
1471,947
1471,966
1471,983
1472,001
1472,018
1472,035
1472,053
1472,071
1472,088
1472,105
1472,123
1472,14
1472,159
1472,177
1472,199
1472,217
1472,235
1472,253
1472,271
1472,288
1472,306
1472,324
1472,342
1472,359
1472,377
1472,397
1472,416
1472,434
1472,452
1472,472
1472,49
1472,507
1472,522
1472,541
1472,558
1472,575
1472,593
1472,612
1472,629
1472,647
1472,664
1472,682
1472,699
1472,716
1472,734
1472,751
1472,769
1472,786
1472,803
1472,821
1472,839
1472,856
1472,874
1472,891
1472,907
1472,923
1472,938
1472,954
1472,971
1472,988
1473,005
1473,02
1473,037
1473,054
1473,072
1473,089
1473,106
1473,125
1473,144
1473,161
1473,177
1473,193
1473,21
1473,226
1473,242
1473,259
1473,275
1473,291
1473,308
1473,324
1473,34
1473,355
1473,371
1473,388
1473,406
1473,423
1473,44
1473,458
1473,475
1473,492
1473,51
1473,527
1473,543
1473,561
1473,578
1473,594
1473,609
1473,625
1473,642
1473,659
1473,675
1473,693
1473,71
1473,727
1473,743
1473,761
1473,778
1473,794
1473,812
1473,83
1473,847
1473,865
1473,884
1473,9
1473,917
1473,934
1473,951
1473,968
1473,985
1474,001
1474,018
1474,034
1474,051
1474,068
1474,084
1474,1
1474,117
1474,133
1474,149
1474,166
1474,182
1474,199
1474,214
1474,229
1474,245
1474,261
1474,278
1474,295
1474,314
1474,332
1474,35
1474,368
1474,386
1474,404
1474,422
1474,441
1474,46
1474,479
1474,497
1474,515
1474,534
1474,552
1474,571
1474,589
1474,608
1474,626
1474,644
1474,661
1474,681
1474,699
1474,717
1474,736
1474,754
1474,772
1474,792
1474,809
1474,826
1474,844
1474,861
1474,878
1474,895
1474,911
1474,926
1474,942
1474,959
1474,975
1474,992
1475,008
1475,024
1475,041
1475,057
1475,073
1475,09
1475,107
1475,124
1475,141
1475,159
1475,175
1475,193
1475,211
1475,228
1475,243
1475,26
1475,277
1475,293
1475,309
1475,326
1475,35
1475,366
1475,382
1475,399
1475,415
1475,428
1475,444
1475,462
1475,481
1475,499
1475,517
1475,534
1475,552
1475,569
1475,586
1475,604
1475,622
1475,642
1475,66
1475,677
1475,697
1475,716
1475,734
1475,752
1475,77
1475,789
1475,807
1475,825
1475,843
1475,861
1475,882
1475,901
1475,92
1475,937
1475,954
1475,971
1475,987
1476,004
1476,019
1476,035
1476,051
1476,067
1476,083
1476,099
1476,115
1476,132
1476,148
1476,164
1476,18
1476,197
1476,214
1476,228
1476,244
1476,26
1476,276
1476,292
1476,309
1476,326
1476,343
1476,359
1476,375
1476,391
1476,407
1476,426
1476,443
1476,461
1476,478
1476,495
1476,511
1476,529
1476,545
1476,563
1476,58
1476,598
1476,614
1476,631
1476,647
1476,665
1476,682
1476,7
1476,717
1476,733
1476,751
1476,768
1476,785
1476,803
1476,82
1476,836
1476,852
1476,868
1476,884
1476,9
1476,916
1476,932
1476,947
1476,961
1476,977
1476,993
1477,01
1477,026
1477,043
1477,061
1477,078
1477,094
1477,114
1477,129
1477,145
1477,162
1477,177
1477,193
1477,209
1477,225
1477,242
1477,259
1477,276
1477,292
1477,308
1477,325
1477,343
1477,361
1477,379
1477,398
1477,416
1477,434
1477,451
1477,469
1477,486
1477,505
1477,523
1477,541
1477,561
1477,578
1477,595
1477,614
1477,631
1477,649
1477,668
1477,688
1477,705
1477,724
1477,742
1477,76
1477,78
1477,799
1477,817
1477,834
1477,851
1477,867
1477,883
1477,9
1477,916
1477,932
1477,948
1477,964
1477,979
1477,994
1478,01
1478,027
1478,043
1478,058
1478,074
1478,091
1478,108
1478,126
1478,143
1478,159
1478,176
1478,193
1478,21
1478,226
1478,243
1478,261
1478,278
1478,295
1478,314
1478,331
1478,349
1478,367
1478,385
1478,402
1478,418
1478,434
1478,453
1478,472
1478,49
1478,509
1478,527
1478,545
1478,565
1478,585
1478,603
1478,621
1478,639
1478,656
1478,674
1478,691
1478,709
1478,728
1478,747
1478,765
1478,783
1478,801
1478,819
1478,837
1478,855
1478,873
1478,891
1478,909
1478,927
1478,944
1478,961
1478,981
1479
1479,017
1479,033
1479,05
1479,065
1479,081
1479,097
1479,113
1479,128
1479,144
1479,159
1479,177
1479,193
1479,209
1479,227
1479,245
1479,262
1479,28
1479,298
1479,315
1479,332
1479,35
1479,368
1479,387
1479,406
1479,424
1479,443
1479,46
1479,477
1479,493
1479,508
1479,524
1479,541
1479,556
1479,571
1479,587
1479,604
1479,62
1479,636
1479,65
1479,668
1479,685
1479,703
1479,72
1479,738
1479,756
1479,774
1479,793
1479,815
1479,832
1479,85
1479,868
1479,884
1479,901
1479,919
1479,938
1479,957
1479,976
1479,997
1480,015
1480,034
1480,052
1480,069
1480,087
1480,106
1480,125
1480,143
1480,161
1480,179
1480,197
1480,214
1480,231
1480,249
1480,266
1480,283
1480,3
1480,317
1480,333
1480,349
1480,367
1480,383
1480,4
1480,416
1480,433
1480,448
1480,465
1480,481
1480,497
1480,512
1480,528
1480,545
1480,563
1480,58
1480,596
1480,613
1480,627
1480,643
1480,66
1480,675
1480,692
1480,708
1480,724
1480,74
1480,757
1480,773
1480,789
1480,806
1480,823
1480,839
1480,855
1480,872
1480,89
1480,908
1480,925
1480,943
1480,961
1480,98
1480,999
1481,018
1481,037
1481,055
1481,074
1481,092
1481,11
1481,128
1481,147
1481,164
1481,182
1481,2
1481,218
1481,235
1481,254
1481,272
1481,291
1481,31
1481,33
1481,347
1481,365
1481,383
1481,401
1481,418
1481,434
1481,452
1481,469
1481,486
1481,503
1481,519
1481,534
1481,55
1481,566
1481,582
1481,599
1481,614
1481,631
1481,645
1481,661
1481,678
1481,692
1481,708
1481,725
1481,741
1481,758
1481,776
1481,793
1481,809
1481,827
1481,844
1481,865
1481,885
1481,904
1481,92
1481,938
1481,955
1481,971
1481,989
1482,007
1482,025
1482,042
1482,061
1482,079
1482,096
1482,113
1482,132
1482,15
1482,168
1482,188
1482,204
1482,22
1482,235
1482,25
1482,267
1482,283
1482,299
1482,314
1482,328
1482,343
1482,359
1482,375
1482,392
1482,409
1482,425
1482,441
1482,457
1482,474
1482,49
1482,507
1482,524
1482,541
1482,557
1482,575
1482,592
1482,608
1482,625
1482,642
1482,66
1482,676
1482,694
1482,71
1482,727
1482,743
1482,76
1482,775
1482,792
1482,809
1482,826
1482,843
1482,861
1482,877
1482,893
1482,91
1482,926
1482,942
1482,959
1482,977
1482,994
1483,012
1483,031
1483,049
1483,067
1483,086
1483,104
1483,121
1483,138
1483,156
1483,173
1483,191
1483,21
1483,227
1483,244
1483,261
1483,279
1483,296
1483,313
1483,331
1483,349
1483,366
1483,382
1483,399
1483,415
1483,432
1483,448
1483,465
1483,483
1483,499
1483,515
1483,532
1483,547
1483,564
1483,581
1483,598
1483,614
1483,63
1483,646
1483,663
1483,681
1483,697
1483,713
1483,731
1483,747
1483,764
1483,78
1483,795
1483,813
1483,831
1483,848
1483,864
1483,881
1483,898
1483,915
1483,932
1483,949
1483,966
1483,982
1484
1484,017
1484,035
1484,054
1484,071
1484,089
1484,106
1484,124
1484,142
1484,162
1484,182
1484,2
1484,218
1484,234
1484,252
1484,27
1484,288
1484,307
1484,326
1484,344
1484,362
1484,381
1484,399
1484,414
1484,432
1484,448
1484,464
1484,481
1484,498
1484,514
1484,531
1484,547
1484,563
1484,58
1484,596
1484,61
1484,626
1484,641
1484,657
1484,674
1484,691
1484,707
1484,724
1484,74
1484,758
1484,775
1484,793
1484,812
1484,829
1484,847
1484,864
1484,883
1484,9
1484,917
1484,934
1484,951
1484,968
1484,985
1485,002
1485,017
1485,032
1485,048
1485,063
1485,078
1485,092
1485,113
1485,131
1485,147
1485,164
1485,181
1485,199
1485,217
1485,234
1485,252
1485,272
1485,29
1485,309
1485,327
1485,344
1485,361
1485,38
1485,399
1485,417
1485,436
1485,453
1485,469
1485,486
1485,502
1485,519
1485,535
1485,551
1485,567
1485,583
1485,598
1485,613
1485,629
1485,645
1485,661
1485,68
1485,697
1485,714
1485,732
1485,749
1485,767
1485,784
1485,801
1485,819
1485,835
1485,853
1485,871
1485,887
1485,903
1485,919
1485,935
1485,95
1485,966
1485,982
1485,998
1486,014
1486,031
1486,047
1486,065
1486,084
1486,104
1486,123
1486,143
1486,162
1486,182
1486,201
1486,218
1486,234
1486,251
1486,267
1486,284
1486,301
1486,318
1486,335
1486,35
1486,366
1486,383
1486,4
1486,418
1486,434
1486,452
1486,469
1486,484
1486,501
1486,518
1486,534
1486,551
1486,569
1486,588
1486,605
1486,622
1486,64
1486,659
1486,676
1486,694
1486,712
1486,731
1486,748
1486,767
1486,785
1486,803
1486,82
1486,835
1486,852
1486,868
1486,885
1486,901
1486,917
1486,932
1486,948
1486,964
1486,98
1486,997
1487,012
1487,029
1487,043
1487,06
1487,075
1487,091
1487,108
1487,124
1487,141
1487,157
1487,173
1487,189
1487,206
1487,222
1487,239
1487,256
1487,272
1487,289
1487,305
1487,322
1487,339
1487,354
1487,37
1487,386
1487,402
1487,418
1487,434
1487,45
1487,466
1487,483
1487,5
1487,516
1487,533
1487,551
1487,568
1487,585
1487,603
1487,621
1487,638
1487,655
1487,672
1487,689
1487,707
1487,725
1487,742
1487,76
1487,777
1487,793
1487,809
1487,826
1487,842
1487,858
1487,874
1487,89
1487,907
1487,922
1487,938
1487,954
1487,969
1487,984
1488
1488,016
1488,033
1488,048
1488,064
1488,081
1488,097
1488,114
1488,13
1488,145
1488,16
1488,177
1488,192
1488,209
1488,226
1488,241
1488,257
1488,274
1488,291
1488,307
1488,323
1488,339
1488,356
1488,373
1488,39
1488,407
1488,425
1488,443
1488,461
1488,48
1488,497
1488,514
1488,532
1488,549
1488,565
1488,584
1488,601
1488,619
1488,637
1488,655
1488,672
1488,689
1488,706
1488,723
1488,74
1488,757
1488,775
1488,791
1488,807
1488,824
1488,84
1488,94
1488,956
1488,971
1488,985
1489,002
1489,016
1489,034
1489,055
1489,072
1489,088
1489,107
1489,125
1489,142
1489,161
1489,177
1489,195
1489,213
1489,231
1489,249
1489,268
1489,285
1489,303
1489,322
1489,34
1489,359
1489,377
1489,394
1489,413
1489,431
1489,45
1489,466
1489,486
1489,504
1489,522
1489,541
1489,56
1489,576
1489,593
1489,611
1489,63
1489,648
1489,667
1489,684
1489,7
1489,717
1489,735
1489,754
1489,774
1489,793
1489,812
1489,829
1489,847
1489,865
1489,882
1489,899
1489,915
1489,933
1489,949
1489,966
1489,983
1490,001
1490,019
1490,035
1490,052
1490,068
1490,085
1490,103
1490,12
1490,136
1490,152
1490,168
1490,184
1490,2
1490,216
1490,232
1490,248
1490,264
1490,281
1490,296
1490,311
1490,329
1490,347
1490,365
1490,384
1490,401
1490,418
1490,436
1490,455
1490,476
1490,494
1490,512
1490,529
1490,548
1490,565
1490,583
1490,602
1490,62
1490,638
1490,657
1490,674
1490,693
1490,711
1490,728
1490,746
1490,766
1490,78
1490,795
1490,813
1490,831
1490,849
1490,866
1490,884
1490,902
1490,921
1490,937
1490,952
1490,968
1490,983
1491
1491,016
1491,032
1491,048
1491,066
1491,081
1491,097
1491,113
1491,129
1491,144
1491,16
1491,177
1491,192
1491,208
1491,224
1491,24
1491,255
1491,271
1491,286
1491,302
1491,319
1491,338
1491,354
1491,372
1491,39
1491,408
1491,425
1491,443
1491,46
1491,476
1491,493
1491,509
1491,525
1491,542
1491,558
1491,573
1491,59
1491,605
1491,621
1491,64
1491,658
1491,675
1491,693
1491,71
1491,726
1491,742
1491,76
1491,777
1491,794
1491,811
1491,829
1491,848
1491,867
1491,886
1491,905
1491,924
1491,941
1491,958
1491,976
1491,993
1492,012
1492,029
1492,047
1492,065
1492,083
1492,101
1492,12
1492,138
1492,156
1492,171
1492,186
1492,203
1492,221
1492,238
1492,254
1492,272
1492,288
1492,306
1492,324
1492,341
1492,358
1492,375
1492,393
1492,411
1492,429
1492,446
1492,464
1492,482
1492,5
1492,517
1492,535
1492,553
1492,57
1492,587
1492,603
1492,619
1492,635
1492,652
1492,667
1492,684
1492,699
1492,715
1492,73
1492,746
1492,762
1492,778
1492,794
1492,812
1492,83
1492,849
1492,867
1492,884
1492,902
1492,922
1492,942
1492,96
1492,978
1492,996
1493,013
1493,03
1493,049
1493,067
1493,085
1493,103
1493,122
1493,141
1493,158
1493,176
1493,193
1493,211
1493,228
1493,246
1493,264
1493,282
1493,3
1493,317
1493,334
1493,352
1493,37
1493,387
1493,405
1493,421
1493,437
1493,453
1493,47
1493,486
1493,503
1493,519
1493,535
1493,552
1493,569
1493,585
1493,6
1493,617
1493,632
1493,648
1493,664
1493,68
1493,694
1493,71
1493,726
1493,743
1493,759
1493,775
1493,79
1493,806
1493,82
1493,837
1493,853
1493,87
1493,887
1493,904
1493,921
1493,937
1493,953
1493,97
1493,986
1494,002
1494,018
1494,034
1494,05
1494,067
1494,084
1494,099
1494,115
1494,132
1494,153
1494,17
1494,188
1494,207
1494,224
1494,242
1494,259
1494,276
1494,295
1494,313
1494,331
1494,349
1494,367
1494,387
1494,407
1494,425
1494,443
1494,46
1494,478
1494,496
1494,515
1494,533
1494,551
1494,569
1494,587
1494,607
1494,624
1494,641
1494,657
1494,673
1494,69
1494,707
1494,723
1494,741
1494,758
1494,776
1494,793
1494,809
1494,825
1494,842
1494,858
1494,874
1494,89
1494,907
1494,922
1494,936
1494,952
1494,97
1494,99
1495,006
1495,024
1495,041
1495,059
1495,074
1495,091
1495,109
1495,126
1495,144
1495,161
1495,176
1495,192
1495,209
1495,224
1495,241
1495,256
1495,27
1495,285
1495,302
1495,317
1495,333
1495,35
1495,366
1495,383
1495,4
1495,416
1495,432
1495,448
1495,466
1495,482
1495,499
1495,517
1495,533
1495,55
1495,567
1495,583
1495,599
1495,615
1495,631
1495,647
1495,663
1495,68
1495,697
1495,712
1495,728
1495,744
1495,759
1495,775
1495,79
1495,805
1495,823
1495,839
1495,855
1495,87
1495,886
1495,902
1495,92
1495,937
1495,953
1495,97
1495,988
1496,007
1496,024
1496,041
1496,059
1496,075
1496,092
1496,109
1496,126
1496,143
1496,16
1496,177
1496,193
1496,208
1496,224
1496,241
1496,258
1496,274
1496,29
1496,306
1496,323
1496,337
1496,352
1496,369
1496,385
1496,401
1496,417
1496,433
1496,451
1496,467
1496,484
1496,5
1496,516
1496,533
1496,549
1496,565
1496,582
1496,597
1496,614
1496,63
1496,647
1496,663
1496,679
1496,695
1496,712
1496,728
1496,744
1496,761
1496,779
1496,803
1496,821
1496,839
1496,856
1496,873
1496,89
1496,908
1496,926
1496,943
1496,957
1496,973
1496,99
1497,006
1497,02
1497,036
1497,051
1497,067
1497,083
1497,1
1497,117
1497,133
1497,15
1497,166
1497,183
1497,2
1497,217
1497,234
1497,25
1497,267
1497,283
1497,299
1497,314
1497,33
1497,346
1497,362
1497,378
1497,394
1497,411
1497,427
1497,444
1497,46
1497,476
1497,492
1497,508
1497,524
1497,54
1497,557
1497,572
1497,589
1497,605
1497,621
1497,636
1497,652
1497,669
1497,685
1497,702
1497,72
1497,739
1497,757
1497,775
1497,792
1497,81
1497,829
1497,847
1497,865
1497,883
1497,901
1497,919
1497,937
1497,953
1497,972
1497,988
1498,005
1498,021
1498,037
1498,053
1498,072
1498,088
1498,104
1498,12
1498,136
1498,153
1498,169
1498,186
1498,202
1498,219
1498,234
1498,251
1498,267
1498,284
1498,301
1498,317
1498,334
1498,352
1498,368
1498,385
1498,402
1498,417
1498,433
1498,449
1498,465
1498,481
1498,498
1498,513
1498,53
1498,547
1498,566
1498,583
1498,6
1498,619
1498,636
1498,654
1498,674
1498,692
1498,71
1498,728
1498,747
1498,765
1498,787
1498,807
1498,824
1498,842
1498,86
1498,877
1498,894
1498,913
1498,931
1498,949
1498,967
1498,987
1499,007
1499,025
1499,041
1499,059
1499,076
1499,093
1499,11
1499,126
1499,144
1499,16
1499,176
1499,191
1499,206
1499,222
1499,236
1499,252
1499,267
1499,284
1499,3
1499,317
1499,333
1499,35
1499,366
1499,382
1499,4
1499,417
1499,434
1499,451
1499,467
1499,485
1499,502
1499,519
1499,536
1499,554
1499,571
1499,589
1499,608
1499,624
1499,641
1499,657
1499,674
1499,692
1499,709
1499,726
1499,745
1499,761
1499,779
1499,797
1499,817
1499,836
1499,855
1499,874
1499,892
1499,909
1499,926
1499,944
1499,962
1499,979
1499,997
1500,015
1500,033
1500,05
1500,068
1500,086
1500,102
1500,121
1500,139
1500,155
1500,173
1500,19
1500,208
1500,224
1500,241
1500,256
1500,272
1500,286
1500,302
1500,319
1500,335
1500,35
1500,368
1500,384
1500,401
1500,419
1500,436
1500,454
1500,473
1500,492
1500,509
1500,526
1500,542
1500,559
1500,577
1500,593
1500,609
1500,624
1500,641
1500,656
1500,672
1500,689
1500,705
1500,721
1500,736
1500,752
1500,768
1500,785
1500,801
1500,818
1500,834
1500,85
1500,866
1500,884
1500,899
1500,917
1500,933
1500,948
1500,966
1500,983
1501
1501,016
1501,032
1501,049
1501,065
1501,082
1501,098
1501,114
1501,13
1501,146
1501,161
1501,178
1501,193
1501,209
1501,225
1501,242
1501,257
1501,274
1501,291
1501,307
1501,324
1501,341
1501,359
1501,375
1501,392
1501,41
1501,427
1501,443
1501,461
1501,478
1501,495
1501,513
1501,531
1501,549
1501,566
1501,584
1501,602
1501,619
1501,637
1501,655
1501,672
1501,691
1501,71
1501,729
1501,747
1501,764
1501,781
1501,8
1501,816
1501,835
1501,853
1501,873
1501,89
1501,907
1501,925
1501,943
1501,96
1501,979
1501,994
1502,012
1502,03
1502,047
1502,064
1502,081
1502,097
1502,111
1502,127
1502,144
1502,159
1502,175
1502,193
1502,211
1502,227
1502,244
1502,261
1502,278
1502,294
1502,311
1502,335
1502,351
1502,369
1502,385
1502,402
1502,417
1502,433
1502,449
1502,464
1502,479
1502,495
1502,51
1502,526
1502,542
1502,56
1502,575
1502,591
1502,608
1502,624
1502,64
1502,656
1502,674
1502,691
1502,707
1502,723
1502,739
1502,755
1502,77
1502,786
1502,802
1502,816
1502,834
1502,85
1502,867
1502,884
1502,901
1502,916
1502,931
1502,948
1502,965
1502,981
1502,998
1503,014
1503,031
1503,047
1503,064
1503,081
1503,098
1503,114
1503,132
1503,149
1503,166
1503,184
1503,202
1503,22
1503,237
1503,253
1503,272
1503,289
1503,307
1503,325
1503,342
1503,36
1503,377
1503,395
1503,413
1503,43
1503,446
1503,463
1503,48
1503,498
1503,515
1503,532
1503,549
1503,566
1503,583
1503,597
1503,613
1503,628
1503,644
1503,66
1503,676
1503,693
1503,71
1503,727
1503,742
1503,758
1503,773
1503,79
1503,807
1503,824
1503,841
1503,859
1503,876
1503,895
1503,912
1503,93
1503,948
1503,966
1503,983
1504,001
1504,019
1504,037
1504,055
1504,072
1504,09
1504,108
1504,125
1504,143
1504,161
1504,178
1504,195
1504,217
1504,235
1504,252
1504,27
1504,288
1504,307
1504,327
1504,346
1504,364
1504,382
1504,4
1504,419
1504,436
1504,453
1504,471
1504,489
1504,507
1504,525
1504,543
1504,563
1504,581
1504,601
1504,619
1504,638
1504,656
1504,674
1504,693
1504,711
1504,727
1504,745
1504,763
1504,781
1504,799
1504,817
1504,834
1504,851
1504,868
1504,885
1504,902
1504,921
1504,939
1504,957
1504,974
1504,991
1505,008
1505,025
1505,043
1505,061
1505,079
1505,095
1505,112
1505,128
1505,146
1505,162
1505,177
1505,192
1505,208
1505,224
1505,24
1505,256
1505,272
1505,286
1505,302
1505,318
1505,334
1505,351
1505,368
1505,384
1505,401
1505,417
1505,435
1505,453
1505,469
1505,488
1505,506
1505,524
1505,543
1505,561
1505,579
1505,597
1505,614
1505,632
1505,65
1505,668
1505,687
1505,706
1505,724
1505,742
1505,76
1505,778
1505,794
1505,812
1505,83
1505,846
1505,862
1505,879
1505,897
1505,914
1505,93
1505,947
1505,964
1505,981
1505,999
1506,016
1506,033
1506,052
1506,069
1506,085
1506,102
1506,12
1506,137
1506,154
1506,171
1506,188
1506,205
1506,222
1506,237
1506,252
1506,268
1506,284
1506,299
1506,314
1506,33
1506,346
1506,363
1506,379
1506,395
1506,411
1506,432
1506,448
1506,464
1506,481
1506,498
1506,514
1506,53
1506,548
1506,565
1506,583
1506,6
1506,618
1506,635
1506,652
1506,669
1506,685
1506,703
1506,72
1506,737
1506,755
1506,772
1506,789
1506,807
1506,825
1506,843
1506,861
1506,879
1506,896
1506,913
1506,931
1506,949
1506,972
1506,99
1507,007
1507,024
1507,042
1507,059
1507,077
1507,093
1507,111
1507,129
1507,148
1507,167
1507,185
1507,204
1507,223
1507,24
1507,256
1507,274
1507,291
1507,308
1507,326
1507,343
1507,362
1507,378
1507,395
1507,412
1507,428
1507,445
1507,461
1507,476
1507,493
1507,509
1507,525
1507,541
1507,558
1507,575
1507,593
1507,61
1507,628
1507,645
1507,662
1507,679
1507,695
1507,712
1507,73
1507,748
1507,766
1507,782
1507,8
1507,816
1507,834
1507,851
1507,868
1507,885
1507,902
1507,92
1507,937
1507,954
1507,97
1507,986
1508,002
1508,018
1508,036
1508,054
1508,072
1508,089
1508,107
1508,124
1508,142
1508,161
1508,18
1508,198
1508,215
1508,234
1508,251
1508,269
1508,288
1508,307
1508,324
1508,342
1508,359
1508,377
1508,395
1508,413
1508,431
1508,45
1508,468
1508,486
1508,505
1508,524
1508,541
1508,558
1508,575
1508,592
1508,608
1508,627
1508,644
1508,661
1508,679
1508,696
1508,714
1508,731
1508,747
1508,765
1508,782
1508,799
1508,816
1508,833
1508,85
1508,868
1508,885
1508,902
1508,919
1508,936
1508,954
1508,971
1508,987
1509,003
1509,021
1509,036
1509,053
1509,07
1509,087
1509,104
1509,121
1509,139
1509,155
1509,172
1509,19
1509,207
1509,224
1509,24
1509,255
1509,272
1509,289
1509,306
1509,324
1509,34
1509,357
1509,373
1509,391
1509,408
1509,425
1509,442
1509,46
1509,476
1509,492
1509,508
1509,524
1509,541
1509,558
1509,575
1509,593
1509,61
1509,628
1509,647
1509,664
1509,681
1509,699
1509,717
1509,734
1509,753
1509,772
1509,79
1509,807
1509,826
1509,844
1509,861
1509,879
1509,896
1509,914
1509,932
1509,951
1509,969
1509,987
1510,006
1510,025
1510,043
1510,059
1510,076
1510,094
1510,112
1510,129
1510,147
1510,166
1510,184
1510,203
1510,221
1510,239
1510,256
1510,273
1510,29
1510,308
1510,326
1510,344
1510,363
1510,38
1510,397
1510,414
1510,431
1510,448
1510,467
1510,486
1510,503
1510,52
1510,538
1510,555
1510,573
1510,591
1510,609
1510,625
1510,643
1510,661
1510,678
1510,696
1510,714
1510,732
1510,75
1510,768
1510,79
1510,807
1510,824
1510,843
1510,861
1510,88
1510,896
1510,914
1510,932
1510,951
1510,97
1510,988
1511,006
1511,023
1511,042
1511,059
1511,078
1511,096
1511,114
1511,131
1511,149
1511,167
1511,185
1511,202
1511,219
1511,235
1511,251
1511,267
1511,284
1511,3
1511,317
1511,334
1511,351
1511,368
1511,388
1511,406
1511,423
1511,441
1511,459
1511,476
1511,495
1511,512
1511,53
1511,547
1511,565
1511,581
1511,598
1511,614
1511,63
1511,647
1511,664
1511,681
1511,699
1511,715
1511,732
1511,749
1511,768
1511,786
1511,804
1511,823
1511,841
1511,86
1511,877
1511,894
1511,91
1511,929
1511,947
1511,968
1511,988
1512,006
1512,026
1512,044
1512,062
1512,079
1512,097
1512,115
1512,132
1512,151
1512,168
1512,187
1512,204
1512,222
1512,239
1512,257
1512,275
1512,294
1512,311
1512,329
1512,347
1512,364
1512,382
1512,399
1512,418
1512,435
1512,455
1512,474
1512,491
1512,509
1512,526
1512,544
1512,561
1512,578
1512,595
1512,612
1512,629
1512,646
1512,662
1512,678
1512,693
1512,71
1512,726
1512,741
1512,758
1512,773
1512,789
1512,807
1512,823
1512,84
1512,857
1512,872
1512,89
1512,906
1512,922
1512,939
1512,954
1512,97
1512,986
1513,001
1513,016
1513,032
1513,049
1513,065
1513,082
1513,098
1513,114
1513,131
1513,149
1513,164
1513,18
1513,195
1513,212
1513,228
1513,245
1513,26
1513,277
1513,292
1513,31
1513,327
1513,344
1513,361
1513,379
1513,396
1513,414
1513,432
1513,45
1513,468
1513,486
1513,504
1513,522
1513,539
1513,555
1513,572
1513,589
1513,605
1513,621
1513,638
1513,655
1513,672
1513,688
1513,706
1513,722
1513,738
1513,754
1513,772
1513,788
1513,804
1513,819
1513,838
1513,853
1513,868
1513,885
1513,901
1513,917
1513,932
1513,949
1513,965
1513,982
1514
1514,016
1514,033
1514,05
1514,067
1514,086
1514,102
1514,121
1514,138
1514,156
1514,174
1514,192
1514,21
1514,229
1514,248
1514,267
1514,285
1514,302
1514,319
1514,334
1514,351
1514,369
1514,387
1514,405
1514,423
1514,442
1514,459
1514,476
1514,495
1514,513
1514,53
1514,548
1514,566
1514,583
1514,6
1514,615
1514,632
1514,649
1514,665
1514,68
1514,696
1514,713
1514,729
1514,746
1514,762
1514,779
1514,794
1514,81
1514,826
1514,843
1514,861
1514,878
1514,895
1514,912
1514,929
1514,945
1514,961
1514,977
1514,993
1515,009
1515,025
1515,041
1515,058
1515,074
1515,09
1515,107
1515,124
1515,14
1515,158
1515,175
1515,193
1515,211
1515,229
1515,247
1515,264
1515,281
1515,299
1515,318
1515,337
1515,355
1515,373
1515,39
1515,408
1515,426
1515,443
1515,46
1515,48
1515,498
1515,515
1515,534
1515,554
1515,572
1515,59
1515,607
1515,627
1515,644
1515,663
1515,679
1515,697
1515,717
1515,734
1515,751
1515,768
1515,785
1515,802
1515,817
1515,834
1515,852
1515,87
1515,887
1515,905
1515,922
1515,939
1515,957
1515,974
1515,991
1516,008
1516,025
1516,042
1516,059
1516,075
1516,092
1516,109
1516,126
1516,143
1516,161
1516,177
1516,194
1516,212
1516,229
1516,246
1516,263
1516,281
1516,297
1516,314
1516,331
1516,349
1516,366
1516,383
1516,4
1516,418
1516,435
1516,453
1516,47
1516,488
1516,506
1516,524
1516,543
1516,559
1516,577
1516,595
1516,613
1516,631
1516,649
1516,666
1516,683
1516,703
1516,721
1516,739
1516,757
1516,774
1516,792
1516,81
1516,828
1516,846
1516,863
1516,883
1516,902
1516,922
1516,939
1516,956
1516,974
1516,992
1517,008
1517,025
1517,043
1517,061
1517,078
1517,095
1517,113
1517,13
1517,148
1517,166
1517,183
1517,2
1517,218
1517,236
1517,253
1517,271
1517,289
1517,308
1517,328
1517,345
1517,363
1517,38
1517,397
1517,415
1517,431
1517,447
1517,462
1517,478
1517,493
1517,51
1517,526
1517,542
1517,559
1517,576
1517,594
1517,612
1517,63
1517,648
1517,667
1517,687
1517,705
1517,723
1517,741
1517,759
1517,774
1517,792
1517,81
1517,828
1517,846
1517,864
1517,883
1517,901
1517,919
1517,937
1517,955
1517,973
1517,991
1518,008
1518,025
1518,042
1518,06
1518,077
1518,095
1518,113
1518,13
1518,146
1518,163
1518,18
1518,198
1518,215
1518,233
1518,252
1518,268
1518,285
1518,302
1518,318
1518,334
1518,351
1518,367
1518,384
1518,401
1518,417
1518,433
1518,451
1518,468
1518,485
1518,502
1518,519
1518,536
1518,552
1518,568
1518,585
1518,602
1518,619
1518,635
1518,652
1518,668
1518,684
1518,702
1518,719
1518,736
1518,753
1518,77
1518,786
1518,804
1518,821
1518,838
1518,854
1518,872
1518,888
1518,907
1518,925
1518,943
1518,96
1518,975
1518,991
1519,009
1519,027
1519,044
1519,061
1519,077
1519,094
1519,114
1519,134
1519,154
1519,172
1519,19
1519,207
1519,225
1519,243
1519,26
1519,277
1519,293
1519,31
1519,328
1519,346
1519,364
1519,382
1519,4
1519,418
1519,437
1519,455
1519,473
1519,49
1519,507
1519,525
1519,542
1519,559
1519,575
1519,592
1519,608
1519,625
1519,641
1519,659
1519,676
1519,692
1519,71
1519,727
1519,743
1519,759
1519,776
1519,793
1519,809
1519,827
1519,844
1519,861
1519,878
1519,895
1519,912
1519,928
1519,946
1519,963
1519,98
1519,997
1520,015
1520,032
1520,049
1520,068
1520,085
1520,102
1520,119
1520,135
1520,152
1520,168
1520,185
1520,201
1520,218
1520,235
1520,252
1520,269
1520,286
1520,303
1520,32
1520,337
1520,353
1520,37
1520,387
1520,404
1520,421
1520,437
1520,454
1520,47
1520,489
1520,506
1520,523
1520,54
1520,558
1520,575
1520,592
1520,609
1520,626
1520,642
1520,66
1520,677
1520,694
1520,711
1520,728
1520,744
1520,761
1520,778
1520,797
1520,813
1520,831
1520,849
1520,866
1520,884
1520,903
1520,92
1520,938
1520,955
1520,972
1520,99
1521,007
1521,024
1521,041
1521,057
1521,074
1521,091
1521,108
1521,125
1521,142
1521,159
1521,176
1521,193
1521,21
1521,226
1521,243
1521,261
1521,279
1521,295
1521,313
1521,33
1521,348
1521,365
1521,383
1521,4
1521,417
1521,434
1521,451
1521,469
1521,487
1521,505
1521,522
1521,54
1521,557
1521,574
1521,592
1521,609
1521,626
1521,644
1521,662
1521,679
1521,696
1521,714
1521,732
1521,75
1521,768
1521,788
1521,807
1521,825
1521,842
1521,86
1521,877
1521,895
1521,913
1521,932
1521,949
1521,967
1521,985
1522,003
1522,021
1522,039
1522,057
1522,075
1522,094
1522,114
1522,134
1522,152
1522,17
1522,188
1522,206
1522,226
1522,244
1522,263
1522,281
1522,299
1522,316
1522,336
1522,354
1522,372
1522,391
1522,408
1522,426
1522,444
1522,462
1522,48
1522,498
1522,515
1522,533
1522,55
1522,567
1522,585
1522,603
1522,62
1522,639
1522,656
1522,674
1522,774
1522,79
1522,807
1522,822
1522,839
1522,856
1522,876
1522,898
1522,915
1522,934
1522,951
1522,969
1522,986
1523,004
1523,022
1523,04
1523,058
1523,075
1523,092
1523,11
1523,128
1523,146
1523,163
1523,181
1523,2
1523,217
1523,235
1523,253
1523,271
1523,289
1523,307
1523,325
1523,342
1523,359
1523,377
1523,395
1523,413
1523,431
1523,448
1523,467
1523,486
1523,504
1523,523
1523,541
1523,56
1523,578
1523,596
1523,614
1523,632
1523,651
1523,67
1523,689
1523,706
1523,724
1523,741
1523,758
1523,776
1523,794
1523,812
1523,833
1523,851
1523,868
1523,885
1523,903
1523,921
1523,938
1523,957
1523,974
1523,992
1524,01
1524,028
1524,048
1524,066
1524,084
1524,102
1524,119
1524,136
1524,154
1524,172
1524,19
1524,207
1524,225
1524,242
1524,257
1524,273
1524,289
1524,306
1524,323
1524,34
1524,357
1524,374
1524,391
1524,411
1524,428
1524,445
1524,463
1524,481
1524,498
1524,516
1524,534
1524,552
1524,569
1524,587
1524,605
1524,623
1524,641
1524,658
1524,675
1524,693
1524,711
1524,728
1524,746
1524,764
1524,781
1524,798
1524,814
1524,832
1524,85
1524,867
1524,884
1524,901
1524,918
1524,934
1524,951
1524,968
1524,984
1525,002
1525,019
1525,036
1525,053
1525,071
1525,088
1525,105
1525,122
1525,138
1525,153
1525,171
1525,188
1525,209
1525,227
1525,244
1525,262
1525,279
1525,297
1525,314
1525,332
1525,349
1525,369
1525,386
1525,402
1525,42
1525,438
1525,455
1525,473
1525,493
1525,514
1525,532
1525,551
1525,568
1525,585
1525,603
1525,622
1525,64
1525,658
1525,676
1525,694
1525,714
1525,732
1525,75
1525,768
1525,786
1525,803
1525,82
1525,838
1525,855
1525,873
1525,891
1525,91
1525,93
1525,948
1525,966
1525,984
1526,001
1526,019
1526,036
1526,053
1526,07
1526,087
1526,106
1526,124
1526,142
1526,159
1526,176
1526,193
1526,21
1526,227
1526,245
1526,262
1526,279
1526,296
1526,314
1526,331
1526,349
1526,366
1526,384
1526,403
1526,421
1526,439
1526,457
1526,474
1526,493
1526,511
1526,532
1526,551
1526,568
1526,585
1526,604
1526,622
1526,641
1526,659
1526,678
1526,696
1526,714
1526,732
1526,75
1526,768
1526,786
1526,804
1526,822
1526,84
1526,857
1526,875
1526,892
1526,91
1526,927
1526,945
1526,964
1526,982
1526,999
1527,015
1527,033
1527,051
1527,068
1527,085
1527,102
1527,119
1527,137
1527,154
1527,171
1527,189
1527,206
1527,224
1527,241
1527,258
1527,275
1527,293
1527,31
1527,328
1527,344
1527,362
1527,379
1527,396
1527,414
1527,432
1527,45
1527,467
1527,484
1527,502
1527,519
1527,536
1527,553
1527,569
1527,586
1527,603
1527,62
1527,637
1527,654
1527,671
1527,688
1527,705
1527,728
1527,745
1527,762
1527,78
1527,797
1527,814
1527,831
1527,848
1527,865
1527,882
1527,9
1527,917
1527,935
1527,953
1527,97
1527,988
1528,006
1528,023
1528,044
1528,062
1528,08
1528,098
1528,115
1528,133
1528,151
1528,169
1528,187
1528,205
1528,223
1528,241
1528,259
1528,276
1528,294
1528,312
1528,331
1528,349
1528,366
1528,384
1528,403
1528,421
1528,439
1528,457
1528,475
1528,492
1528,51
1528,528
1528,546
1528,563
1528,58
1528,598
1528,616
1528,634
1528,651
1528,668
1528,685
1528,703
1528,72
1528,738
1528,755
1528,773
1528,792
1528,809
1528,827
1528,845
1528,863
1528,88
1528,898
1528,916
1528,933
1528,951
1528,968
1528,985
1529,003
1529,02
1529,037
1529,053
1529,068
1529,085
1529,101
1529,117
1529,134
1529,151
1529,168
1529,186
1529,203
1529,22
1529,237
1529,257
1529,275
1529,293
1529,312
1529,33
1529,348
1529,367
1529,386
1529,404
1529,421
1529,438
1529,457
1529,475
1529,493
1529,514
1529,532
1529,55
1529,567
1529,584
1529,603
1529,621
1529,639
1529,658
1529,676
1529,694
1529,715
1529,731
1529,748
1529,764
1529,778
1529,795
1529,811
1529,827
1529,843
1529,859
1529,876
1529,893
1529,91
1529,925
1529,942
1529,96
1529,978
1529,993
1530,011
1530,028
1530,045
1530,061
1530,08
1530,098
1530,116
1530,135
1530,152
1530,169
1530,186
1530,203
1530,22
1530,238
1530,254
1530,272
1530,289
1530,306
1530,325
1530,344
1530,362
1530,381
1530,399
1530,417
1530,434
1530,453
1530,472
1530,49
1530,509
1530,527
1530,545
1530,564
1530,582
1530,601
1530,62
1530,638
1530,656
1530,674
1530,692
1530,709
1530,727
1530,744
1530,76
1530,779
1530,796
1530,815
1530,833
1530,85
1530,865
1530,881
1530,897
1530,911
1530,928
1530,944
1530,959
1530,976
1530,993
1531,01
1531,028
1531,046
1531,063
1531,081
1531,098
1531,114
1531,132
1531,151
1531,168
1531,184
1531,202
1531,219
1531,236
1531,254
1531,271
1531,288
1531,303
1531,32
1531,335
1531,35
1531,367
1531,383
1531,399
1531,415
1531,43
1531,444
1531,46
1531,477
1531,492
1531,508
1531,525
1531,542
1531,559
1531,575
1531,593
1531,611
1531,627
1531,644
1531,662
1531,68
1531,698
1531,715
1531,732
1531,749
1531,766
1531,782
1531,798
