842,9254
842,9485
842,9711
842,9932
843,0098
843,0261
843,0431
843,0604
843,0756
843,0917
843,1081
843,1251
843,1403
843,1569
843,1713
843,1876
843,2031
843,2184
843,2351
843,2512
843,2684
843,2841
843,3009
843,3168
843,3339
843,3502
843,3671
843,3835
843,4005
843,4169
843,4316
843,4477
843,4636
843,4794
843,4951
843,5104
843,5265
843,5427
843,5587
843,5762
843,5912
843,6082
843,6267
843,6434
843,6593
843,6759
843,6921
843,709
843,7269
843,7424
843,7606
843,7774
843,7943
843,811
843,8282
843,8449
843,8613
843,8771
843,893
843,9108
843,9265
843,9442
843,9615
843,9799
843,9994
844,0175
844,0363
844,0555
844,0739
844,093
844,1105
844,1282
844,1457
844,1627
844,1794
844,1946
844,2107
844,2273
844,2441
844,2603
844,2766
844,2925
844,3092
844,3267
844,3437
844,3608
844,3772
844,3923
844,4081
844,425
844,4412
844,4567
844,4733
844,4904
844,5085
844,5252
844,542
844,5587
844,5763
844,5929
844,6104
844,6273
844,6437
844,6607
844,6785
844,6941
844,7106
844,7274
844,7422
844,7579
844,7735
844,7901
844,8069
844,8234
844,8389
844,8555
844,8736
844,8898
844,9092
844,927
844,9449
844,9636
844,9825
845,0013
845,0193
845,04
845,0569
845,0742
845,0946
845,1118
845,1293
845,1483
845,1681
845,1859
845,2054
845,2231
845,2413
845,2595
845,2765
845,2925
845,3101
845,3246
845,34
845,3565
845,3713
845,3872
845,4034
845,419
845,4355
845,452
845,4687
845,4872
845,5046
845,5216
845,5394
845,555
845,5693
845,5854
845,6014
845,6172
845,6309
845,6481
845,6646
845,6812
845,6995
845,7174
845,735
845,7527
845,7726
845,7895
845,8047
845,8212
845,836
845,8516
845,8682
845,8841
845,9003
845,9148
845,9292
845,9449
845,9614
845,9784
845,9954
846,0132
846,0332
846,0519
846,0703
846,0886
846,1086
846,1259
846,1436
846,1619
846,18
846,1987
846,2183
846,2363
846,2548
846,2715
846,2895
846,3079
846,3251
846,3431
846,3616
846,3787
846,397
846,4142
846,431
846,4478
846,4641
846,4792
846,4963
846,5125
846,5282
846,5454
846,5631
846,5806
846,5969
846,613
846,6286
846,6434
846,6597
846,6763
846,6937
846,71
846,7271
846,7455
846,7637
846,7799
846,7963
846,8121
846,8296
846,8456
846,8608
846,8765
846,8925
846,9086
846,9254
846,9407
846,9576
846,9745
846,991
847,0073
847,0245
847,0403
847,0591
847,0771
847,0945
847,1129
847,1297
847,148
847,1692
847,1877
847,2055
847,2216
847,2408
847,2592
847,2787
847,2977
847,3163
847,3338
847,3522
847,3705
847,3885
847,4065
847,4239
847,4414
847,4578
847,4748
847,4927
847,5101
847,5279
847,5446
847,5608
847,5781
847,5939
847,6099
847,6262
847,6427
847,6584
847,6745
847,6903
847,7061
847,7223
847,7386
847,7534
847,7687
847,7863
847,8023
847,817
847,8308
847,8451
847,8603
847,8742
847,889
847,9037
847,9188
847,9315
847,9453
847,9602
847,9765
847,9907
848,0062
848,0208
848,0359
848,0499
848,0673
848,0854
848,1005
848,1156
848,1286
848,1432
848,1582
848,1729
848,1887
848,2034
848,2192
848,2353
848,2511
848,267
848,282
848,298
848,3135
848,3291
848,3448
848,3618
848,3783
848,3948
848,41
848,4265
848,4409
848,4548
848,4697
848,4842
848,4988
848,5128
848,5284
848,5431
848,5577
848,5721
848,5868
848,6029
848,621
848,6388
848,6561
848,6741
848,6904
848,7065
848,7239
848,7402
848,7559
848,7713
848,788
848,8043
848,8245
848,8408
848,8566
848,8732
848,8903
848,9074
848,9231
848,9396
848,957
848,9736
848,9912
849,0102
849,0287
849,0475
849,0657
849,0835
849,1008
849,1187
849,1349
849,1515
849,1697
849,1877
849,2056
849,2241
849,2451
849,2645
849,2837
849,302
849,3203
849,3386
849,3571
849,3756
849,3945
849,4137
849,4331
849,4543
849,4717
849,4891
849,5063
849,525
849,5407
849,5587
849,5751
849,5911
849,6074
849,6227
849,6382
849,6524
849,6689
849,6862
849,7021
849,7174
849,732
849,7482
849,7621
849,7778
849,7931
849,8105
849,827
849,8439
849,859
849,8755
849,8917
849,9075
849,9247
849,9423
849,9634
849,9831
850,0015
850,0195
850,0379
850,0569
850,0738
850,0914
850,1149
850,1372
850,1528
850,1686
850,1842
850,201
850,2158
850,231
850,2463
850,2629
850,2824
850,3002
850,3179
850,3351
850,3541
850,374
850,3928
850,4124
850,4297
850,4486
850,4669
850,4841
850,502
850,521
850,5401
850,5576
850,5747
850,592
850,6093
850,6272
850,6461
850,663
850,6818
850,7001
850,7164
850,7338
850,75
850,7651
850,7802
850,7961
850,813
850,8292
850,8444
850,8616
850,8783
850,8952
850,9136
850,9305
850,9473
850,9656
850,9844
851,0014
851,0189
851,0368
851,0555
851,0723
851,0882
851,1042
851,1205
851,1373
851,152
851,168
851,1858
851,2013
851,2173
851,2332
851,2498
851,2661
851,2829
851,2985
851,312
851,3285
851,3447
851,3608
851,3781
851,3935
851,4096
851,4256
851,4421
851,4581
851,4735
851,489
851,5057
851,5208
851,5369
851,5522
851,5676
851,5837
851,5994
851,6154
851,6299
851,6481
851,6677
851,6858
851,7023
851,7175
851,7335
851,7487
851,7657
851,7814
851,7989
851,8167
851,8347
851,8519
851,8685
851,8881
851,9066
851,9239
851,9429
851,9619
851,9803
851,9996
852,0175
852,0353
852,0566
852,0756
852,0936
852,1124
852,1317
852,1522
852,1693
852,1887
852,2079
852,225
852,2433
852,2613
852,28
852,2987
852,3176
852,3344
852,3524
852,3691
852,3866
852,4047
852,4234
852,4424
852,4587
852,5587
852,5772
852,5942
852,6116
852,6277
852,6428
852,6592
852,6755
852,6918
852,7118
852,7275
852,7442
852,7599
852,7761
852,7927
852,8102
852,8269
852,8439
852,8618
852,8782
852,8961
852,9154
852,9327
852,9488
852,9656
852,9801
852,9971
853,0113
853,0269
853,0435
853,0616
853,0792
853,0972
853,1165
853,1338
853,1503
853,1667
853,1841
853,2
853,2149
853,2308
853,2474
853,2614
853,2759
853,2925
853,3099
853,3279
853,3463
853,3654
853,3825
853,4005
853,4175
853,4343
853,4519
853,47
853,4887
853,5071
853,5283
853,5488
853,5672
853,5849
853,6021
853,6187
853,636
853,6544
853,673
853,6907
853,7082
853,7274
853,7448
853,7629
853,7812
853,7997
853,8163
853,8342
853,8524
853,8707
853,8895
853,9077
853,9241
853,9413
853,9589
853,975
853,9921
854,0092
854,0245
854,0401
854,0586
854,0754
854,0919
854,108
854,1269
854,1454
854,1647
854,1832
854,2006
854,2159
854,2323
854,2491
854,2655
854,2817
854,2968
854,3123
854,3274
854,3435
854,3597
854,3769
854,3939
854,4114
854,4291
854,4476
854,4653
854,4824
854,4995
854,5174
854,5363
854,5511
854,5678
854,5851
854,6035
854,621
854,639
854,6562
854,6725
854,6899
854,7079
854,7256
854,743
854,7606
854,7783
854,795
854,8112
854,8274
854,8445
854,8617
854,8784
854,8957
854,9123
854,9273
854,9441
854,9608
854,9783
854,9955
855,0117
855,0294
855,0475
855,067
855,0842
855,1021
855,1193
855,1361
855,1528
855,1679
855,1846
855,2007
855,2193
855,2421
855,2661
855,2831
855,2995
855,3159
855,3331
855,3497
855,366
855,3829
855,4012
855,4183
855,4359
855,455
855,4736
855,4929
855,5104
855,5286
855,5477
855,5663
855,5835
855,6014
855,6188
855,6343
855,6502
855,6655
855,6819
855,6968
855,7113
855,7253
855,7422
855,7582
855,7734
855,7911
855,809
855,8259
855,8427
855,8587
855,8753
855,8922
855,909
855,9266
855,9439
855,97
855,9882
856,0067
856,0251
856,0438
856,0621
856,0796
856,0986
856,1208
856,1442
856,1681
856,1904
856,2133
856,2341
856,2511
856,2685
856,285
856,3007
856,3195
856,3392
856,3586
856,3769
856,3943
856,4112
856,4283
856,4453
856,4636
856,4823
856,5
856,5176
856,5367
856,5557
856,5734
856,592
856,6104
856,6314
856,6508
856,6701
856,6896
856,7074
856,724
856,7409
856,7576
856,7747
856,7924
856,8098
856,8279
856,8489
856,8661
856,8873
856,9044
856,9232
856,9409
856,9577
856,9736
856,9919
857,0092
857,0248
857,0402
857,0556
857,0716
857,0878
857,1055
857,1212
857,1375
857,1552
857,1731
857,1905
857,2086
857,226
857,2429
857,2595
857,2761
857,2933
857,3108
857,3285
857,3454
857,361
857,3771
857,3943
857,4095
857,4258
857,4404
857,4565
857,4729
857,4894
857,5047
857,5206
857,5364
857,5525
857,5718
857,5875
857,6049
857,6216
857,6382
857,656
857,6719
857,688
857,7045
857,7194
857,7342
857,7496
857,7656
857,781
857,7974
857,813
857,8283
857,8451
857,8597
857,8756
857,8915
857,9072
857,9226
857,9383
857,9542
857,9704
857,9871
858,0035
858,019
858,0347
858,0516
858,066
858,0814
858,0975
858,1119
858,1273
858,1422
858,1577
858,1743
858,1911
858,2076
858,2259
858,2426
858,258
858,2741
858,2917
858,309
858,3248
858,3427
858,3589
858,3743
858,3905
858,4072
858,4233
858,4396
858,456
858,4724
858,4889
858,5048
858,5219
858,5378
858,5528
858,5685
858,5833
858,5992
858,6155
858,631
858,645
858,6607
858,6768
858,6935
858,7092
858,7247
858,7401
858,7579
858,774
858,7903
858,8055
858,8223
858,8393
858,8544
858,871
858,8867
858,902
858,9174
858,9333
858,9502
858,9655
858,9833
858,9991
859,0151
859,0311
859,0496
859,0656
859,0829
859,0983
859,1143
859,1297
859,1439
859,1609
859,1773
859,192
859,2075
859,2239
859,2416
859,2574
859,2751
859,291
859,3056
859,3222
859,3375
859,3536
859,3699
859,3876
859,4045
859,4213
859,4369
859,4532
859,4692
859,4857
859,5024
859,5182
859,5338
859,5498
859,5652
859,5817
859,5983
859,6141
859,6297
859,6445
859,6612
859,6772
859,6937
859,7094
859,7253
859,7422
859,7599
859,7768
859,7944
859,8105
859,825
859,8428
859,8574
859,8727
859,8878
859,9052
859,9222
859,9387
859,9559
859,9728
859,9892
860,0064
860,0253
860,0444
860,0599
860,0771
860,0933
860,1091
860,1261
860,1432
860,1607
860,176
860,1915
860,2072
860,2263
860,2477
860,2692
860,2836
860,2999
860,3145
860,3293
860,3463
860,3608
860,3757
860,3925
860,4094
860,4257
860,4435
860,4599
860,4764
860,4929
860,5096
860,5266
860,5463
860,5612
860,576
860,5919
860,6074
860,6237
860,6392
860,6553
860,671
860,687
860,7034
860,7219
860,7386
860,7553
860,7736
860,791
860,808
860,8265
860,8438
860,862
860,8799
860,8968
860,913
860,9287
860,945
860,962
860,9774
860,9929
861,0096
861,0259
861,0421
861,0583
861,0759
861,0934
861,1087
861,1255
861,1422
861,1591
861,176
861,1956
861,2131
861,2332
861,2506
861,2688
861,2878
861,3056
861,3242
861,3422
861,3589
861,3745
861,3903
861,4072
861,4238
861,4388
861,4552
861,4719
861,4881
861,5049
861,5204
861,5365
861,5519
861,5678
861,5849
861,6025
861,6184
861,6339
861,6503
861,6658
861,6824
861,6985
861,7148
861,7318
861,7495
861,7664
861,7844
861,8033
861,8214
861,8393
861,8569
861,8751
861,8926
861,9104
861,9269
861,9432
861,9604
861,9763
861,9919
862,009
862,0253
862,0408
862,0561
862,072
862,089
862,1062
862,125
862,1453
862,1649
862,1851
862,2029
862,2192
862,2363
862,255
862,2748
862,295
862,3136
862,3399
862,3657
862,3831
862,4005
862,4177
862,4339
862,4512
862,4698
862,4881
862,5069
862,5243
862,5417
862,5593
862,5765
862,5936
862,6113
862,6287
862,6461
862,6634
862,6859
862,7055
862,7233
862,7393
862,7549
862,7704
862,7864
862,8018
862,8177
862,8323
862,8481
862,8655
862,881
862,8965
862,9118
862,9272
862,9433
862,9607
862,9768
862,9926
863,0085
863,0258
863,0444
863,0613
863,0787
863,0988
863,1171
863,1345
863,153
863,1708
863,188
863,2027
863,2183
863,3182
863,3359
863,3517
863,3663
863,3818
863,3975
863,412
863,4328
863,4499
863,4661
863,4837
863,5001
863,5172
863,5317
863,5472
863,5629
863,5787
863,5948
863,6105
863,6306
863,6466
863,6639
863,6797
863,6948
863,7101
863,7249
863,7405
863,7558
863,7736
863,7913
863,8101
863,8287
863,852
863,8696
863,8865
863,9031
863,9194
863,9357
863,9525
863,9691
863,986
864,0013
864,0176
864,0338
864,0488
864,0654
864,0827
864,0988
864,1141
864,1301
864,1465
864,1651
864,1829
864,2018
864,2191
864,2366
864,2534
864,2736
864,2919
864,31
864,3289
864,3458
864,3632
864,3818
864,3997
864,4163
864,4358
864,4554
864,475
864,4938
864,5118
864,5306
864,5473
864,5636
864,5792
864,5937
864,6086
864,6245
864,6402
864,655
864,6699
864,6852
864,7026
864,718
864,7346
864,7504
864,7645
864,7805
864,7958
864,8122
864,826
864,841
864,8558
864,8714
864,8918
864,9084
864,9237
864,9446
864,9671
864,9828
864,9993
865,0148
865,0321
865,047
865,063
865,08
865,1006
865,1228
865,1397
865,1569
865,174
865,191
865,2174
865,2346
865,252
865,2695
865,2876
865,3031
865,3193
865,336
865,3536
865,37
865,3859
865,4018
865,4204
865,4368
865,4553
865,4743
865,4944
865,5126
865,5292
865,5471
865,5643
865,5828
865,5999
865,6176
865,6333
865,648
865,6637
865,6788
865,6951
865,7115
865,7273
865,7451
865,7618
865,7787
865,7944
865,8113
865,8262
865,8416
865,8579
865,8738
865,8907
865,9053
865,921
865,939
865,9559
865,9717
865,988
866,0035
866,0195
866,0375
866,0551
866,0718
866,0892
866,1071
866,1281
866,149
866,1685
866,187
866,2053
866,2239
866,2418
866,2608
866,2798
866,3
866,3193
866,3375
866,3546
866,374
866,3929
866,4086
866,4254
866,4436
866,4597
866,475
866,4919
866,5087
866,5238
866,54
866,5566
866,5726
866,589
866,605
866,6201
866,6359
866,6521
866,6677
866,6842
866,7006
866,7153
866,7307
866,7469
866,7627
866,7795
866,795
866,8112
866,8255
866,8417
866,8602
866,8769
866,8919
866,9075
866,9233
866,9399
866,9561
866,9739
866,9927
867,0117
867,0327
867,0553
867,0741
867,0889
867,1053
867,1215
867,1379
867,1528
867,1694
867,1857
867,2014
867,2186
867,2364
867,2526
867,2681
867,2841
867,299
867,3146
867,3299
867,3465
867,3621
867,3767
867,3925
867,4092
867,4255
867,4415
867,4563
867,4712
867,4873
867,5026
867,5203
867,5358
867,5526
867,5709
867,5883
867,6053
867,6212
867,638
867,6537
867,6697
867,6855
867,7019
867,7186
867,735
867,7524
867,7692
867,7865
867,8035
867,8212
867,8367
867,8531
867,8722
867,8901
867,9077
867,926
867,9445
867,9634
867,9821
868,0016
868,0222
868,0402
868,0585
868,077
868,0943
868,1136
868,1318
868,1498
868,1675
868,1858
868,2049
868,2225
868,2391
868,2558
868,2737
868,2903
868,3091
868,3254
868,3401
868,3582
868,3737
868,3895
868,4066
868,4243
868,4412
868,4575
868,4725
868,4899
868,5059
868,5222
868,5375
868,5535
868,569
868,5857
868,6025
868,6174
868,632
868,6475
868,6619
868,6754
868,6928
868,7113
868,7286
868,7469
868,7656
868,7842
868,8033
868,8196
868,8373
868,8538
868,8693
868,8842
868,8994
868,9157
868,9317
868,9471
868,9615
868,9765
868,9904
869,0065
869,0212
869,0378
869,0538
869,0683
869,0857
869,1014
869,1182
869,1354
869,1508
869,1655
869,1813
869,1977
869,2131
869,2282
869,2424
869,2571
869,2736
869,2889
869,3082
869,324
869,3401
869,3561
869,3732
869,3912
869,4093
869,425
869,4404
869,4566
869,4707
869,4871
869,5042
869,5197
869,5356
869,5515
869,5679
869,5829
869,5976
869,6132
869,6273
869,6441
869,6626
869,6805
869,6987
869,7167
869,7356
869,7546
869,7739
869,7963
869,814
869,8323
869,8503
869,8687
869,8877
869,9069
869,9246
869,9431
869,9601
869,9792
869,9958
870,0151
870,0335
870,0514
870,0698
870,087
870,1043
870,1208
870,1372
870,1541
870,1724
870,1945
870,2149
870,2308
870,2479
870,2635
870,2803
870,2947
870,3112
870,3247
870,3425
870,3588
870,373
870,3882
870,4041
870,4194
870,4346
870,4506
870,4664
870,483
870,5009
870,5175
870,5332
870,5482
870,5646
870,5814
870,5988
870,6151
870,6321
870,6497
870,6671
870,6834
870,699
870,7142
870,7313
870,7465
870,7629
870,7776
870,7917
870,8079
870,8235
870,8386
870,8547
870,8705
870,8861
870,9029
870,9178
870,9332
870,9486
870,9647
870,9814
871,0001
871,0172
871,0338
871,0529
871,0692
871,0844
871,101
871,1174
871,1322
871,1482
871,1647
871,1808
871,1966
871,212
871,2275
871,2427
871,2576
871,2743
871,2914
871,3078
871,3245
871,3409
871,3575
871,3746
871,3917
871,4078
871,4261
871,4454
871,4658
871,4819
871,4982
871,514
871,5302
871,5466
871,563
871,5798
871,5948
871,611
871,6279
871,6445
871,6617
871,6804
871,6987
871,7144
871,7309
871,7458
871,7628
871,779
871,793
871,8079
871,8228
871,8387
871,8539
871,8696
871,8873
871,9025
871,9193
871,9346
871,9513
871,9681
871,985
872,001
872,0179
872,0339
872,0506
872,0662
872,0838
872,1012
872,1178
872,1326
872,1486
872,1661
872,1831
872,1987
872,2145
872,2314
872,2477
872,2637
872,28
872,2965
872,3124
872,328
872,3459
872,3635
872,3811
872,3978
872,4158
872,4327
872,4481
872,4649
872,4819
872,4995
872,5178
872,5338
872,5513
872,5676
872,5848
872,6031
872,6202
872,6362
872,6524
872,6724
872,688
872,7044
872,7215
872,7369
872,7537
872,7693
872,7861
872,8036
872,8218
872,8384
872,8544
872,8699
872,8862
872,9022
872,9193
872,9344
872,9511
872,9667
872,983
872,9999
873,0166
873,0314
873,048
873,064
873,0798
873,0956
873,1122
873,1276
873,1423
873,1577
873,1731
873,1893
873,2062
873,2242
873,2401
873,2565
873,2741
873,2912
873,3099
873,3272
873,3441
873,3613
873,3788
873,4003
873,4169
873,4334
873,4504
873,4673
873,4888
873,5114
873,5273
873,5422
873,5585
873,5743
873,5918
873,6071
873,623
873,6392
873,6554
873,6724
873,6877
873,703
873,7187
873,7343
873,7493
873,7651
873,7825
873,7984
873,8143
873,8295
873,8449
873,86
873,8755
873,8911
873,9079
873,924
873,9404
874,0404
874,059
874,0761
874,0929
874,1097
874,1255
874,1415
874,1583
874,1744
874,1907
874,2076
874,2265
874,2437
874,2623
874,2811
874,2999
874,3167
874,3325
874,3488
874,3647
874,3803
874,396
874,4122
874,4288
874,446
874,4632
874,4805
874,4974
874,5146
874,5323
874,5506
874,5688
874,5849
874,6011
874,6172
874,6345
874,6522
874,6691
874,6844
874,7001
874,7161
874,7319
874,7488
874,7672
874,7847
874,8009
874,8177
874,8363
874,8534
874,8729
874,8913
874,9091
874,9281
874,9487
874,9664
874,9857
875,0035
875,0218
875,0391
875,0565
875,0751
875,0937
875,112
875,1307
875,1484
875,1658
875,184
875,2034
875,2222
875,2405
875,2574
875,2733
875,2899
875,3063
875,3226
875,3381
875,3538
875,3704
875,3864
875,4023
875,419
875,4326
875,4473
875,4625
875,4786
875,4941
875,5101
875,5269
875,5443
875,5607
875,577
875,5919
875,6077
875,6235
875,6396
875,6554
875,6711
875,688
875,7032
875,7185
875,7355
875,7542
875,7716
875,7886
875,8065
875,824
875,8477
875,8627
875,8788
875,8929
875,9088
875,9269
875,9434
875,9594
875,9756
875,9921
876,009
876,0246
876,0403
876,0554
876,071
876,0863
876,1029
876,1189
876,1321
876,1472
876,1639
876,1801
876,1948
876,2102
876,226
876,2424
876,259
876,2753
876,291
876,3075
876,3227
876,339
876,3543
876,3699
876,3856
876,4019
876,4166
876,432
876,4464
876,4609
876,4781
876,4944
876,5093
876,5249
876,5407
876,5574
876,5723
876,5882
876,6031
876,6193
876,6356
876,6517
876,6673
876,6863
876,7037
876,7214
876,739
876,7562
876,7745
876,7929
876,8112
876,8295
876,8459
876,8613
876,8771
876,8929
876,91
876,9268
876,9424
876,9606
876,9767
876,9927
877,0088
877,0233
877,0389
877,054
877,0689
877,0852
877,1018
877,1184
877,1322
877,1475
877,1636
877,1812
877,1985
877,2148
877,2314
877,2473
877,2636
877,2802
877,296
877,3129
877,3318
877,3481
877,3674
877,3851
877,4021
877,4189
877,4351
877,4503
877,466
877,4808
877,4972
877,5125
877,5286
877,5437
877,5603
877,5773
877,5952
877,6113
877,6284
877,648
877,6652
877,6827
877,7005
877,7225
877,7411
877,7582
877,7761
877,7952
877,8186
877,8386
877,8627
877,8875
877,9057
877,9238
877,9432
877,9621
877,9798
877,9998
878,0186
878,0367
878,0544
878,0719
878,0899
878,109
878,1267
878,145
878,1632
878,1822
878,1982
878,2127
878,2287
878,2453
878,2616
878,2769
878,2924
878,3082
878,3228
878,3371
878,352
878,3692
878,3876
878,4033
878,4186
878,4337
878,4518
878,4691
878,4871
878,5043
878,5208
878,5375
878,5534
878,5745
878,5908
878,6077
878,6244
878,6403
878,6569
878,6756
878,6931
878,7097
878,7249
878,7411
878,7572
878,7736
878,7916
878,8073
878,8231
878,8386
878,8538
878,8691
878,8862
878,9025
878,9195
878,9348
878,9512
878,9662
878,9823
878,9977
879,012
879,0281
879,0434
879,0599
879,0772
879,0923
879,1091
879,1264
879,1431
879,1615
879,1773
879,1922
879,2076
879,2261
879,2428
879,2585
879,2756
879,2911
879,3074
879,3242
879,3422
879,3616
879,3802
879,3994
879,4179
879,4363
879,456
879,4738
879,493
879,5108
879,5297
879,547
879,565
879,5825
879,5999
879,6169
879,6342
879,6519
879,6683
879,6865
879,7048
879,7229
879,7413
879,7617
879,7867
879,8107
879,8283
879,8459
879,8637
879,8817
879,8984
879,9155
879,9413
879,9586
879,9792
879,9983
880,0157
880,0326
880,0486
880,0649
880,0829
880,1049
880,1268
880,1434
880,1598
880,1764
880,192
880,2083
880,2251
880,2422
880,258
880,2734
880,2901
880,3066
880,3228
880,3407
880,3591
880,3762
880,3932
880,4104
880,4285
880,4459
880,4626
880,4799
880,4971
880,5122
880,5292
880,5467
880,5634
880,5803
880,5979
880,6131
880,63
880,6465
880,6627
880,6796
880,6967
880,7127
880,7295
880,7468
880,7635
880,7794
880,7947
880,8103
880,826
880,8405
880,8561
880,8715
880,8865
880,9023
880,9183
880,9348
880,9515
880,9686
880,9872
881,0037
881,0201
881,0373
881,0521
881,0681
881,0849
881,1003
881,1148
881,1297
881,1462
881,1618
881,1791
881,1957
881,2116
881,2268
881,2427
881,2585
881,2731
881,2905
881,308
881,326
881,3433
881,3608
881,3776
881,3942
881,4104
881,4274
881,4456
881,4647
881,4829
881,5004
881,5161
881,5318
881,5472
881,5629
881,5791
881,5917
881,6072
881,6244
881,6404
881,6575
881,674
881,6921
881,7097
881,7255
881,7432
881,7591
881,7754
881,791
881,8068
881,8249
881,843
881,8589
881,8746
881,8912
881,9072
881,9248
881,9415
881,9581
881,9745
881,9915
882,008
882,0258
882,0432
882,0586
882,0756
882,0917
882,1083
882,1273
882,1451
882,1635
882,1807
882,198
882,2151
882,2322
882,2493
882,2667
882,2845
882,301
882,3182
882,3328
882,3495
882,3666
882,3846
882,4015
882,4176
882,434
882,451
882,4672
882,483
882,4994
882,5146
882,5305
882,5473
882,564
882,5815
882,598
882,6129
882,6293
882,6464
882,6619
882,6772
882,6935
882,7098
882,7271
882,7437
882,7604
882,7765
882,7935
882,8094
882,826
882,8428
882,8593
882,8755
882,8904
882,9083
882,9254
882,9422
882,9584
882,9756
882,9928
883,0092
883,0266
883,0444
883,0604
883,0773
883,0965
883,1124
883,1299
883,1481
883,1659
883,1839
883,2006
883,2183
883,235
883,2525
883,2678
883,2833
883,2993
883,3163
883,3325
883,3488
883,3651
883,3824
883,3998
883,4156
883,4307
883,4464
883,4628
883,48
883,4984
883,5141
883,5305
883,5472
883,5626
883,579
883,5951
883,6118
883,6276
883,6446
883,6606
883,6759
883,6912
883,7073
883,7227
883,7381
883,7531
883,7694
883,7864
883,8032
883,8199
883,8369
883,8533
883,8702
883,8868
883,903
883,9206
883,938
883,9551
883,9717
883,9897
884,0077
884,0245
884,0419
884,0611
884,078
884,0938
884,1092
884,1251
884,1412
884,1579
884,1729
884,1892
884,2082
884,226
884,2474
884,2698
884,2855
884,3015
884,3174
884,3336
884,3501
884,3654
884,3804
884,3968
884,4136
884,4302
884,4474
884,4637
884,4794
884,4972
884,5131
884,5322
884,5469
884,563
884,5809
884,5984
884,6155
884,6317
884,6472
884,664
884,681
884,6984
884,7144
884,8144
884,8312
884,8477
884,8638
884,8809
884,8952
884,9117
884,9304
884,9471
884,9628
884,9799
884,9949
885,0104
885,0272
885,043
885,0591
885,0736
885,0887
885,1053
885,1215
885,1378
885,155
885,1708
885,1876
885,204
885,2215
885,2382
885,2549
885,2725
885,2891
885,3118
885,3325
885,3495
885,3667
885,384
885,4011
885,4181
885,4351
885,4514
885,4673
885,4839
885,5008
885,5168
885,5315
885,5496
885,5678
885,5858
885,6034
885,6205
885,6396
885,6577
885,6774
885,6956
885,7134
885,7308
885,7485
885,7662
885,7863
885,8056
885,824
885,8412
885,8594
885,8763
885,8954
885,9141
885,9319
885,9504
885,9673
885,9843
885,9999
886,0159
886,0307
886,048
886,0647
886,0787
886,094
886,1082
886,1224
886,1378
886,1534
886,1687
886,1851
886,2029
886,22
886,2381
886,2566
886,2793
886,3016
886,3175
886,3329
886,3486
886,3657
886,3817
886,3975
886,413
886,4286
886,4451
886,4627
886,481
886,4973
886,5136
886,5322
886,5484
886,5653
886,5831
886,6015
886,6191
886,636
886,6542
886,6766
886,6957
886,7138
886,7314
886,7493
886,7665
886,7848
886,8025
886,8214
886,839
886,8582
886,8753
886,8922
886,9097
886,9272
886,9432
886,96
886,9753
886,9906
887,0058
887,0223
887,0373
887,054
887,0706
887,0871
887,1037
887,1194
887,1356
887,1516
887,168
887,1833
887,2001
887,2151
887,2302
887,2463
887,2617
887,2779
887,2939
887,3108
887,3264
887,3438
887,3586
887,3738
887,3894
887,4075
887,4251
887,4425
887,4598
887,4769
887,4944
887,5104
887,525
887,542
887,5569
887,5723
887,5884
887,6056
887,6246
887,6411
887,6596
887,6778
887,6945
887,7145
887,7336
887,7516
887,7708
887,7897
887,8091
887,8287
887,8462
887,8659
887,8834
887,9013
887,9174
887,9346
887,9512
887,9677
887,9851
888,0013
888,0187
888,0349
888,0496
888,0664
888,0831
888,0992
888,1146
888,1292
888,144
888,1605
888,1766
888,1919
888,2081
888,2242
888,241
888,2551
888,2702
888,2876
888,3049
888,3199
888,3365
888,3539
888,3725
888,39
888,4058
888,4235
888,4391
888,4575
888,4748
888,4916
888,5085
888,5255
888,5421
888,559
888,5748
888,5915
888,6072
888,6243
888,6403
888,6534
888,6679
888,6838
888,7009
888,7167
888,7322
888,7479
888,764
888,7808
888,7982
888,8147
888,8312
888,8461
888,8619
888,8774
888,8925
888,9087
888,9259
888,9401
888,9536
888,9677
888,9829
888,9984
889,0149
889,0322
889,0505
889,0658
889,0807
889,095
889,1108
889,1271
889,1434
889,1599
889,1765
889,1911
889,2076
889,2246
889,2408
889,258
889,2734
889,2889
889,3036
889,3206
889,3415
889,3589
889,3753
889,3927
889,409
889,4307
889,4529
889,4692
889,4844
889,501
889,5179
889,5348
889,5508
889,5661
889,5827
889,5996
889,6141
889,6299
889,6473
889,6638
889,6806
889,6967
889,7128
889,7303
889,7482
889,7667
889,7844
889,8022
889,8202
889,8379
889,8549
889,8719
889,8889
889,9069
889,9243
889,9417
889,9597
889,977
889,9943
890,0123
890,0297
890,0479
890,0651
890,0816
890,0985
890,1147
890,1314
890,1501
890,1674
890,1852
890,2037
890,2222
890,2394
890,2564
890,2746
890,2931
890,312
890,3303
890,3483
890,3672
890,392
890,4098
890,4263
890,4429
890,4601
890,4771
890,4941
890,5119
890,5294
890,5464
890,5651
890,5817
890,5989
890,6161
890,6332
890,651
890,6671
890,6842
890,7008
890,7191
890,7356
890,7512
890,7686
890,7863
890,8039
890,8208
890,838
890,8553
890,8722
890,8906
890,9073
890,924
890,9418
890,9601
890,9778
890,9953
891,0132
891,0315
891,0491
891,0677
891,0871
891,1064
891,127
891,1465
891,1675
891,186
891,206
891,224
891,2416
891,2575
891,2743
891,289
891,3068
891,3232
891,3391
891,3544
891,3722
891,3893
891,4064
891,4238
891,4414
891,4583
891,4804
891,5031
891,5193
891,5361
891,5522
891,5694
891,5854
891,6027
891,6182
891,6361
891,6531
891,6683
891,6851
891,7022
891,7188
891,7344
891,7513
891,7686
891,7856
891,8008
891,8179
891,8342
891,8509
891,8687
891,8849
891,9097
891,9269
891,9432
891,9581
891,9734
891,9916
892,0083
892,0247
892,0427
892,0607
892,0781
892,0938
892,1102
892,1261
892,1436
892,1587
892,1746
892,1915
892,2064
892,221
892,237
892,2545
892,2704
892,2872
892,3026
892,3185
892,3342
892,3505
892,3673
892,3842
892,4013
892,4182
892,4337
892,4507
892,4675
892,4826
892,4993
892,5146
892,5329
892,5492
892,5666
892,5859
892,6035
892,6202
892,6373
892,6539
892,6739
892,6923
892,7098
892,7275
892,7441
892,7604
892,7767
892,7928
892,8091
892,8262
892,8438
892,861
892,8795
892,8964
892,9147
892,9333
892,9501
892,9685
892,9868
893,0043
893,0225
893,0424
893,0626
893,0822
893,0988
893,1169
893,1347
893,1531
893,17
893,1891
893,2067
893,2241
893,2415
893,2594
893,277
893,2943
893,3121
893,33
893,3465
893,3646
893,3805
893,3969
893,4136
893,429
893,4451
893,4603
893,476
893,4918
893,5083
893,5225
893,537
893,5529
893,5687
893,5858
893,6017
893,6177
893,634
893,651
893,6672
893,6836
893,6988
893,7153
893,7322
893,7474
893,7626
893,7783
893,7935
893,8103
893,8265
893,843
893,86
893,8767
893,8935
893,9107
893,9279
893,9463
893,9653
893,9804
893,9966
894,009
894,0244
894,0421
894,0581
894,0745
894,0912
894,108
894,1238
894,1406
894,155
894,17
894,1869
894,2048
894,2198
894,2351
894,2521
894,2698
894,2849
894,3011
894,3183
894,3339
894,3497
894,3661
894,3827
894,3981
894,4149
894,4292
894,4446
894,4615
894,4783
894,4946
894,5114
894,5282
894,545
894,5633
894,5795
894,5963
894,6145
894,6328
894,6486
894,6646
894,6818
894,6968
894,7117
894,7271
894,7432
894,7604
894,7775
894,794
894,812
894,8289
894,8467
894,864
894,881
894,8978
894,9146
894,9324
894,9484
894,965
894,9811
894,9979
895,0139
895,0305
895,0472
895,0633
895,0797
895,0948
895,1125
895,1287
895,1447
895,1605
895,1752
895,1912
895,2073
895,2244
895,2387
895,2533
895,2699
895,2861
895,3016
895,3194
895,3355
895,3502
895,3646
895,3805
895,3967
895,4124
895,4281
895,4444
895,4595
895,4755
895,4909
895,5073
895,5241
895,6241
895,6412
895,6578
895,675
895,6918
895,7154
895,7313
895,7455
895,7625
895,7834
895,8009
895,8178
895,8337
895,8512
895,8666
895,8824
895,8982
895,9145
895,9328
895,9514
895,9697
895,9872
896,004
896,0195
896,0345
896,0497
896,0681
896,0841
896,1023
896,1197
896,1362
896,1514
896,1671
896,1832
896,1992
896,2146
896,2308
896,246
896,2627
896,2804
896,2982
896,3156
896,3331
896,3516
896,3703
896,3892
896,4106
896,43
896,4496
896,4681
896,486
896,5042
896,522
896,5393
896,5557
896,5732
896,5927
896,6099
896,6284
896,6466
896,6656
896,6821
896,7
896,7168
896,734
896,7507
896,7682
896,7874
896,804
896,8209
896,8384
896,8553
896,8713
896,8888
896,9052
896,9198
896,9353
896,9531
896,9702
896,9874
897,0039
897,0205
897,037
897,0527
897,0762
897,09
897,1064
897,1218
897,1358
897,1522
897,1678
897,1846
897,201
897,2171
897,234
897,251
897,2684
897,2875
897,3055
897,3223
897,342
897,3602
897,3771
897,3969
897,4172
897,4359
897,4543
897,4733
897,4908
897,5099
897,5294
897,5479
897,5651
897,5824
897,5997
897,6168
897,6341
897,6508
897,669
897,6873
897,7069
897,7261
897,7438
897,7614
897,7767
897,7914
897,8055
897,8212
897,8367
897,851
897,8669
897,882
897,8972
897,913
897,9274
897,9439
897,9602
897,9763
897,9921
898,0062
898,0211
898,0396
898,0549
898,0708
898,0867
898,1025
898,1176
898,133
898,1476
898,1636
898,1786
898,1943
898,2097
898,2245
898,2426
898,259
898,2762
898,2941
898,3122
898,3297
898,3468
898,3649
898,3834
898,4002
898,4172
898,4338
898,4509
898,4688
898,4877
898,509
898,5294
898,5455
898,562
898,5788
898,5939
898,6099
898,6245
898,6387
898,6545
898,6699
898,6854
898,7023
898,7175
898,733
898,7496
898,767
898,7837
898,8014
898,8199
898,8365
898,8536
898,87
898,8861
898,9031
898,9196
898,9353
898,9534
898,9683
898,986
899,0025
899,0176
899,0346
899,051
899,0671
899,085
899,1017
899,1179
899,1367
899,1561
899,1747
899,1927
899,2109
899,2334
899,252
899,2712
899,2906
899,3093
899,3266
899,3451
899,366
899,3845
899,4033
899,4231
899,4435
899,4635
899,4826
899,5005
899,5192
899,538
899,5578
899,5771
899,595
899,6127
899,6296
899,6457
899,6611
899,6772
899,6928
899,7083
899,7245
899,7403
899,7552
899,7708
899,787
899,8038
899,8202
899,8349
899,85
899,8661
899,8809
899,8968
899,9145
899,9304
899,9459
899,9628
899,9783
899,9941
900,0104
900,0278
900,0447
900,0607
900,0756
900,0913
900,1066
900,1246
900,1399
900,1561
900,173
900,1907
900,2056
900,2246
900,2424
900,2581
900,2756
900,2933
900,3108
900,3285
900,3478
900,3654
900,3841
900,403
900,4258
900,4439
900,4612
900,4791
900,4971
900,516
900,5337
900,5525
900,5779
900,6032
900,6224
900,6425
900,6616
900,6807
900,6982
900,7153
900,7325
900,7505
900,7665
900,7838
900,7993
900,8145
900,8307
900,8469
900,8622
900,8764
900,8916
900,9069
900,9218
900,9364
900,9517
900,9674
900,9836
900,9998
901,0161
901,0333
901,0519
901,0704
901,0891
901,1062
901,1228
901,1393
901,1573
901,1749
901,1945
901,2133
901,2311
901,2479
901,2657
901,2845
901,3021
901,3188
901,3361
901,3544
901,3693
901,3858
901,4016
901,4164
901,4308
901,4473
901,465
901,4814
901,4976
901,5139
901,5302
901,5462
901,5635
901,5773
901,5922
901,6075
901,6223
901,6377
901,6532
901,6702
901,6858
901,7006
901,717
901,7327
901,7484
901,7646
901,7803
901,7971
901,8135
901,8306
901,8475
901,8646
901,8812
901,8976
901,9126
901,9287
901,9441
901,9587
901,9731
901,9882
902,0057
902,022
902,0391
902,0578
902,0747
902,0928
902,1111
902,1288
902,1455
902,1633
902,181
902,1993
902,2177
902,2355
902,2572
902,2761
902,2944
902,3124
902,3313
902,3483
902,366
902,3835
902,402
902,4203
902,4377
902,4546
902,4717
902,4882
902,5082
902,5269
902,5455
902,5621
902,5802
902,5969
902,6122
902,6281
902,6437
902,6591
902,6737
902,6882
902,7046
902,7209
902,7388
902,7554
902,7715
902,7897
902,8073
902,8232
902,8414
902,8596
902,8776
902,8936
902,911
902,9282
902,9455
902,9615
902,9773
902,9943
903,0112
903,029
903,0459
903,0626
903,0795
903,0949
903,1106
903,1263
903,1417
903,1578
903,1722
903,1871
903,2034
903,2189
903,2338
903,2501
903,2654
903,2803
903,2948
903,3122
903,3289
903,3453
903,3616
903,3782
903,3948
903,4102
903,4253
903,4407
903,4554
903,4709
903,4868
903,5026
903,5191
903,5348
903,5519
903,568
903,5828
903,5982
903,6125
903,6287
903,6452
903,6638
903,6812
903,6988
903,7164
903,7347
903,7534
903,7723
903,7924
903,8098
903,8311
903,8477
903,8654
903,892
903,9123
903,9308
903,949
903,9673
903,9849
904,0016
904,0184
904,0375
904,0539
904,0717
904,086
904,1019
904,1176
904,1324
904,15
904,1658
904,184
904,1996
904,2157
904,2322
904,2481
904,2648
904,2806
904,2954
904,3113
904,3282
904,3459
904,3638
904,3801
904,399
904,4159
904,4324
904,4495
904,4672
904,4832
904,4994
904,5139
904,5303
904,5466
904,5638
904,5807
904,5991
904,6149
904,6362
904,653
904,671
904,6895
904,712
904,7352
904,7523
904,7691
904,7846
904,8002
904,8184
904,836
904,8532
904,8719
904,8911
904,9086
904,9269
904,9451
904,9632
904,9835
905,0025
905,0204
905,0405
905,0593
905,0773
905,0952
905,1127
905,1321
905,1503
905,1685
905,1875
905,2053
905,2239
905,2435
905,2676
905,2851
905,3022
905,3204
905,3387
905,3535
905,3694
905,3843
905,3988
905,4137
905,4298
905,4452
905,4612
905,476
905,4918
905,5071
905,5217
905,5365
905,5509
905,5673
905,5853
905,6027
905,621
905,6376
905,6542
905,6709
905,688
905,7044
905,7213
905,7382
905,7539
905,7692
905,7851
905,8011
905,8155
905,8301
905,8447
905,8613
905,8759
905,8904
905,9048
905,9197
905,9347
905,9503
905,9651
905,9813
905,9973
906,013
906,0291
906,0445
906,061
906,0762
906,0911
906,1071
906,1208
906,1366
906,1536
906,1711
906,1876
906,205
906,2235
906,2402
906,2565
906,2739
906,2925
906,3082
906,4082
906,4323
906,451
906,4692
906,4912
906,5096
906,5279
906,5466
906,5664
906,5849
906,6022
906,6214
906,6399
906,6585
906,676
906,6918
906,7081
906,7263
906,752
906,7758
906,7943
906,8113
906,8271
906,8443
906,8616
906,8781
906,8959
906,911
906,9279
906,945
906,9615
906,9766
906,9932
907,0098
907,0251
907,0419
907,0579
907,0731
907,0878
907,1038
907,1201
907,1378
907,1531
907,1691
907,1844
907,2
907,216
907,2307
907,2461
907,2616
907,2776
907,293
907,3105
907,3254
907,3431
907,3616
907,3797
907,3967
907,4166
907,4341
907,4513
907,4685
907,4868
907,5056
907,5231
907,5418
907,5594
907,5764
907,5938
907,6101
907,6285
907,645
907,6622
907,6803
907,6987
907,7169
907,7346
907,7534
907,7738
907,7923
907,8107
907,8287
907,8459
907,8642
907,8822
907,901
907,919
907,9362
907,9537
907,9714
907,9884
908,0073
908,0251
908,0417
908,059
908,0746
908,0895
908,104
908,1188
908,1353
908,1534
908,1707
908,1869
908,2059
908,2239
908,2427
908,2615
908,2792
908,2945
908,3095
908,3254
908,3425
908,358
908,3734
908,3898
908,4069
908,424
908,4409
908,4595
908,4767
908,4946
908,5098
908,5267
908,5428
908,5586
908,5759
908,5941
908,611
908,6276
908,645
908,6635
908,6822
908,6989
908,717
908,7331
908,7486
908,7644
908,7794
908,7948
908,8094
908,8259
908,8411
908,8569
908,8708
908,8876
908,9031
908,9186
908,934
908,9489
908,9639
908,9803
908,9967
909,013
909,0322
909,0493
909,0673
909,0851
909,1035
909,1233
909,1422
909,1602
909,177
909,1954
909,2139
909,2307
909,248
909,2639
909,2797
909,2963
909,3112
909,3276
909,3453
909,3629
909,3783
909,3946
909,4106
909,4262
909,4418
909,4588
909,4738
909,4912
909,5069
909,5245
909,5422
909,5597
909,5767
909,5971
909,6154
909,6352
909,6566
909,6745
909,6957
909,7133
909,7296
909,7487
909,7667
909,786
909,8024
909,8185
909,8345
909,8518
909,8696
909,8876
909,9053
909,9238
909,9405
909,9565
909,9717
909,9881
910,0033
910,021
910,0388
910,0557
910,0737
910,0911
910,1077
910,1245
910,1415
910,1589
910,1752
910,1934
910,2108
910,229
910,246
910,264
910,2811
910,2987
910,3174
910,3351
910,3521
910,369
910,386
910,4067
910,4241
910,4403
910,456
910,4728
910,4897
910,5056
910,5216
910,5389
910,555
910,5715
910,5861
910,6017
910,6157
910,6295
910,6441
910,6599
910,6754
910,6932
910,7097
910,7275
910,7434
910,759
910,7755
910,7909
910,8068
910,8232
910,8398
910,8557
910,8723
910,8903
910,907
910,9235
910,9425
910,9594
910,9765
910,9929
911,0124
911,0304
911,0487
911,0674
911,0848
911,1064
911,1238
911,1436
911,1628
911,1803
911,1973
911,2129
911,2324
911,2512
911,2693
911,2875
911,3076
911,3265
911,3441
911,3627
911,3794
911,3959
911,4124
911,4282
911,4434
911,4586
911,4739
911,4892
911,5052
911,5212
911,5383
911,5536
911,5692
911,5844
911,5994
911,6151
911,6298
911,6453
911,6608
911,6758
911,6915
911,7084
911,7249
911,7414
911,7562
911,7719
911,7881
911,8024
911,8193
911,836
911,8521
911,8692
911,8868
911,9055
911,9236
911,9426
911,9598
911,9782
911,9972
912,0151
912,0327
912,0511
912,0671
912,0856
912,1026
912,1188
912,135
912,1501
912,1649
912,1805
912,1983
912,2168
912,2354
912,2526
912,2697
912,2908
912,3091
912,3278
912,3457
912,3625
912,3807
912,3977
912,4154
912,4335
912,4521
912,4697
912,4891
912,5066
912,5247
912,5402
912,5567
912,576
912,5942
912,6112
912,6293
912,6465
912,6633
912,6797
912,6961
912,712
912,7292
912,7454
912,7624
912,7803
912,7985
912,8152
912,8322
912,8501
912,8672
912,8835
912,8987
912,9141
912,9287
912,9448
912,9606
912,9766
912,9938
913,0084
913,024
913,0409
913,0576
913,0737
913,09
913,1072
913,1229
913,1389
913,1532
913,1676
913,185
913,2004
913,2164
913,2302
913,246
913,261
913,277
913,2922
913,3074
913,3233
913,3387
913,355
913,3704
913,3864
913,4017
913,4178
913,434
913,4501
913,4669
913,4827
913,4983
913,5132
913,5269
913,5439
913,5608
913,5764
913,591
913,6065
913,6216
913,6359
913,6508
913,6686
913,6871
913,7032
913,7227
913,7395
913,7577
913,7764
913,7941
913,8109
913,8293
913,8467
913,8668
913,8878
913,9062
913,924
913,9412
913,9595
913,9758
913,9929
914,0103
914,0273
914,0461
914,0649
914,0824
914,101
914,119
914,1374
914,1561
914,1736
914,1907
914,2068
914,2229
914,2385
914,254
914,2697
914,2847
914,2996
914,3138
914,3293
914,3448
914,3608
914,3754
914,3931
914,4074
914,4261
914,4436
914,462
914,4812
914,4987
914,5156
914,5333
914,5508
914,5675
914,5854
914,6037
914,6196
914,6375
914,6563
914,6767
914,6996
914,7229
914,7457
914,7653
914,7842
914,801
914,8168
914,8325
914,849
914,8661
914,8859
914,9024
914,92
914,9388
914,9549
914,973
914,9894
915,0079
915,0246
915,0425
915,0596
915,0766
915,0947
915,1127
915,1309
915,1468
915,1656
915,1796
915,1941
915,2094
915,2272
915,2438
915,2597
915,2752
915,2913
915,3064
915,3231
915,3398
915,3562
915,3735
915,3928
915,4103
915,4286
915,4468
915,4662
915,4836
915,5031
915,5215
915,5405
915,5578
915,575
915,593
915,6116
915,6317
915,6511
915,6683
915,6859
915,7039
915,7228
915,7398
915,7578
915,7751
915,7922
915,809
915,8249
915,8412
915,8573
915,8735
915,8901
915,9061
915,9233
915,9378
915,9542
915,9709
915,9871
916,0031
916,0176
916,0325
916,048
916,0623
916,0778
916,0937
916,1093
916,1249
916,1409
916,1569
916,1726
916,1899
916,2059
916,2225
916,2394
916,2559
916,2717
916,2885
916,3067
916,3227
916,3391
916,3562
916,3738
916,3922
916,4095
916,4274
916,4446
916,4621
916,4801
916,4979
916,5145
916,5321
916,5488
916,5667
916,5851
916,603
916,6209
916,6384
916,6545
916,673
916,6898
916,7094
916,7301
916,7501
916,7685
916,7893
916,8068
916,8241
916,8419
916,8608
916,8804
916,8996
4848,964
4848,983
4849,002
4849,021
4849,038
4849,057
4849,077
4849,096
4849,114
4849,133
4849,152
4849,17
4849,189
4849,207
4849,226
4849,243
4849,262
4849,28
4849,297
4849,315
4849,333
4849,352
4849,371
4849,388
4849,408
4849,428
4849,445
4849,464
4849,483
4849,503
4849,521
4849,54
4849,559
4849,575
4849,595
4849,612
4849,631
4849,648
4849,668
4849,687
4849,704
4849,722
4849,74
4849,758
4849,777
4849,794
4849,812
4849,83
4849,847
4849,864
4849,881
4849,9
4849,918
4849,936
4849,954
4849,972
4849,988
4850,005
4850,022
4850,039
4850,054
4850,07
4850,087
4850,104
4850,123
4850,141
4850,159
4850,175
4850,192
4850,21
4850,23
4850,247
4850,265
4850,282
4850,299
4850,316
4850,333
4850,35
4850,367
4850,384
4850,404
4850,425
4850,449
4850,471
4850,499
4850,52
4850,542
4850,562
4850,579
4850,597
4850,615
4850,633
4850,65
4850,67
4850,689
4850,708
4850,726
4850,744
4850,763
4850,781
4850,799
4850,819
4850,839
4850,858
4850,877
4850,895
4850,913
4850,931
4850,949
4850,967
4850,984
4851,001
4851,019
4851,038
4851,057
4851,075
4851,093
4851,111
4851,13
4851,147
4851,165
4851,183
4851,203
4851,221
4851,238
4851,257
4851,275
4851,294
4851,312
4851,329
4851,348
4851,365
4851,382
4851,399
4851,417
4851,435
4851,453
4851,471
4851,488
4851,506
4851,524
4851,542
4851,562
4851,58
4851,598
4851,616
4851,634
4851,652
4851,67
4851,688
4851,706
4851,724
4851,743
4851,761
4851,78
4851,798
4851,82
4851,837
4851,856
4851,875
4851,894
4851,913
4851,931
4851,949
4851,967
4851,982
4852
4852,016
4852,032
4852,049
4852,065
4852,082
4852,099
4852,116
4852,132
4852,149
4852,167
4852,185
4852,201
4852,217
4852,234
4852,251
4852,271
4852,289
4852,304
4852,321
4852,336
4852,353
4852,37
4852,388
4852,405
4852,424
4852,441
4852,459
4852,477
4852,494
4852,512
4852,53
4852,548
4852,567
4852,586
4852,604
4852,622
4852,639
4852,657
4852,673
4852,692
4852,71
4852,728
4852,746
4852,765
4852,783
4852,802
4852,82
4852,837
4852,856
4852,875
4852,892
4852,909
4852,927
4852,946
4852,964
4852,981
4852,999
4853,015
4853,033
4853,052
4853,071
4853,089
4853,106
4853,124
4853,142
4853,16
4853,179
4853,198
4853,216
4853,234
4853,251
4853,271
4853,289
4853,305
4853,324
4853,342
4853,36
4853,377
4853,397
4853,414
4853,433
4853,452
4853,469
4853,488
4853,505
4853,523
4853,541
4853,559
4853,576
4853,594
4853,613
4853,632
4853,65
4853,667
4853,687
4853,705
4853,723
4853,739
4853,757
4853,775
4853,792
4853,811
4853,829
4853,845
4853,862
4853,879
4853,897
4853,917
4853,936
4853,954
4853,971
4853,989
4854,007
4854,025
4854,042
4854,058
4854,075
4854,092
4854,108
4854,125
4854,143
4854,16
4854,175
4854,192
4854,209
4854,227
4854,243
4854,259
4854,274
4854,29
4854,306
4854,322
4854,338
4854,354
4854,369
4854,383
4854,404
4854,421
4854,439
4854,458
4854,477
4854,496
4854,514
4854,531
4854,55
4854,568
4854,586
4854,604
4854,621
4854,638
4854,657
4854,674
4854,692
4854,71
4854,729
4854,746
4854,765
4854,782
4854,8
4854,817
4854,834
4854,853
4854,87
4854,887
4854,904
4854,921
4854,939
4854,958
4854,976
4854,994
4855,012
4855,03
4855,048
4855,066
4855,085
4855,104
4855,121
4855,138
4855,156
4855,174
4855,193
4855,21
4855,228
4855,247
4855,265
4855,284
4855,301
4855,318
4855,336
4855,354
4855,373
4855,391
4855,408
4855,426
4855,443
4855,462
4855,481
4855,499
4855,518
4855,537
4855,554
4855,573
4855,591
4855,609
4855,626
4855,645
4855,663
4855,681
4855,699
4855,716
4855,734
4855,754
4855,773
4855,791
4855,809
4855,827
4855,847
4855,866
4855,885
4855,903
4855,926
4855,944
4855,96
4855,977
4855,995
4856,012
4856,03
4856,047
4856,064
4856,081
4856,1
4856,117
4856,135
4856,153
4856,169
4856,186
4856,203
4856,218
4856,236
4856,252
4856,269
4856,285
4856,301
4856,318
4856,335
4856,352
4856,369
4856,386
4856,404
4856,422
4856,44
4856,458
4856,476
4856,493
4856,512
4856,531
4856,549
4856,568
4856,587
4856,606
4856,625
4856,643
4856,661
4856,679
4856,697
4856,716
4856,735
4856,752
4856,771
4856,789
4856,807
4856,825
4856,844
4856,862
4856,88
4856,899
4856,917
4856,935
4856,953
4856,971
4856,989
4857,006
4857,022
4857,039
4857,058
4857,076
4857,093
4857,112
4857,131
4857,151
4857,169
4857,189
4857,208
4857,226
4857,244
4857,262
4857,279
4857,298
4857,316
4857,335
4857,353
4857,371
4857,389
4857,408
4857,424
4857,442
4857,459
4857,477
4857,496
4857,514
4857,531
4857,549
4857,566
4857,585
4857,604
4857,622
4857,64
4857,657
4857,675
4857,693
4857,711
4857,729
4857,747
4857,764
4857,782
4857,8
4857,818
4857,835
4857,853
4857,871
4857,89
4857,908
4857,925
4857,943
4857,961
4857,978
4857,993
4858,009
4858,025
4858,042
4858,059
4858,075
4858,091
4858,107
4858,125
4858,141
4858,158
4858,174
4858,19
4858,207
4858,222
4858,239
4858,254
4858,27
4858,286
4858,302
4858,319
4858,335
4858,352
4858,368
4858,386
4858,403
4858,421
4858,441
4858,459
4858,477
4858,494
4858,512
4858,529
4858,547
4858,565
4858,583
4858,603
4858,62
4858,638
4858,654
4858,671
4858,689
4858,708
4858,727
4858,744
4858,761
4858,779
4858,796
4858,814
4858,833
4858,85
4858,868
4858,884
4858,901
4858,918
4858,937
4858,955
4858,972
4858,99
4859,007
4859,026
4859,044
4859,062
4859,079
4859,097
4859,115
4859,133
4859,151
4859,169
4859,187
4859,204
4859,221
4859,239
4859,257
4859,275
4859,293
4859,312
4859,329
4859,348
4859,366
4859,385
4859,403
4859,421
4859,438
4859,455
4859,473
4859,49
4859,508
4859,524
4859,543
4859,562
4859,579
4859,597
4859,616
4859,633
4859,65
4859,669
4859,687
4859,705
4859,721
4859,739
4859,757
4859,775
4859,794
4859,811
4859,828
4859,845
4859,862
4859,881
4859,898
4859,916
4859,934
4859,952
4859,969
4859,985
4860,002
4860,019
4860,035
4860,052
4860,069
4860,085
4860,102
4860,117
4860,135
4860,153
4860,17
4860,188
4860,207
4860,225
4860,244
4860,261
4860,279
4860,298
4860,316
4860,333
4860,351
4860,367
4860,385
4860,403
4860,421
4860,441
4860,459
4860,478
4860,497
4860,514
4860,532
4860,55
4860,569
4860,587
4860,605
4860,624
4860,642
4860,66
4860,678
4860,696
4860,715
4860,733
4860,751
4860,77
4860,788
4860,807
4860,825
4860,843
4860,861
4860,879
4860,896
4860,915
4860,933
4860,95
4860,969
4860,987
4861,004
4861,023
4861,041
4861,059
4861,077
4861,095
4861,113
4861,131
4861,149
4861,167
4861,184
4861,203
4861,221
4861,24
4861,257
4861,275
4861,294
4861,313
4861,332
4861,35
4861,367
4861,384
4861,402
4861,418
4861,436
4861,454
4861,472
4861,49
4861,507
4861,526
4861,545
4861,564
4861,583
4861,601
4861,618
4861,637
4861,654
4861,674
4861,692
4861,711
4861,729
4861,747
4861,765
4861,783
4861,801
4861,819
4861,839
4861,857
4861,874
4861,891
4861,909
4861,928
4861,946
4861,964
4861,982
4861,999
4862,017
4862,035
4862,053
4862,071
4862,089
4862,109
4862,129
4862,146
4862,164
4862,182
4862,198
4862,215
4862,231
4862,248
4862,264
4862,28
4862,296
4862,313
4862,332
4862,349
4862,366
4862,383
4862,401
4862,418
4862,435
4862,453
4862,47
4862,488
4862,507
4862,523
4862,541
4862,559
4862,578
4862,596
4862,615
4862,634
4862,653
4862,675
4862,693
4862,71
4862,728
4862,746
4862,764
4862,782
4862,801
4862,82
4862,838
4862,859
4862,878
4862,897
4862,916
4862,934
4862,951
4862,969
4862,989
4863,008
4863,025
4863,047
4863,068
4863,087
4863,106
4863,127
4863,147
4863,166
4863,186
4863,205
4863,223
4863,241
4863,259
4863,276
4863,295
4863,315
4863,333
4863,352
4863,37
4863,392
4863,412
4863,43
4863,449
4863,469
4863,487
4863,505
4863,524
4863,541
4863,559
4863,576
4863,595
4863,613
4863,635
4863,654
4863,671
4863,688
4863,708
4863,727
4863,744
4863,762
4863,781
4863,799
4863,818
4863,836
4863,855
4863,873
4863,892
4863,909
4863,926
4863,944
4863,961
4863,98
4863,998
4864,018
4864,038
4864,056
4864,073
4864,091
4864,107
4864,125
4864,143
4864,162
4864,181
4864,281
4864,297
4864,313
4864,329
4864,346
4864,364
4864,387
4864,407
4864,424
4864,441
4864,461
4864,478
4864,497
4864,515
4864,533
4864,551
4864,569
4864,586
4864,604
4864,622
4864,639
4864,658
4864,676
4864,694
4864,713
4864,731
4864,749
4864,768
4864,787
4864,805
4864,823
4864,84
4864,858
4864,876
4864,894
4864,911
4864,929
4864,947
4864,964
4864,982
4865
4865,017
4865,036
4865,054
4865,071
4865,091
4865,109
4865,127
4865,145
4865,162
4865,18
4865,199
4865,216
4865,234
4865,252
4865,27
4865,288
4865,306
4865,323
4865,34
4865,36
4865,379
4865,397
4865,416
4865,433
4865,451
4865,469
4865,487
4865,505
4865,524
4865,541
4865,558
4865,573
4865,589
4865,606
4865,623
4865,64
4865,657
4865,673
4865,689
4865,706
4865,722
4865,741
4865,758
4865,776
4865,794
4865,812
4865,829
4865,846
4865,864
4865,883
4865,901
4865,92
4865,938
4865,956
4865,973
4865,992
4866,009
4866,027
4866,045
4866,064
4866,081
4866,099
4866,117
4866,134
4866,152
4866,17
4866,187
4866,205
4866,222
4866,239
4866,257
4866,275
4866,293
4866,311
4866,329
4866,349
4866,366
4866,386
4866,403
4866,421
4866,439
4866,457
4866,475
4866,494
4866,513
4866,531
4866,55
4866,567
4866,585
4866,603
4866,621
4866,64
4866,658
4866,675
4866,692
4866,71
4866,729
4866,747
4866,765
4866,782
4866,8
4866,818
4866,835
4866,854
4866,874
4866,892
4866,91
4866,929
4866,947
4866,965
4866,982
4867
4867,019
4867,037
4867,055
4867,073
4867,093
4867,111
4867,129
4867,147
4867,166
4867,184
4867,202
4867,219
4867,236
4867,254
4867,271
4867,289
4867,306
4867,324
4867,343
4867,361
4867,378
4867,396
4867,415
4867,434
4867,451
4867,469
4867,488
4867,505
4867,523
4867,541
4867,557
4867,574
4867,59
4867,606
4867,623
4867,64
4867,658
4867,674
4867,69
4867,707
4867,723
4867,741
4867,758
4867,775
4867,793
4867,812
4867,83
4867,848
4867,864
4867,88
4867,898
4867,914
4867,93
4867,947
4867,966
4867,983
4868,001
4868,02
4868,038
4868,056
4868,073
4868,092
4868,11
4868,128
4868,145
4868,163
4868,18
4868,198
4868,215
4868,233
4868,249
4868,266
4868,283
4868,301
4868,319
4868,337
4868,355
4868,373
4868,392
4868,412
4868,432
4868,449
4868,47
4868,489
4868,507
4868,526
4868,547
4868,565
4868,584
4868,602
4868,62
4868,639
4868,657
4868,675
4868,694
4868,711
4868,729
4868,747
4868,766
4868,784
4868,803
4868,82
4868,838
4868,856
4868,874
4868,893
4868,91
4868,928
4868,947
4868,963
4868,981
4868,999
4869,016
4869,035
4869,052
4869,07
4869,088
4869,106
4869,125
4869,143
4869,162
4869,18
4869,2
4869,217
4869,236
4869,253
4869,272
4869,292
4869,31
4869,328
4869,35
4869,368
4869,386
4869,407
4869,426
4869,445
4869,464
4869,482
4869,5
4869,519
4869,537
4869,556
4869,572
4869,59
4869,608
4869,625
4869,643
4869,659
4869,677
4869,693
4869,71
4869,727
4869,744
4869,76
4869,778
4869,796
4869,812
4869,829
4869,846
4869,863
4869,88
4869,899
4869,916
4869,932
4869,951
4869,97
4869,987
4870,005
4870,023
4870,042
4870,059
4870,076
4870,095
4870,113
4870,131
4870,149
4870,167
4870,187
4870,205
4870,224
4870,242
4870,261
4870,281
4870,3
4870,319
4870,34
4870,359
4870,378
4870,397
4870,416
4870,435
4870,454
4870,471
4870,489
4870,507
4870,526
4870,545
4870,563
4870,581
4870,602
4870,622
4870,643
4870,661
4870,68
4870,698
4870,718
4870,736
4870,755
4870,778
4870,797
4870,815
4870,835
4870,853
4870,871
4870,888
4870,905
4870,924
4870,944
4870,963
4870,982
4871,002
4871,021
4871,042
4871,059
4871,077
4871,098
4871,119
4871,138
4871,157
4871,175
4871,194
4871,213
4871,232
4871,253
4871,273
4871,292
4871,311
4871,329
4871,348
4871,365
4871,385
4871,403
4871,423
4871,441
4871,46
4871,479
4871,5
4871,518
4871,536
4871,554
4871,573
4871,592
4871,613
4871,631
4871,651
4871,671
4871,695
4871,713
4871,732
4871,752
4871,771
4871,789
4871,809
4871,829
4871,847
4871,865
4871,885
4871,904
4871,925
4871,945
4871,962
4871,985
4872,003
4872,022
4872,042
4872,063
4872,084
4872,104
4872,124
4872,143
4872,163
4872,183
4872,204
4872,225
4872,244
4872,263
4872,283
4872,302
4872,322
4872,343
4872,363
4872,383
4872,402
4872,422
4872,442
4872,462
4872,481
4872,502
4872,521
4872,543
4872,562
4872,581
4872,6
4872,62
4872,64
4872,658
4872,676
4872,696
4872,715
4872,735
4872,754
4872,772
4872,791
4872,811
4872,83
4872,849
4872,868
4872,887
4872,906
4872,923
4872,941
4872,961
4872,981
4873,001
4873,021
4873,041
4873,06
4873,081
4873,1
4873,121
4873,141
4873,16
4873,178
4873,196
4873,218
4873,237
4873,256
4873,276
4873,294
4873,313
4873,331
4873,349
4873,369
4873,387
4873,406
4873,424
4873,442
4873,46
4873,48
4873,498
4873,516
4873,533
4873,55
4873,568
4873,586
4873,603
4873,62
4873,637
4873,654
4873,672
4873,691
4873,709
4873,728
4873,748
4873,768
4873,785
4873,802
4873,82
4873,837
4873,855
4873,872
4873,889
4873,906
4873,923
4873,942
4873,962
4873,981
4874
4874,018
4874,036
4874,054
4874,073
4874,091
4874,11
4874,127
4874,146
4874,163
4874,181
4874,199
4874,216
4874,235
4874,256
4874,275
4874,294
4874,314
4874,334
4874,354
4874,372
4874,39
4874,411
4874,43
4874,449
4874,469
4874,488
4874,506
4874,525
4874,543
4874,563
4874,582
4874,599
4874,617
4874,636
4874,654
4874,672
4874,691
4874,71
4874,728
4874,746
4874,765
4874,782
4874,801
4874,819
4874,837
4874,857
4874,876
4874,894
4874,913
4874,933
4874,952
4874,971
4874,991
4875,009
4875,027
4875,045
4875,062
4875,08
4875,098
4875,116
4875,134
4875,154
4875,172
4875,19
4875,208
4875,227
4875,245
4875,263
4875,284
4875,305
4875,323
4875,342
4875,361
4875,38
4875,399
4875,42
4875,439
4875,458
4875,476
4875,494
4875,513
4875,531
4875,548
4875,566
4875,583
4875,602
4875,619
4875,636
4875,652
4875,67
4875,689
4875,708
4875,728
4875,748
4875,77
4875,788
4875,806
4875,824
4875,845
4875,864
4875,882
4875,9
4875,918
4875,937
4875,957
4875,976
4875,995
4876,014
4876,032
4876,049
4876,067
4876,085
4876,105
4876,123
4876,143
4876,161
4876,181
4876,201
4876,221
4876,242
4876,265
4876,285
4876,304
4876,321
4876,34
4876,36
4876,381
4876,4
4876,418
4876,436
4876,455
4876,474
4876,492
4876,51
4876,528
4876,547
4876,565
4876,583
4876,601
4876,619
4876,638
4876,657
4876,676
4876,694
4876,714
4876,734
4876,753
4876,772
4876,792
4876,811
4876,829
4876,848
4876,87
4876,889
4876,908
4876,926
4876,944
4876,961
4876,979
4876,999
4877,018
4877,036
4877,053
4877,071
4877,09
4877,109
4877,127
4877,147
4877,165
4877,186
4877,205
4877,222
4877,24
4877,257
4877,277
4877,296
4877,313
4877,331
4877,348
4877,366
4877,383
4877,402
4877,419
4877,437
4877,455
4877,472
4877,49
4877,51
4877,528
4877,545
4877,563
4877,58
4877,598
4877,617
4877,635
4877,653
4877,671
4877,689
4877,708
4877,726
4877,744
4877,761
4877,778
4877,796
4877,814
4877,834
4877,853
4877,871
4877,889
4877,905
4877,925
4877,943
4877,962
4877,979
4877,998
4878,017
4878,036
4878,056
4878,075
4878,095
4878,114
4878,133
4878,153
4878,173
4878,193
4878,212
4878,231
4878,25
4878,269
4878,292
4878,31
4878,33
4878,352
4878,369
4878,386
4878,404
4878,423
4878,44
4878,461
4878,479
4878,499
4878,519
4878,537
4878,553
4878,57
4878,587
4878,604
4878,621
4878,639
4878,657
4878,675
4878,693
4878,712
4878,731
4878,75
4878,769
4878,788
4878,805
4878,823
4878,841
4878,861
4878,881
4878,9
4878,92
4878,938
4878,958
4878,976
4878,995
4879,013
4879,034
4879,051
4879,07
4879,089
4879,109
4879,128
4879,145
4879,165
4879,185
4879,205
4879,223
4879,241
4879,26
4879,28
4879,299
4879,319
4879,337
4879,355
4879,373
4879,392
4879,412
4879,43
4879,45
4879,468
4879,486
4879,505
4879,521
4879,54
4879,558
4879,577
4879,594
4879,612
4879,631
4879,65
4879,668
4879,688
4879,706
4879,722
4879,74
4879,759
4879,776
4879,792
4879,811
4879,828
4879,846
4879,862
4879,879
4879,897
4879,914
4879,933
4879,949
4879,967
4879,985
4880,003
4880,021
4880,039
4880,058
4880,076
4880,093
4880,111
4880,13
4880,146
4880,164
4880,183
4880,2
4880,218
4880,236
4880,254
4880,273
4880,291
4880,311
4880,328
4880,346
4880,364
4880,382
4880,4
4880,418
4880,436
4880,454
4880,472
4880,49
4880,508
4880,526
4880,545
4880,563
4880,581
4880,599
4880,617
4880,635
4880,654
4880,671
4880,689
4880,708
4880,726
4880,743
4880,761
4880,78
4880,798
4880,816
4880,833
4880,852
4880,87
4880,887
4880,904
4880,923
4880,942
4880,961
4880,978
4880,996
4881,014
4881,031
4881,049
4881,065
4881,083
4881,102
4881,119
4881,137
4881,155
4881,173
4881,19
4881,208
4881,225
4881,244
4881,263
4881,28
4881,298
4881,316
4881,333
4881,353
4881,37
4881,389
4881,407
4881,426
4881,442
4881,46
4881,478
4881,496
4881,513
4881,531
4881,548
4881,565
4881,582
4881,601
4881,618
4881,633
4881,65
4881,668
4881,684
4881,699
4881,716
4881,73
4881,747
4881,764
4881,78
4881,796
4881,813
4881,831
4881,847
4881,865
4881,88
4881,897
4881,913
4881,929
4881,95
4881,967
4881,985
4882,003
4882,021
4882,039
4882,056
4882,074
4882,093
4882,11
4882,127
4882,146
4882,165
4882,183
4882,201
4882,219
4882,237
4882,255
4882,274
4882,292
4882,31
4882,327
4882,345
4882,363
4882,381
4882,399
4882,417
4882,435
4882,452
4882,47
4882,487
4882,503
4882,521
4882,538
4882,556
4882,575
4882,591
4882,61
4882,627
4882,647
4882,667
4882,685
4882,704
4882,723
4882,741
4882,761
4882,779
4882,798
4882,815
4882,834
4882,852
4882,87
4882,888
4882,908
4882,926
4882,944
4882,961
4882,979
4882,998
4883,016
4883,035
4883,053
4883,07
4883,088
4883,108
4883,125
4883,145
4883,164
4883,182
4883,199
4883,218
4883,236
4883,254
4883,271
4883,289
4883,308
4883,327
4883,345
4883,363
4883,381
4883,399
4883,418
4883,437
4883,454
4883,473
4883,49
4883,508
4883,525
4883,543
4883,561
4883,58
4883,599
4883,616
4883,633
4883,651
4883,668
4883,684
4883,701
4883,718
4883,736
4883,753
4883,769
4883,785
4883,803
4883,822
4883,838
4883,854
4883,871
4883,889
4883,907
4883,923
4883,94
4883,958
4883,977
4883,995
4884,013
4884,031
4884,05
4884,069
4884,088
4884,106
4884,126
4884,145
4884,163
4884,182
4884,2
4884,218
4884,236
4884,253
4884,271
4884,29
4884,309
4884,326
4884,345
4884,363
4884,38
4884,399
4884,417
4884,435
4884,452
4884,469
4884,487
4884,506
4884,524
4884,541
4884,559
4884,576
4884,594
4884,613
4884,63
4884,648
4884,667
4884,685
4884,703
4884,72
4884,738
4884,757
4884,775
4884,794
4884,812
4884,831
4884,849
4884,869
4884,888
4884,907
4884,925
4884,944
4884,963
4884,982
4885,002
4885,021
4885,04
4885,058
4885,077
4885,095
4885,113
4885,13
4885,147
4885,166
4885,184
4885,202
4885,22
4885,24
4885,258
4885,281
4885,301
4885,32
4885,342
4885,362
4885,38
4885,402
4885,42
4885,441
4885,461
4885,48
4885,499
4885,517
4885,537
4885,556
4885,576
4885,597
4885,618
4885,636
4885,654
4885,672
4885,691
4885,709
4885,729
4885,747
4885,767
4885,786
4885,804
4885,825
4885,845
4885,863
4885,88
4885,9
4885,918
4885,936
4885,955
4885,973
4885,993
4886,012
4886,032
4886,052
4886,07
4886,089
4886,106
4886,125
4886,144
4886,163
4886,18
4886,197
4886,216
4886,234
4886,252
4886,271
4886,289
4886,307
4886,327
4886,345
4886,365
4886,384
4886,404
4886,422
4886,442
4886,46
4886,479
4886,499
4886,52
4886,539
4886,558
4886,577
4886,597
4886,616
4886,634
4886,65
4886,669
4886,687
4886,704
4886,722
4886,739
4886,757
4886,774
4886,792
4886,81
4886,829
4886,848
4886,866
4886,885
4886,902
4886,92
4886,938
4886,955
4886,972
4886,99
4887,008
4887,027
4887,045
4887,064
4887,081
4887,1
4887,118
4887,136
4887,154
4887,172
4887,191
4887,208
4887,227
4887,244
4887,261
4887,279
4887,297
4887,314
4887,333
4887,351
4887,368
4887,386
4887,402
4887,421
4887,439
4887,458
4887,477
4887,495
4887,512
4887,53
4887,547
4887,564
4887,583
4887,602
4887,619
4887,638
4887,656
4887,674
4887,691
4887,709
4887,728
4887,745
4887,762
4887,779
4887,795
4887,812
4887,83
4887,848
4887,865
4887,882
4887,9
4887,917
4887,934
4887,95
4887,968
4887,986
4888,004
4888,023
4888,043
4888,061
4888,08
4888,097
4888,114
4888,132
4888,15
4888,169
4888,188
4888,205
4888,223
4888,241
4888,257
4888,275
4888,294
4888,313
4888,33
4888,348
4888,366
4888,383
4888,401
4888,419
4888,438
4888,455
4888,473
4888,489
4888,506
4888,524
4888,542
4888,559
4888,577
4888,594
4888,611
4888,628
4888,646
4888,664
4888,681
4888,7
4888,717
4888,735
4888,753
4888,772
4888,789
4888,809
4888,827
4888,845
4888,862
4888,881
4888,899
4888,917
4888,936
4888,953
4888,971
4888,988
4889,007
4889,026
4889,043
4889,062
4889,079
4889,098
4889,117
4889,136
4889,154
4889,172
4889,189
4889,208
4889,225
4889,244
4889,263
4889,282
4889,302
4889,322
4889,342
4889,36
4889,378
4889,401
4889,419
4889,438
4889,458
4889,476
4889,495
4889,515
4889,535
4889,555
4889,572
4889,591
4889,611
4889,629
4889,648
4889,666
4889,684
4889,704
4889,724
4889,742
4889,76
4889,779
4889,8
4889,821
4889,84
4889,86
4889,879
4889,899
4889,919
4889,939
4889,958
4889,978
4889,996
4890,016
4890,036
4890,055
4890,075
4890,092
4890,112
4890,132
4890,15
4890,17
4890,189
4890,208
4890,228
4890,249
4890,268
4890,287
4890,306
4890,324
4890,343
4890,361
4890,383
4890,403
4890,422
4890,442
4890,458
4890,477
4890,496
4890,516
4890,534
4890,554
4890,572
4890,589
4890,608
4890,627
4890,646
4890,667
4890,685
4890,704
4890,723
4890,743
4890,762
4890,782
4890,8
4890,818
4890,834
4890,852
4890,87
4890,888
4890,909
4890,93
4890,947
4890,965
4890,981
4891
4891,017
4891,033
4891,05
4891,068
4891,085
4891,104
4891,123
4891,14
4891,158
4891,178
4891,196
4891,215
4891,233
4891,252
4891,271
4891,289
4891,306
4891,324
4891,343
4891,36
4891,379
4891,398
4891,416
4891,435
4891,453
4891,471
4891,489
4891,508
4891,525
4891,542
4891,561
4891,578
4891,596
4891,613
4891,63
4891,649
4891,669
4891,687
4891,705
4891,723
4891,742
4891,761
4891,779
4891,797
4891,813
4891,83
4891,847
4891,866
4891,887
4891,904
4891,92
4891,938
4891,953
4891,969
4891,988
4892,006
4892,027
4892,046
4892,064
4892,083
4892,1
4892,118
4892,136
4892,152
4892,172
4892,189
4892,207
4892,227
4892,244
4892,266
4892,284
4892,303
4892,321
4892,342
4892,36
4892,379
4892,398
4892,417
4892,436
4892,457
4892,477
4892,497
4892,517
4892,535
4892,554
4892,573
4892,589
4892,609
4892,628
4892,648
4892,667
4892,688
4892,708
4892,729
4892,75
4892,769
4892,788
4892,807
4892,826
4892,846
4892,866
4892,886
4892,904
4892,923
4892,944
4892,964
4892,985
4893,004
4893,021
4893,039
4893,058
4893,077
4893,096
4893,116
4893,135
4893,153
4893,17
4893,188
4893,208
4893,227
4893,248
4893,267
4893,286
4893,306
4893,324
4893,342
4893,362
4893,383
4893,401
4893,419
4893,437
4893,456
4893,476
4893,497
4893,517
4893,535
4893,554
4893,572
4893,591
4893,609
4893,627
4893,649
4893,672
4893,69
4893,708
4893,727
4893,745
4893,765
4893,783
4893,801
4893,819
4893,837
4893,856
4893,875
4893,895
4893,915
4893,934
4893,952
4893,969
4893,988
4894,008
4894,026
4894,044
4894,065
4894,084
4894,103
4894,121
4894,141
4894,161
4894,182
4894,202
4894,222
4894,24
4894,259
4894,276
4894,295
4894,316
4894,334
4894,353
4894,372
4894,39
4894,408
4894,427
4894,446
4894,466
4894,483
4894,503
4894,522
4894,54
4894,558
4894,576
4894,594
4894,612
4894,632
4894,65
4894,668
4894,687
4894,704
4894,721
4894,739
4894,757
4894,775
4894,793
4894,811
4894,829
4894,849
4894,866
4894,883
4894,901
4894,919
4894,937
4894,954
4894,972
4894,989
4895,007
4895,025
4895,042
4895,06
4895,077
4895,096
4895,114
4895,132
4895,151
4895,168
4895,186
4895,204
4895,221
4895,239
4895,258
4895,276
4895,294
4895,313
4895,332
4895,351
4895,368
4895,386
4895,404
4895,421
4895,438
4895,457
4895,474
4895,492
4895,508
4895,526
4895,544
4895,561
4895,579
4895,596
4895,612
4895,629
4895,646
4895,665
4895,684
4895,701
4895,719
4895,737
4895,756
4895,773
4895,791
4895,81
4895,827
4895,845
4895,864
4895,882
4895,901
4895,919
4895,937
4895,954
4895,973
4895,993
4896,01
4896,029
4896,047
4896,065
4896,083
4896,101
4896,119
4896,138
4896,157
4896,175
4896,194
4896,211
4896,229
4896,247
4896,265
4896,281
4896,299
4896,317
4896,335
4896,353
4896,372
4896,39
4896,408
4896,424
4896,441
4896,458
4896,475
4896,492
4896,51
4896,528
4896,545
4896,563
4896,58
4896,598
4896,617
4896,635
4896,652
4896,669
4896,687
4896,706
4896,723
4896,741
4896,758
4896,775
4896,794
4896,811
4896,828
4896,846
4896,864
4896,882
4896,899
4896,918
4896,936
4896,954
4896,972
4896,989
4897,006
4897,024
4897,041
4897,058
4897,076
4897,093
4897,11
4897,128
4897,146
4897,163
4897,181
4897,199
4897,216
4897,234
4897,251
4897,269
4897,285
4897,304
4897,321
4897,339
4897,359
4897,376
4897,393
4897,411
4897,428
4897,445
4897,463
4897,48
4897,498
4897,516
4897,532
4897,549
4897,566
4897,582
4897,598
4897,613
4897,631
4897,646
4897,663
4897,68
4897,696
4897,711
4897,728
4897,745
4897,762
4897,779
4897,794
4897,81
4897,826
4897,843
4897,86
4897,877
4897,894
4897,912
4897,927
4897,943
4897,961
4897,979
4897,995
4898,013
4898,031
4898,049
4898,067
4898,084
4898,103
4898,119
4898,138
4898,155
4898,172
4898,189
4898,207
4898,226
4898,245
4898,261
4898,279
4898,295
4898,313
4898,33
4898,348
4898,365
4898,383
4898,402
4898,418
4898,436
4898,452
4898,469
4898,485
4898,503
4898,522
4898,541
4898,559
4898,577
4898,597
4898,616
4898,635
4898,652
4898,673
4898,69
4898,71
4898,729
4898,748
4898,764
4898,784
4898,803
4898,822
4898,844
4898,863
4898,882
4898,901
4898,92
4898,939
4898,96
4898,981
4899,002
4899,022
4899,041
4899,061
4899,08
4899,101
4899,119
4899,14
4899,157
4899,179
4899,198
4899,219
4899,241
4899,26
4899,278
4899,297
4899,316
4899,416
4899,43
4899,447
4899,46
4899,477
4899,492
4899,515
4899,536
4899,555
4899,57
4899,586
4899,603
4899,62
4899,637
4899,657
4899,676
4899,693
4899,711
4899,728
4899,746
4899,764
4899,781
4899,798
4899,816
4899,835
4899,853
4899,871
4899,888
4899,905
4899,923
4899,94
4899,958
4899,975
4899,99
4900,008
4900,026
4900,044
4900,062
4900,08
4900,099
4900,118
4900,135
4900,154
4900,171
4900,188
4900,207
4900,225
4900,242
4900,262
4900,279
4900,298
4900,316
4900,333
4900,351
4900,368
4900,387
4900,404
4900,421
4900,437
4900,455
4900,474
4900,492
4900,51
4900,528
4900,546
4900,565
4900,583
4900,603
4900,621
4900,641
4900,659
4900,677
4900,695
4900,714
4900,733
4900,751
4900,77
4900,789
4900,807
4900,825
4900,842
4900,86
4900,878
4900,896
4900,915
4900,934
4900,952
4900,969
4900,987
4901,005
4901,023
4901,042
4901,06
4901,076
4901,095
4901,113
4901,132
4901,15
4901,169
4901,188
4901,208
4901,229
4901,246
4901,265
4901,284
4901,302
4901,32
4901,339
4901,358
4901,378
4901,396
4901,416
4901,433
4901,449
4901,468
4901,488
4901,508
4901,526
4901,545
4901,563
4901,581
4901,599
4901,619
4901,639
4901,657
4901,676
4901,696
4901,715
4901,734
4901,753
4901,771
4901,792
4901,812
4901,832
4901,849
4901,867
4901,888
4901,907
4901,926
4901,944
4901,965
4901,984
4902,005
4902,024
4902,044
4902,064
4902,081
4902,099
4902,117
4902,137
4902,155
4902,175
4902,194
4902,214
4902,231
4902,25
4902,269
4902,288
4902,308
4902,325
4902,343
4902,361
4902,379
4902,397
4902,416
4902,434
4902,454
4902,474
4902,493
4902,512
4902,529
4902,548
4902,568
4902,586
4902,605
4902,624
4902,642
4902,661
4902,679
4902,697
4902,716
4902,735
4902,755
4902,776
4902,794
4902,813
4902,831
4902,85
4902,869
4902,889
4902,909
4902,927
4902,946
4902,964
4902,983
4903,002
4903,021
4903,039
4903,059
4903,078
4903,097
4903,115
4903,134
4903,153
4903,173
4903,193
4903,212
4903,231
4903,251
4903,267
4903,285
4903,304
4903,323
4903,342
4903,36
4903,379
4903,398
4903,415
4903,433
4903,451
4903,47
4903,488
4903,505
4903,523
4903,541
4903,558
4903,575
4903,594
4903,613
4903,631
4903,649
4903,667
4903,686
4903,705
4903,723
4903,741
4903,759
4903,776
4903,793
4903,812
4903,831
4903,849
4903,867
4903,885
4903,904
4903,923
4903,941
4903,959
4903,978
4903,996
4904,013
4904,03
4904,048
4904,067
4904,085
4904,103
4904,121
4904,14
4904,159
4904,177
4904,195
4904,214
4904,232
4904,254
4904,271
4904,289
4904,307
4904,323
4904,341
4904,36
4904,377
4904,395
4904,412
4904,431
4904,45
4904,469
4904,487
4904,505
4904,524
4904,544
4904,563
4904,581
4904,598
4904,615
4904,631
4904,649
4904,667
4904,685
4904,703
4904,721
4904,739
4904,758
4904,776
4904,794
4904,812
4904,83
4904,849
4904,865
4904,884
4904,901
4904,919
4904,938
4904,957
4904,977
4904,996
4905,014
4905,033
4905,051
4905,069
4905,088
4905,105
4905,123
4905,139
4905,156
4905,175
4905,193
4905,211
4905,229
4905,246
4905,264
4905,281
4905,299
4905,316
4905,333
4905,349
4905,365
4905,381
4905,396
4905,411
4905,427
4905,443
4905,462
4905,481
4905,5
4905,518
4905,536
4905,554
4905,573
4905,592
4905,611
4905,63
4905,648
4905,667
4905,685
4905,702
4905,721
4905,74
4905,758
4905,777
4905,794
4905,813
4905,832
4905,851
4905,869
4905,889
4905,908
4905,925
4905,945
4905,967
4905,986
4906,006
4906,023
4906,039
4906,061
4906,082
4906,1
4906,117
4906,139
4906,159
4906,177
4906,196
4906,214
4906,236
4906,257
4906,273
4906,292
4906,312
4906,33
4906,348
4906,369
4906,388
4906,408
4906,426
4906,443
4906,46
4906,479
4906,498
4906,517
4906,532
4906,55
4906,568
4906,586
4906,603
4906,622
4906,639
4906,657
4906,676
4906,696
4906,714
4906,733
4906,751
4906,769
4906,787
4906,806
4906,823
4906,84
4906,857
4906,876
4906,896
4906,915
4906,932
4906,952
4906,969
4906,987
4907,004
4907,022
4907,04
4907,058
4907,077
4907,093
4907,111
4907,128
4907,146
4907,165
4907,183
4907,201
4907,217
4907,234
4907,25
4907,268
4907,285
4907,305
4907,323
4907,338
4907,355
4907,373
4907,391
4907,411
4907,428
4907,445
4907,463
4907,48
4907,498
4907,515
4907,533
4907,55
4907,567
4907,584
4907,602
4907,618
4907,634
4907,652
4907,669
4907,687
4907,706
4907,724
4907,74
4907,758
4907,776
4907,794
4907,814
4907,831
4907,852
4907,869
4907,888
4907,908
4907,928
4907,945
4907,962
4907,98
4907,998
4908,016
4908,034
4908,053
4908,069
4908,087
4908,106
4908,125
4908,143
4908,159
4908,177
4908,195
4908,212
4908,229
4908,247
4908,264
4908,282
4908,299
4908,316
4908,335
4908,353
4908,371
4908,388
4908,407
4908,424
4908,443
4908,46
4908,478
4908,498
4908,517
4908,536
4908,553
4908,572
4908,591
4908,609
4908,631
4908,65
4908,668
4908,686
4908,704
4908,722
4908,74
4908,757
4908,774
4908,792
4908,809
4908,825
4908,844
4908,864
4908,881
4908,9
4908,918
4908,937
4908,957
4908,977
4908,996
4909,016
4909,034
4909,053
4909,069
4909,087
4909,104
4909,122
4909,139
4909,158
4909,177
4909,193
4909,211
4909,229
4909,244
4909,26
4909,277
4909,295
4909,311
4909,328
4909,345
4909,365
4909,383
4909,402
4909,422
4909,439
4909,457
4909,475
4909,492
4909,51
4909,529
4909,546
4909,563
4909,582
4909,598
4909,618
4909,636
4909,654
4909,674
4909,704
4909,725
4909,744
4909,771
4909,793
4909,818
4909,844
4909,861
4909,878
4909,896
4909,914
4909,931
4909,95
4909,969
4909,987
4910,008
4910,026
4910,047
4910,065
4910,084
4910,103
4910,123
4910,145
4910,165
4910,185
4910,205
4910,225
4910,244
4910,262
4910,282
4910,3
4910,319
4910,337
4910,354
4910,374
4910,393
4910,411
4910,428
4910,446
4910,465
4910,483
4910,5
4910,518
4910,536
4910,556
4910,575
4910,594
4910,611
4910,629
4910,648
4910,668
4910,687
4910,707
4910,725
4910,744
4910,762
4910,781
4910,8
4910,818
4910,835
4910,856
4910,875
4910,894
4910,914
4910,931
4910,95
4910,969
4910,988
4911,008
4911,026
4911,046
4911,063
4911,082
4911,1
4911,117
4911,135
4911,153
4911,169
4911,19
4911,208
4911,224
4911,241
4911,257
4911,273
4911,29
4911,307
4911,324
4911,34
4911,357
4911,374
4911,391
4911,409
4911,425
4911,441
4911,458
4911,475
4911,491
4911,507
4911,522
4911,539
4911,554
4911,569
4911,585
4911,604
4911,621
4911,636
4911,653
4911,669
4911,686
4911,704
4911,721
4911,739
4911,756
4911,774
4911,792
4911,809
4911,826
4911,844
4911,861
4911,879
4911,897
4911,915
4911,932
4911,949
4911,966
4911,983
4912,001
4912,019
4912,037
4912,055
4912,073
4912,091
4912,109
4912,127
4912,145
4912,163
4912,18
4912,199
4912,217
4912,235
4912,252
4912,27
4912,287
4912,305
4912,323
4912,34
4912,358
4912,375
4912,395
4912,413
4912,431
4912,448
4912,467
4912,485
4912,502
4912,523
4912,541
4912,558
4912,575
4912,593
4912,61
4912,627
4912,646
4912,663
4912,679
4912,696
4912,713
4912,731
4912,749
4912,766
4912,783
4912,8
4912,817
4912,836
4912,854
4912,87
4912,888
4912,905
4912,923
4912,941
4912,958
4912,976
4912,994
4913,013
4913,032
4913,05
4913,068
4913,085
4913,103
4913,12
4913,139
4913,156
4913,174
4913,191
4913,211
4913,228
4913,245
4913,262
4913,279
4913,295
4913,313
4913,329
4913,346
4913,363
4913,378
4913,395
4913,411
4913,427
4913,444
4913,461
4913,477
4913,493
4913,512
4913,529
4913,547
4913,565
4913,583
4913,599
4913,616
4913,634
4913,651
4913,668
4913,686
4913,703
4913,721
4913,738
4913,754
4913,772
4913,79
4913,808
4913,826
4913,843
4913,862
4913,878
4913,896
4913,914
4913,931
4913,949
4913,965
4913,982
4914
4914,018
4914,036
4914,053
4914,07
4914,089
4914,107
4914,125
4914,141
4914,16
4914,177
4914,195
4914,212
4914,23
4914,247
4914,267
4914,284
4914,302
4914,32
4914,337
4914,354
4914,372
4914,388
4914,406
4914,424
4914,441
4914,459
4914,477
4914,494
4914,511
4914,527
4914,545
4914,562
4914,58
4914,596
4914,613
4914,632
4914,647
4914,664
4914,68
4914,698
4914,715
4914,732
4914,751
4914,771
4914,79
4914,808
4914,827
4914,845
4914,865
4914,882
4914,9
4914,917
4914,936
4914,952
4914,97
4914,988
4915,005
4915,024
4915,042
4915,06
4915,077
4915,097
4915,116
4915,133
4915,151
4915,169
4915,189
4915,206
4915,223
4915,239
4915,256
4915,275
4915,293
4915,312
4915,327
4915,344
4915,36
4915,379
4915,396
4915,413
4915,431
4915,448
4915,466
4915,484
4915,504
4915,523
4915,542
4915,559
4915,578
4915,593
4915,61
4915,625
4915,643
4915,661
4915,679
4915,697
4915,715
4915,732
4915,751
4915,771
4915,79
4915,809
4915,828
4915,848
4915,867
4915,885
4915,903
4915,92
4915,938
4915,956
4915,974
4915,992
4916,009
4916,028
4916,047
4916,064
4916,083
4916,101
4916,119
4916,137
4916,155
4916,174
4916,192
4916,209
4916,227
4916,245
4916,262
4916,281
4916,3
4916,32
4916,337
4916,353
4916,372
4916,39
4916,407
4916,426
4916,445
4916,462
4916,48
4916,5
4916,519
4916,537
4916,555
4916,574
4916,591
4916,61
4916,628
4916,646
4916,665
4916,682
4916,699
4916,717
4916,735
4916,753
4916,771
4916,789
4916,804
4916,822
4916,84
4916,859
4916,875
4916,894
4916,913
4916,929
4916,946
4916,966
4916,983
4917,001
4917,021
4917,039
4917,057
4917,075
4917,092
4917,11
4917,128
4917,146
4917,165
4917,183
4917,201
4917,219
4917,236
4917,252
4917,268
4917,286
4917,303
4917,319
4917,334
4917,352
4917,37
4917,386
4917,403
4917,419
4917,435
4917,45
4917,464
4917,48
4917,496
4917,511
4917,528
4917,545
4917,563
4917,581
4917,598
4917,615
4917,634
4917,651
4917,669
4917,686
4917,704
4917,723
4917,741
4917,759
4917,777
4917,795
4917,813
4917,832
4917,849
4917,868
4917,887
4917,905
4917,923
4917,941
4917,959
4917,977
4917,995
4918,014
4918,034
4918,052
4918,072
4918,09
4918,108
4918,125
4918,143
4918,161
4918,179
4918,198
4918,218
4918,237
4918,257
4918,276
4918,294
4918,315
4918,334
4918,354
4918,374
4918,392
4918,412
4918,432
4918,452
4918,47
4918,49
4918,511
4918,529
4918,549
4918,567
4918,59
4918,608
4918,627
4918,646
4918,666
4918,685
4918,703
4918,722
4918,741
4918,759
4918,776
4918,796
4918,814
4918,833
4918,852
4918,872
4918,891
4918,909
4918,926
4918,944
4918,962
4918,98
4918,999
4919,017
4919,034
4919,053
4919,072
4919,091
4919,109
4919,128
4919,147
4919,167
4919,186
4919,205
4919,224
4919,243
4919,26
4919,278
4919,297
4919,317
4919,336
4919,355
4919,374
4919,393
4919,411
4919,429
4919,446
4919,465
4919,481
4919,499
4919,517
4919,533
4919,549
4919,566
4919,583
4919,601
4919,618
4919,635
4919,652
4919,67
4919,689
4919,708
4919,725
4919,742
4919,759
4919,775
4919,792
4919,811
4919,828
4919,846
4919,864
4919,881
4919,898
4919,915
4919,933
4919,95
4919,968
4919,985
4920,003
4920,021
4920,038
4920,056
4920,073
4920,088
4920,107
4920,124
4920,141
4920,158
4920,176
4920,193
4920,211
4920,228
4920,245
4920,262
4920,278
4920,297
4920,314
4920,331
4920,349
4920,367
4920,384
4920,402
4920,419
4920,438
4920,456
4920,473
4920,492
4920,509
4920,528
4920,545
4920,563
4920,582
4920,6
4920,619
4920,637
4920,656
4920,674
4920,693
4920,711
4920,729
4920,748
4920,767
4920,784
4920,803
4920,82
4920,838
4920,856
4920,874
4920,892
4920,909
4920,926
4920,945
4920,963
4920,98
4920,998
4921,016
4921,034
4921,051
4921,069
4921,087
4921,105
4921,123
4921,14
4921,158
4921,175
4921,193
4921,21
4921,226
4921,243
4921,261
4921,278
4921,293
4921,311
4921,327
4921,343
4921,359
4921,375
4921,391
4921,408
4921,425
4921,441
4921,458
4921,476
4921,492
4921,508
4921,525
4921,542
4921,558
4921,574
4921,591
4921,607
4921,624
4921,642
4921,661
4921,681
4921,699
4921,717
4921,736
4921,754
4921,772
4921,789
4921,807
4921,824
4921,841
4921,858
4921,876
4921,895
4921,914
4921,931
4921,95
4921,967
4921,986
4922,003
4922,021
4922,039
4922,056
4922,074
4922,093
4922,11
4922,128
4922,146
4922,164
4922,181
4922,198
4922,217
4922,234
4922,251
4922,27
4922,287
4922,305
4922,322
4922,338
4922,355
4922,372
4922,39
4922,409
4922,426
4922,443
4922,461
4922,478
4922,495
4922,512
4922,53
4922,548
4922,565
4922,583
4922,601
4922,617
4922,635
4922,653
4922,672
4922,69
4922,709
4922,727
4922,745
4922,762
4922,778
4922,795
4922,813
4922,832
4922,849
4922,866
4922,884
4922,901
4922,918
4922,935
4922,954
4922,971
4922,99
4923,008
4923,027
4923,047
4923,063
4923,082
4923,1
4923,115
4923,132
4923,149
4923,166
4923,183
4923,201
4923,216
4923,233
4923,249
4923,266
4923,282
4923,3
4923,317
4923,334
4923,354
4923,372
4923,39
4923,41
4923,427
4923,443
4923,459
4923,476
4923,494
4923,511
4923,529
4923,547
4923,564
4923,581
4923,597
4923,613
4923,63
4923,648
4923,665
4923,682
4923,701
4923,719
4923,737
4923,754
4923,773
4923,79
4923,807
4923,825
4923,843
4923,862
4923,879
4923,896
4923,916
4923,934
4923,952
4923,97
4923,989
4924,008
4924,026
4924,044
4924,062
4924,079
4924,096
4924,114
4924,132
4924,15
4924,168
4924,186
4924,203
4924,225
4924,241
4924,259
4924,276
4924,293
4924,309
4924,327
4924,346
4924,364
4924,38
4924,398
4924,417
4924,434
4924,452
4924,47
4924,488
4924,507
4924,524
4924,541
4924,559
4924,576
4924,594
4924,612
4924,63
4924,647
4924,665
4924,684
4924,699
4924,718
4924,735
4924,751
4924,77
4924,789
4924,808
4924,827
4924,845
4924,862
4924,88
4924,898
4924,917
4924,934
4924,952
4924,969
4924,986
4925,002
4925,021
4925,041
4925,058
4925,074
4925,092
4925,107
4925,123
4925,141
4925,157
4925,173
4925,19
4925,206
4925,222
4925,237
4925,252
4925,268
4925,284
4925,3
4925,315
4925,332
4925,351
4925,369
4925,387
4925,406
4925,425
4925,443
4925,459
4925,479
4925,498
4925,516
4925,534
4925,551
4925,569
4925,587
4925,604
4925,623
4925,641
4925,66
4925,677
4925,694
4925,712
4925,73
4925,747
4925,766
4925,784
4925,802
4925,821
4925,84
4925,859
4925,878
4925,897
4925,916
4925,935
4925,954
4925,973
4925,992
4926,012
4926,031
4926,048
4926,068
4926,086
4926,105
4926,124
4926,143
4926,163
4926,183
4926,202
4926,222
4926,24
4926,258
4926,277
4926,295
4926,315
4926,334
4926,353
4926,372
4926,391
4926,409
4926,428
4926,444
4926,462
4926,48
4926,497
4926,516
4926,535
4926,556
4926,575
4926,593
4926,611
4926,63
4926,649
4926,668
4926,688
4926,705
4926,724
4926,741
4926,76
4926,777
4926,797
4926,815
4926,834
4926,855
4926,875
4926,893
4926,911
4926,929
4926,948
4926,967
4926,985
4927,005
4927,022
4927,041
4927,059
4927,075
4927,092
4927,111
4927,127
4927,145
4927,163
4927,18
4927,197
4927,216
4927,233
4927,249
4927,265
4927,282
4927,297
4927,314
4927,33
4927,346
4927,363
4927,38
4927,396
4927,413
4927,431
4927,449
4927,465
4927,483
4927,5
4927,52
4927,537
4927,555
4927,571
4927,586
4927,603
4927,621
4927,638
4927,656
4927,673
4927,691
4927,708
4927,726
4927,742
4927,758
4927,775
4927,792
4927,811
4927,829
4927,846
4927,864
4927,881
4927,899
4927,917
4927,936
4927,955
4927,973
4927,992
4928,009
4928,027
4928,045
4928,063
4928,08
4928,097
4928,115
4928,134
4928,151
4928,168
4928,187
4928,205
4928,222
4928,24
4928,258
4928,276
4928,294
4928,312
4928,331
4928,349
4928,368
4928,385
4928,403
4928,42
4928,438
4928,456
4928,474
4928,492
4928,511
4928,53
4928,547
4928,564
4928,581
4928,599
4928,615
4928,634
4928,651
4928,668
4928,687
4928,705
4928,723
4928,74
4928,758
4928,776
4928,793
4928,811
4928,83
4928,848
4928,865
4928,883
4928,901
4928,919
4928,937
4928,954
4928,971
4928,988
4929,005
4929,023
4929,041
4929,058
4929,075
4929,093
4929,111
4929,129
4929,148
4929,165
4929,183
4929,202
4929,219
4929,234
4929,251
4929,268
4929,284
4929,3
4929,316
4929,333
4929,349
4929,366
4929,383
4929,401
4929,418
4929,435
4929,453
4929,469
4929,486
4929,503
4929,521
4929,538
4929,555
4929,571
4929,585
4929,604
4929,618
4929,635
4929,652
4929,671
4929,689
4929,706
4929,724
4929,741
4929,759
4929,776
4929,794
4929,813
4929,831
4929,849
4929,867
4929,884
4929,901
