1628,821
1628,839
1628,852
1628,864
1628,876
1628,887
1628,9
1628,911
1628,923
1628,936
1628,948
1628,959
1628,972
1628,985
1628,999
1629,01
1629,023
1629,036
1629,049
1629,062
1629,076
1629,089
1629,1
1629,111
1629,122
1629,134
1629,145
1629,157
1629,169
1629,184
1629,2
1629,22
1629,235
1629,25
1629,265
1629,278
1629,292
1629,306
1629,32
1629,335
1629,349
1629,36
1629,376
1629,393
1629,408
1629,422
1629,435
1629,446
1629,457
1629,47
1629,483
1629,496
1629,509
1629,522
1629,536
1629,548
1629,564
1629,578
1629,592
1629,606
1629,622
1629,636
1629,651
1629,664
1629,678
1629,693
1629,707
1629,72
1629,732
1629,743
1629,756
1629,77
1629,782
1629,793
1629,806
1629,818
1629,829
1629,841
1629,855
1629,869
1629,882
1629,895
1629,91
1629,924
1629,938
1629,951
1629,962
1629,976
1629,988
1630
1630,011
1630,024
1630,037
1630,049
1630,061
1630,074
1630,088
1630,103
1630,116
1630,128
1630,142
1630,156
1630,169
1630,182
1630,195
1630,209
1630,224
1630,238
1630,251
1630,264
1630,277
1630,292
1630,308
1630,323
1630,338
1630,352
1630,367
1630,38
1630,395
1630,408
1630,422
1630,437
1630,451
1630,466
1630,478
1630,492
1630,507
1630,52
1630,531
1630,542
1630,554
1630,566
1630,577
1630,589
1630,6
1630,611
1630,622
1630,634
1630,644
1630,657
1630,668
1630,679
1630,69
1630,701
1630,712
1630,724
1630,735
1630,746
1630,758
1630,769
1630,781
1630,792
1630,802
1630,813
1630,824
1630,835
1630,847
1630,858
1630,87
1630,969
1630,982
1630,994
1631,007
1631,02
1631,03
1631,042
1631,056
1631,069
1631,081
1631,093
1631,106
1631,121
1631,135
1631,147
1631,161
1631,175
1631,191
1631,205
1631,219
1631,233
1631,246
1631,259
1631,272
1631,286
1631,3
1631,314
1631,327
1631,341
1631,355
1631,37
1631,381
1631,392
1631,404
1631,416
1631,427
1631,439
1631,45
1631,461
1631,472
1631,483
1631,494
1631,505
1631,516
1631,526
1631,539
1631,55
1631,559
1631,571
1631,582
1631,592
1631,603
1631,615
1631,625
1631,637
1631,646
1631,659
1631,671
1631,682
1631,693
1631,705
1631,719
1631,732
1631,745
1631,763
1631,78
1631,797
1631,813
1631,83
1631,847
1631,865
1631,88
1631,896
1631,91
1631,925
1631,941
1631,956
1631,972
1631,987
1632,003
1632,019
1632,033
1632,05
1632,064
1632,079
1632,096
1632,112
1632,129
1632,146
1632,162
1632,177
1632,192
1632,208
1632,224
1632,24
1632,258
1632,273
1632,288
1632,304
1632,32
1632,335
1632,349
1632,363
1632,378
1632,393
1632,409
1632,425
1632,441
1632,458
1632,473
1632,489
1632,506
1632,524
1632,541
1632,559
1632,576
1632,593
1632,609
1632,626
1632,644
1632,661
1632,678
1632,694
1632,711
1632,727
1632,743
1632,759
1632,775
1632,791
1632,807
1632,823
1632,842
1632,858
1632,875
1632,892
1632,911
1632,928
1632,951
1632,969
1632,986
1633,004
1633,021
1633,04
1633,058
1633,076
1633,094
1633,111
1633,128
1633,146
1633,162
1633,18
1633,197
1633,211
1633,225
1633,238
1633,251
1633,261
1633,274
1633,285
1633,296
1633,308
1633,32
1633,332
1633,342
1633,354
1633,366
1633,377
1633,389
1633,401
1633,412
1633,425
1633,437
1633,449
1633,462
1633,475
1633,489
1633,502
1633,514
1633,528
1633,541
1633,553
1633,564
1633,576
1633,589
1633,601
1633,612
1633,623
1633,635
1633,646
1633,657
1633,669
1633,68
1633,692
1633,704
1633,716
1633,726
1633,739
1633,75
1633,762
1633,778
1633,789
1633,801
1633,812
1633,824
1633,836
1633,846
1633,858
1633,87
1633,882
1633,893
1633,904
1633,916
1633,927
1633,938
1633,949
1633,96
1633,973
1633,988
1634,002
1634,017
1634,029
1634,043
1634,057
1634,07
1634,084
1634,096
1634,108
1634,119
1634,13
1634,142
1634,154
1634,165
1634,175
1634,187
1634,201
1634,214
1634,228
1634,241
1634,254
1634,266
1634,278
1634,29
1634,302
1634,314
1634,326
1634,338
1634,349
1634,359
1634,37
1634,381
1634,4
1634,411
1634,422
1634,434
1634,443
1634,455
1634,466
1634,476
1634,487
1634,499
1634,508
1634,519
1634,53
1634,543
1634,556
1634,569
1634,583
1634,597
1634,611
1634,625
1634,639
1634,652
1634,666
1634,68
1634,694
1634,708
1634,722
1634,737
1634,749
1634,761
1634,773
1634,785
1634,799
1634,81
1634,825
1634,84
1634,859
1634,875
1634,893
1634,913
1634,933
1634,947
1634,962
1634,977
1634,994
1635,012
1635,028
1635,045
1635,062
1635,078
1635,095
1635,111
1635,127
1635,143
1635,159
1635,175
1635,189
1635,205
1635,22
1635,234
1635,25
1635,266
1635,282
1635,296
1635,311
1635,326
1635,342
1635,359
1635,379
1635,4
1635,416
1635,429
1635,444
1635,459
1635,474
1635,49
1635,509
1635,526
1635,544
1635,562
1635,58
1635,598
1635,615
1635,632
1635,65
1635,667
1635,683
1635,7
1635,715
1635,729
1635,745
1635,762
1635,779
1635,796
1635,813
1635,83
1635,849
1635,866
1635,883
1635,899
1635,915
1635,933
1635,952
1635,971
1635,989
1636,007
1636,026
1636,044
1636,062
1636,08
1636,099
1636,116
1636,134
1636,152
1636,17
1636,187
1636,205
1636,223
1636,241
1636,258
1636,277
1636,291
1636,306
1636,319
1636,332
1636,344
1636,359
1636,373
1636,387
1636,4
1636,412
1636,426
1636,439
1636,452
1636,466
1636,477
1636,49
1636,502
1636,513
1636,524
1636,535
1636,547
1636,558
1636,57
1636,582
1636,592
1636,603
1636,613
1636,624
1636,636
1636,646
1636,657
1636,669
1636,679
1636,69
1636,7
1636,711
1636,723
1636,735
1636,746
1636,757
1636,77
1636,782
1636,792
1636,803
1636,814
1636,825
1636,838
1636,85
1636,861
1636,873
1636,884
1636,894
1636,905
1636,917
1636,927
1636,939
1636,954
1636,971
1636,984
1636,996
1637,009
1637,022
1637,035
1637,046
1637,059
1637,072
1637,084
1637,096
1637,109
1637,122
1637,135
1637,147
1637,159
1637,172
1637,184
1637,195
1637,207
1637,22
1637,232
1637,243
1637,255
1637,267
1637,278
1637,291
1637,303
1637,314
1637,325
1637,338
1637,349
1637,36
1637,374
1637,386
1637,399
1637,411
1637,424
1637,436
1637,448
1637,461
1637,474
1637,486
1637,499
1637,51
1637,523
1637,536
1637,548
1637,559
1637,571
1637,583
1637,593
1637,606
1637,618
1637,629
1637,641
1637,653
1637,665
1637,675
1637,687
1637,698
1637,709
1637,721
1637,733
1637,748
1637,762
1637,777
1637,793
1637,81
1637,826
1637,844
1637,861
1637,879
1637,898
1637,915
1637,934
1637,952
1637,97
1637,988
1638,006
1638,023
1638,041
1638,057
1638,075
1638,092
1638,109
1638,127
1638,144
1638,161
1638,178
1638,194
1638,21
1638,226
1638,241
1638,258
1638,275
1638,292
1638,308
1638,325
1638,342
1638,359
1638,376
1638,394
1638,411
1638,429
1638,445
1638,463
1638,482
1638,499
1638,513
1638,527
1638,543
1638,559
1638,574
1638,589
1638,605
1638,622
1638,64
1638,657
1638,674
1638,693
1638,708
1638,724
1638,74
1638,755
1638,771
1638,787
1638,802
1638,817
1638,831
1638,846
1638,862
1638,877
1638,892
1638,908
1638,922
1638,938
1638,953
1638,967
1638,984
1639
1639,015
1639,031
1639,046
1639,061
1639,075
1639,091
1639,107
1639,122
1639,138
1639,152
1639,168
1639,185
1639,202
1639,218
1639,234
1639,25
1639,266
1639,282
1639,3
1639,316
1639,332
1639,348
1639,359
1639,371
1639,383
1639,394
1639,406
1639,417
1639,427
1639,439
1639,45
1639,46
1639,472
1639,482
1639,493
1639,504
1639,515
1639,525
1639,536
1639,546
1639,557
1639,57
1639,582
1639,592
1639,604
1639,616
1639,628
1639,64
1639,651
1639,662
1639,673
1639,686
1639,697
1639,708
1639,72
1639,732
1639,743
1639,755
1639,767
1639,778
1639,789
1639,8
1639,81
1639,821
1639,833
1639,844
1639,857
1639,87
1639,882
1639,893
1639,906
1639,918
1639,929
1639,942
1639,953
1639,965
1639,976
1639,988
1639,999
1640,009
1640,023
1640,036
1640,049
1640,061
1640,075
1640,089
1640,104
1640,118
1640,132
1640,145
1640,159
1640,171
1640,185
1640,198
1640,211
1640,224
1640,239
1640,253
1640,266
1640,278
1640,292
1640,305
1640,318
1640,328
1640,341
1640,353
1640,363
1640,375
1640,386
1640,397
1640,409
1640,422
1640,434
1640,444
1640,456
1640,469
1640,482
1640,493
1640,505
1640,517
1640,528
1640,541
1640,553
1640,568
1640,584
1640,596
1640,609
1640,622
1640,635
1640,646
1640,658
1640,669
1640,681
1640,693
1640,705
1640,716
1640,727
1640,738
1640,75
1640,761
1640,772
1640,784
1640,795
1640,811
1640,827
1640,842
1640,858
1640,873
1640,888
1640,903
1640,918
1640,932
1640,948
1640,962
1640,977
1640,992
1641,008
1641,026
1641,042
1641,058
1641,074
1641,091
1641,108
1641,124
1641,14
1641,156
1641,173
1641,189
1641,205
1641,221
1641,237
1641,251
1641,267
1641,283
1641,3
1641,316
1641,416
1641,431
1641,447
1641,461
1641,476
1641,491
1641,506
1641,523
1641,538
1641,555
1641,572
1641,589
1641,607
1641,626
1641,643
1641,661
1641,678
1641,695
1641,712
1641,733
1641,757
1641,782
1641,799
1641,816
1641,832
1641,849
1641,865
1641,881
1641,9
1641,917
1641,935
1641,953
1641,968
1641,981
1641,995
1642,008
1642,021
1642,036
1642,05
1642,064
1642,078
1642,117
1642,178
1642,244
1642,313
1642,376
1642,435
1642,499
1642,565
1642,63
1642,694
1642,756
1642,82
1642,883
1642,945
1643,012
1643,074
1643,135
1643,202
1643,266
1643,329
1643,394
1643,464
1643,528
1643,589
1643,653
1643,723
1643,795
1643,884
1643,971
1644,037
1644,1
1644,162
1644,227
1644,29
1644,357
1644,417
1644,48
1644,543
1644,604
1644,67
1644,733
1644,794
1644,858
1644,92
1644,987
1645,053
1645,118
1645,181
1645,243
1645,307
1645,369
1645,43
1645,493
1645,557
1645,617
1645,679
1645,744
1645,806
1645,869
1645,929
1645,994
1646,058
1646,119
1646,184
1646,248
1646,315
1646,381
1646,446
1646,507
1646,574
1646,643
1646,706
1646,766
1646,829
1646,895
1646,957
1647,019
1647,081
1647,102
1647,118
1647,133
1647,149
1647,166
1647,18
1647,195
1647,21
1647,225
1647,24
1647,255
1647,271
1647,286
1647,301
1647,315
1647,332
1647,349
1647,365
1647,38
1647,395
1647,409
1647,424
1647,439
1647,455
1647,471
1647,485
1647,501
1647,516
1647,531
1647,547
1647,562
1647,577
1647,591
1647,608
1647,624
1647,64
1647,657
1647,673
1647,69
1647,709
1647,727
1647,744
1647,76
1647,776
1647,794
1647,812
1647,829
1647,846
1647,863
1647,88
1647,895
1647,91
1647,926
1647,94
1647,954
1647,971
1647,987
1648,002
1648,017
1648,033
1648,047
1648,063
1648,078
1648,092
1648,108
1648,122
1648,138
1648,153
1648,168
1648,184
1648,2
1648,215
1648,231
1648,248
1648,263
1648,28
1648,295
1648,309
1648,324
1648,341
1648,356
1648,372
1648,387
1648,403
1648,42
1648,438
1648,455
1648,473
1648,489
1648,506
1648,526
1648,543
1648,56
1648,577
1648,595
1648,612
1648,632
1648,65
1648,668
1648,686
1648,706
1648,723
1648,74
1648,756
1648,774
1648,792
1648,809
1648,826
1648,844
1648,861
1648,88
1648,896
1648,915
1648,933
1648,952
1648,97
1648,988
1649,006
1649,024
1649,042
1649,059
1649,074
1649,091
1649,108
1649,123
1649,137
1649,152
1649,168
1649,184
1649,198
1649,214
1649,229
1649,246
1649,26
1649,275
1649,289
1649,306
1649,321
1649,336
1649,352
1649,367
1649,384
1649,401
1649,417
1649,433
1649,45
1649,467
1649,483
1649,499
1649,515
1649,531
1649,547
1649,564
1649,58
1649,596
1649,613
1649,629
1649,647
1649,663
1649,678
1649,692
1649,707
1649,723
1649,741
1649,757
1649,774
1649,791
1649,807
1649,827
1649,844
1649,864
1649,882
1649,899
1649,915
1649,932
1649,95
1649,969
1649,986
1650,003
1650,02
1650,037
1650,056
1650,073
1650,091
1650,108
1650,124
1650,139
1650,155
1650,17
1650,187
1650,202
1650,218
1650,234
1650,25
1650,265
1650,28
1650,296
1650,312
1650,333
1650,353
1650,368
1650,384
1650,4
1650,414
1650,429
1650,445
1650,462
1650,479
1650,495
1650,519
1650,535
1650,552
1650,568
1650,584
1650,601
1650,618
1650,634
1650,65
1650,665
1650,679
1650,694
1650,711
1650,726
1650,74
1650,755
1650,772
1650,787
1650,803
1650,818
1650,834
1650,85
1650,865
1650,881
1650,896
1650,91
1650,927
1650,94
1650,955
1650,971
1650,986
1651,002
1651,019
1651,034
1651,049
1651,063
1651,077
1651,092
1651,107
1651,123
1651,139
1651,155
1651,172
1651,189
1651,205
1651,221
1651,237
1651,253
1651,269
1651,284
1651,299
1651,314
1651,33
1651,346
1651,363
1651,38
1651,397
1651,413
1651,43
1651,447
1651,464
1651,482
1651,499
1651,516
1651,533
1651,551
1651,569
1651,59
1651,608
1651,627
1651,643
1651,661
1651,683
1651,7
1651,718
1651,737
1651,755
1651,772
1651,791
1651,808
1651,827
1651,845
1651,862
1651,88
1651,899
1651,912
1651,928
1651,942
1651,957
1651,973
1651,991
1652,007
1652,023
1652,039
1652,054
1652,069
1652,084
1652,1
1652,114
1652,13
1652,145
1652,16
1652,176
1652,192
1652,21
1652,227
1652,244
1652,261
1652,278
1652,295
1652,311
1652,327
1652,345
1652,361
1652,378
1652,395
1652,411
1652,428
1652,444
1652,459
1652,474
1652,49
1652,506
1652,522
1652,539
1652,556
1652,571
1652,587
1652,602
1652,618
1652,633
1652,649
1652,666
1652,68
1652,696
1652,71
1652,726
1652,741
1652,755
1652,77
1652,786
1652,801
1652,817
1652,834
1652,851
1652,868
1652,886
1652,903
1652,921
1652,94
1652,962
1652,98
1652,997
1653,014
1653,031
1653,048
1653,066
1653,084
1653,101
1653,119
1653,137
1653,155
1653,172
1653,191
1653,207
1653,224
1653,242
1653,259
1653,275
1653,292
1653,307
1653,323
1653,341
1653,357
1653,373
1653,389
1653,404
1653,419
1653,435
1653,451
1653,467
1653,482
1653,497
1653,512
1653,527
1653,544
1653,559
1653,575
1653,591
1653,605
1653,62
1653,636
1653,652
1653,668
1653,684
1653,699
1653,713
1653,727
1653,743
1653,759
1653,773
1653,787
1653,802
1653,817
1653,832
1653,849
1653,864
1653,879
1653,894
1653,907
1653,922
1653,938
1653,952
1653,968
1653,985
1654
1654,017
1654,033
1654,05
1654,066
1654,083
1654,099
1654,115
1654,131
1654,148
1654,163
1654,18
1654,196
1654,213
1654,23
1654,248
1654,265
1654,282
1654,299
1654,316
1654,333
1654,35
1654,367
1654,382
1654,399
1654,414
1654,431
1654,446
1654,46
1654,477
1654,493
1654,508
1654,522
1654,538
1654,555
1654,57
1654,586
1654,602
1654,618
1654,635
1654,651
1654,668
1654,685
1654,701
1654,718
1654,734
1654,749
1654,764
1654,78
1654,796
1654,811
1654,828
1654,844
1654,859
1654,872
1654,888
1654,905
1654,92
1654,939
1654,957
1654,976
1654,993
1655,01
1655,028
1655,045
1655,064
1655,083
1655,1
1655,118
1655,135
1655,152
1655,17
1655,188
1655,205
1655,223
1655,24
1655,258
1655,276
1655,294
1655,312
1655,329
1655,347
1655,363
1655,379
1655,394
1655,411
1655,427
1655,44
1655,54
1655,564
1655,587
1655,603
1655,621
1655,638
1655,655
1655,671
1655,688
1655,705
1655,726
1655,745
1655,764
1655,782
1655,799
1655,816
1655,835
1655,852
1655,869
1655,887
1655,904
1655,922
1655,94
1655,958
1655,976
1655,993
1656,008
1656,023
1656,039
1656,054
1656,071
1656,087
1656,103
1656,119
1656,136
1656,153
1656,17
1656,186
1656,203
1656,219
1656,235
1656,252
1656,269
1656,286
1656,303
1656,32
1656,336
1656,352
1656,369
1656,385
1656,401
1656,415
1656,433
1656,451
1656,468
1656,485
1656,501
1656,515
1656,53
1656,545
1656,561
1656,577
1656,591
1656,607
1656,622
1656,636
1656,649
1656,665
1656,682
1656,698
1656,714
1656,73
1656,746
1656,761
1656,779
1656,795
1656,811
1656,827
1656,843
1656,859
1656,874
1656,889
1656,904
1656,92
1656,935
1656,951
1656,966
1656,982
1657
1657,017
1657,034
1657,051
1657,076
1657,092
1657,109
1657,128
1657,147
1657,165
1657,182
1657,199
1657,217
1657,234
1657,25
1657,268
1657,286
1657,305
1657,322
1657,339
1657,356
1657,374
1657,389
1657,404
1657,42
1657,436
1657,452
1657,469
1657,485
1657,501
1657,515
1657,53
1657,546
1657,562
1657,577
1657,592
1657,608
1657,625
1657,639
1657,654
1657,669
1657,684
1657,698
1657,714
1657,729
1657,745
1657,761
1657,776
1657,792
1657,809
1657,825
1657,842
1657,859
1657,876
1657,893
1657,909
1657,925
1657,941
1657,957
1657,974
1657,991
1658,008
1658,024
1658,042
1658,058
1658,074
1658,092
1658,108
1658,125
1658,142
1658,159
1658,177
1658,194
1658,212
1658,23
1658,248
1658,265
1658,283
1658,301
1658,321
1658,342
1658,36
1658,378
1658,395
1658,413
1658,43
1658,449
1658,466
1658,484
1658,502
1658,519
1658,536
1658,555
1658,572
1658,589
1658,604
1658,619
1658,635
1658,648
1658,663
1658,677
1658,693
1658,709
1658,725
1658,74
1658,754
1658,769
1658,784
1658,798
1658,813
1658,83
1658,846
1658,863
1658,879
1658,896
1658,913
1658,929
1658,945
1658,963
1658,981
1658,998
1659,015
1659,031
1659,047
1659,065
1659,079
1659,094
1659,11
1659,125
1659,141
1659,156
1659,171
1659,187
1659,203
1659,218
1659,232
1659,247
1659,262
1659,279
1659,295
1659,311
1659,326
1659,342
1659,359
1659,374
1659,39
1659,405
1659,42
1659,436
1659,451
1659,465
1659,479
1659,494
1659,511
1659,526
1659,541
1659,557
1659,572
1659,587
1659,601
1659,615
1659,631
1659,647
1659,664
1659,68
1659,698
1659,714
1659,73
1659,748
1659,763
1659,778
1659,8
1659,815
1659,832
1659,848
1659,865
1659,884
1659,9
1659,918
1659,935
1659,951
1659,968
1659,986
1660,003
1660,02
1660,036
1660,054
1660,071
1660,089
1660,108
1660,125
1660,143
1660,161
1660,178
1660,195
1660,212
1660,23
1660,247
1660,264
1660,281
1660,3
1660,316
1660,334
1660,351
1660,365
1660,381
1660,396
1660,411
1660,426
1660,441
1660,457
1660,471
1660,486
1660,502
1660,517
1660,531
1660,547
1660,562
1660,577
1660,593
1660,608
1660,622
1660,638
1660,654
1660,669
1660,686
1660,702
1660,719
1660,736
1660,753
1660,769
1660,787
1660,804
1660,821
1660,838
1660,854
1660,871
1660,89
1660,907
1660,924
1660,942
1660,958
1660,974
1660,99
1661,005
1661,022
1661,036
1661,052
1661,067
1661,084
1661,099
1661,115
1661,131
1661,148
1661,165
1661,181
1661,197
1661,213
1661,229
1661,246
1661,261
1661,275
1661,287
1661,298
1661,311
1661,323
1661,335
1661,347
1661,359
1661,371
1661,381
1661,394
1661,406
1661,418
1661,429
1661,443
1661,454
1661,464
1661,476
1661,487
1661,498
1661,511
1661,524
1661,536
1661,547
1661,56
1661,574
1661,587
1661,6
1661,612
1661,625
1661,639
1661,651
1661,668
1661,682
1661,696
1661,709
1661,723
1661,737
1661,75
1661,763
1661,778
1661,792
1661,805
1661,82
1661,833
1661,845
1661,858
1661,87
1661,88
1661,891
1661,903
1661,914
1661,925
1661,937
1661,948
1661,96
1661,972
1661,984
1661,994
1662,005
1662,017
1662,027
1662,039
1662,051
1662,061
1662,072
1662,084
1662,096
1662,108
1662,119
1662,13
1662,142
1662,153
1662,164
1662,175
1662,188
1662,201
1662,212
1662,224
1662,237
1662,246
1662,258
1662,272
1662,284
1662,296
1662,308
1662,321
1662,331
1662,342
1662,354
1662,364
1662,375
1662,387
1662,398
1662,41
1662,422
1662,434
1662,444
1662,455
1662,466
1662,477
1662,488
1662,497
1662,507
1662,52
1662,53
1662,542
1662,553
1662,564
1662,576
1662,587
1662,6
1662,612
1662,624
1662,635
1662,645
1662,657
1662,668
1662,678
1662,69
1662,702
1662,713
1662,724
1662,735
1662,746
1662,758
1662,77
1662,781
1662,793
1662,804
1662,816
1662,827
1662,839
1662,85
1662,861
1662,875
1662,889
1662,905
1662,921
1662,935
1662,951
1662,967
1662,984
1662,999
1663,016
1663,032
1663,048
1663,065
1663,083
1663,101
1663,117
1663,134
1663,151
1663,168
1663,185
1663,203
1663,22
1663,237
1663,253
1663,271
1663,288
1663,306
1663,323
1663,341
1663,356
1663,372
1663,387
1663,404
1663,419
1663,434
1663,45
1663,467
1663,48
1663,496
1663,512
1663,526
1663,543
1663,559
1663,576
1663,592
1663,609
1663,625
1663,643
1663,658
1663,673
1663,689
1663,705
1663,723
1663,737
1663,754
1663,769
1663,785
1663,801
1663,816
1663,832
1663,849
1663,867
1663,89
1663,914
1663,931
1663,949
1663,966
1663,983
1664,001
1664,02
1664,038
1664,056
1664,075
1664,093
1664,11
1664,128
1664,146
1664,164
1664,181
1664,198
1664,217
1664,235
1664,253
1664,269
1664,286
1664,303
1664,321
1664,337
1664,351
1664,362
1664,374
1664,385
1664,397
1664,409
1664,421
1664,432
1664,443
1664,456
1664,467
1664,478
1664,49
1664,501
1664,511
1664,524
1664,536
1664,546
1664,558
1664,569
1664,58
1664,593
1664,605
1664,617
1664,629
1664,643
1664,654
1664,664
1664,675
1664,687
1664,698
1664,71
1664,723
1664,734
1664,744
1664,756
1664,767
1664,778
1664,789
1664,801
1664,811
1664,823
1664,835
1664,848
1664,86
1664,873
1664,886
1664,898
1664,913
1664,927
1664,941
1664,954
1664,968
1664,983
1664,999
1665,015
1665,028
1665,042
1665,056
1665,069
1665,081
1665,095
1665,109
1665,124
1665,138
1665,151
1665,164
1665,178
1665,192
1665,205
1665,217
1665,227
1665,24
1665,251
1665,261
1665,274
1665,285
1665,296
1665,307
1665,32
1665,332
1665,344
1665,357
1665,368
1665,381
1665,395
1665,408
1665,422
1665,439
1665,457
1665,471
1665,484
1665,497
1665,512
1665,524
1665,536
1665,55
1665,563
1665,577
1665,59
1665,603
1665,615
1665,627
1665,64
1665,653
1665,667
1665,679
1665,692
1665,705
1665,719
1665,733
1665,751
1665,766
1665,777
1665,789
1665,802
1665,814
1665,825
1665,836
1665,847
1665,859
1665,87
1665,881
1665,893
1665,906
1665,917
1665,928
1665,941
1665,954
1665,969
1665,985
1666,002
1666,018
1666,034
1666,05
1666,065
1666,079
1666,094
1666,109
1666,124
1666,141
1666,156
1666,171
1666,186
1666,202
1666,219
1666,237
1666,254
1666,272
1666,289
1666,308
1666,325
1666,343
1666,361
1666,38
1666,4
1666,419
1666,437
1666,454
1666,473
1666,491
1666,508
1666,526
1666,543
1666,56
1666,578
1666,594
1666,611
1666,631
1666,647
1666,667
1666,685
1666,702
1666,72
1666,737
1666,755
1666,772
1666,788
1666,803
1666,819
1666,835
1666,852
1666,869
1666,886
1666,903
1666,919
1666,934
1666,948
1666,964
1666,979
1666,994
1667,011
1667,027
1667,043
1667,059
1667,075
1667,091
1667,108
1667,124
1667,139
1667,154
1667,17
1667,187
1667,204
1667,221
1667,238
1667,255
1667,273
1667,29
1667,307
1667,325
1667,341
1667,36
1667,378
1667,395
1667,412
1667,426
1667,439
1667,453
1667,47
1667,483
1667,497
1667,511
1667,525
1667,539
1667,553
1667,568
1667,58
1667,594
1667,61
1667,623
1667,636
1667,65
1667,661
1667,674
1667,685
1667,697
1667,709
1667,722
1667,734
1667,745
1667,759
1667,772
1667,784
1667,796
1667,809
1667,821
1667,833
1667,844
1667,856
1667,867
1667,879
1667,892
1667,904
1667,917
1667,927
1667,94
1667,952
1667,964
1667,977
1667,988
1668
1668,012
1668,025
1668,038
1668,051
1668,063
1668,077
1668,091
1668,106
1668,12
1668,134
1668,146
1668,159
1668,172
1668,184
1668,196
1668,209
1668,223
1668,235
1668,246
1668,259
1668,271
1668,283
1668,294
1668,307
1668,318
1668,33
1668,341
1668,353
1668,363
1668,375
1668,386
1668,397
1668,409
1668,422
1668,433
1668,443
1668,455
1668,467
1668,478
1668,49
1668,501
1668,512
1668,524
1668,536
1668,546
1668,557
1668,569
1668,579
1668,591
1668,603
1668,614
1668,625
1668,637
1668,648
1668,66
1668,672
1668,684
1668,694
1668,706
1668,72
1668,733
1668,746
1668,76
1668,772
1668,786
1668,798
1668,811
1668,824
1668,838
1668,851
1668,862
1668,874
1668,889
1668,906
1668,922
1668,937
1668,952
1668,968
1668,983
1668,999
1669,015
1669,03
1669,046
1669,063
1669,163
1669,179
1669,196
1669,21
1669,224
1669,24
1669,254
1669,273
1669,29
1669,306
1669,323
1669,341
1669,359
1669,376
1669,393
1669,41
1669,427
1669,446
1669,465
1669,483
1669,502
1669,519
1669,536
1669,554
1669,573
1669,59
1669,608
1669,625
1669,643
1669,661
1669,678
1669,695
1669,712
1669,729
1669,746
1669,763
1669,78
1669,798
1669,816
1669,831
1669,847
1669,864
1669,878
1669,894
1669,909
1669,925
1669,94
1669,956
1669,972
1669,986
1670,003
1670,018
1670,035
1670,051
1670,069
1670,085
1670,1
1670,116
1670,133
1670,149
1670,167
1670,185
1670,202
1670,219
1670,232
1670,246
1670,261
1670,274
1670,288
1670,309
1670,322
1670,334
1670,348
1670,36
1670,372
1670,385
1670,398
1670,411
1670,424
1670,451
1670,516
1670,582
1670,65
1670,717
1670,81
1670,896
1670,982
1671,049
1671,116
1671,19
1671,276
1671,358
1671,423
1671,488
1671,552
1671,618
1671,685
1671,755
1671,828
1671,89
1671,956
1672,021
1672,087
1672,154
1672,214
1672,278
1672,342
1672,401
1672,467
1672,531
1672,594
1672,656
1672,72
1672,785
1672,847
1672,915
1672,982
1673,049
1673,111
1673,179
1673,246
1673,321
1673,41
1673,501
1673,575
1673,642
1673,707
1673,769
1673,833
1673,903
1673,969
1674,036
1674,099
1674,16
1674,228
1674,295
1674,358
1674,422
1674,487
1674,551
1674,611
1674,671
1674,728
1674,788
1674,85
1674,909
1674,964
1675,026
1675,086
1675,148
1675,211
1675,269
1675,329
1675,391
1675,441
1675,458
1675,474
1675,489
1675,505
1675,521
1675,535
1675,55
1675,566
1675,582
1675,598
1675,612
1675,629
1675,646
1675,662
1675,68
1675,697
1675,715
1675,733
1675,75
1675,766
1675,783
1675,801
1675,817
1675,833
1675,849
1675,865
1675,883
1675,9
1675,918
1675,935
1675,951
1675,968
1675,985
1676,002
1676,02
1676,035
1676,051
1676,066
1676,081
1676,096
1676,112
1676,128
1676,145
1676,16
1676,176
1676,193
1676,208
1676,225
1676,243
1676,259
1676,274
1676,289
1676,305
1676,32
1676,334
1676,35
1676,366
1676,38
1676,395
1676,411
1676,428
1676,444
1676,46
1676,475
1676,49
1676,506
1676,522
1676,536
1676,55
1676,565
1676,581
1676,597
1676,612
1676,628
1676,644
1676,659
1676,674
1676,689
1676,704
1676,718
1676,733
1676,749
1676,764
1676,78
1676,797
1676,813
1676,83
1676,847
1676,864
1676,881
1676,898
1676,914
1676,93
1676,947
1676,964
1676,98
1676,997
1677,011
1677,026
1677,041
1677,056
1677,072
1677,087
1677,101
1677,115
1677,131
1677,148
1677,163
1677,18
1677,195
1677,21
1677,225
1677,24
1677,255
1677,269
1677,287
1677,302
1677,316
1677,331
1677,347
1677,363
1677,379
1677,395
1677,411
1677,428
1677,445
1677,461
1677,478
1677,494
1677,511
1677,527
1677,543
1677,558
1677,574
1677,59
1677,605
1677,621
1677,637
1677,651
1677,667
1677,682
1677,698
1677,713
1677,728
1677,744
1677,761
1677,78
1677,798
1677,814
1677,831
1677,849
1677,866
1677,885
1677,903
1677,921
1677,938
1677,958
1677,976
1677,992
1678,01
1678,027
1678,044
1678,062
1678,08
1678,097
1678,113
1678,131
1678,148
1678,165
1678,183
1678,199
1678,215
1678,232
1678,248
1678,264
1678,279
1678,294
1678,31
1678,325
1678,342
1678,357
1678,374
1678,393
1678,413
1678,428
1678,444
1678,46
1678,476
1678,492
1678,508
1678,525
1678,541
1678,557
1678,574
1678,591
1678,607
1678,624
1678,641
1678,658
1678,675
1678,693
1678,711
1678,73
1678,747
1678,765
1678,784
1678,802
1678,821
1678,839
1678,857
1678,874
1678,891
1678,908
1678,927
1678,945
1678,961
1678,979
1678,996
1679,013
1679,031
1679,048
1679,066
1679,082
1679,1
1679,117
1679,135
1679,152
1679,172
1679,188
1679,202
1679,218
1679,232
1679,247
1679,263
1679,278
1679,293
1679,309
1679,326
1679,342
1679,357
1679,373
1679,388
1679,404
1679,418
1679,434
1679,45
1679,466
1679,483
1679,499
1679,516
1679,533
1679,55
1679,567
1679,584
1679,601
1679,618
1679,635
1679,651
1679,668
1679,683
1679,698
1679,714
1679,729
1679,745
1679,759
1679,773
1679,787
1679,802
1679,817
1679,833
1679,848
1679,864
1679,88
1679,895
1679,91
1679,926
1679,941
1679,956
1679,971
1679,987
1680,003
1680,019
1680,034
1680,049
1680,065
1680,08
1680,097
1680,113
1680,128
1680,144
1680,16
1680,175
1680,191
1680,208
1680,224
1680,24
1680,262
1680,283
1680,298
1680,313
1680,329
1680,345
1680,361
1680,378
1680,394
1680,414
1680,435
1680,45
1680,466
1680,483
1680,499
1680,518
1680,537
1680,554
1680,571
1680,588
1680,606
1680,625
1680,643
1680,66
1680,678
1680,698
1680,716
1680,734
1680,752
1680,769
1680,786
1680,803
1680,821
1680,837
1680,852
1680,869
1680,886
1680,9
1680,916
1680,93
1680,947
1680,963
1680,979
1680,996
1681,012
1681,028
1681,043
1681,06
1681,076
1681,091
1681,107
1681,122
1681,137
1681,151
1681,167
1681,182
1681,198
1681,213
1681,229
1681,243
1681,259
1681,276
1681,292
1681,31
1681,327
1681,344
1681,36
1681,377
1681,393
1681,409
1681,425
1681,442
1681,458
1681,474
1681,488
1681,503
1681,518
1681,534
1681,549
1681,565
1681,581
1681,596
1681,611
1681,627
1681,641
1681,657
1681,671
1681,688
1681,702
1681,718
1681,732
1681,748
1681,762
1681,779
1681,795
1681,81
1681,827
1681,843
1681,859
1681,875
1681,891
1681,907
1681,924
1681,94
1681,956
1681,97
1681,985
1682,002
1682,018
1682,033
1682,049
1682,066
1682,081
1682,097
1682,112
1682,128
1682,144
1682,162
1682,18
1682,199
1682,216
1682,234
1682,252
1682,271
1682,288
1682,305
1682,324
1682,344
1682,363
1682,381
1682,397
1682,415
1682,432
1682,449
1682,467
1682,486
1682,504
1682,522
1682,54
1682,558
1682,576
1682,592
1682,61
1682,627
1682,645
1682,661
1682,678
1682,695
1682,711
1682,727
1682,743
1682,759
1682,775
1682,791
1682,806
1682,822
1682,838
1682,854
1682,869
1682,885
1682,9
1682,916
1682,932
1682,947
1682,962
1682,979
1682,995
1683,01
1683,024
1683,039
1683,052
1683,069
1683,085
1683,102
1683,119
1683,136
1683,153
1683,169
1683,187
1683,206
1683,224
1683,241
1683,258
1683,276
1683,296
1683,314
1683,332
1683,35
1683,368
1683,386
1683,405
1683,424
1683,441
1683,46
1683,477
1683,496
1683,514
1683,532
1683,55
1683,567
1683,584
1683,6
1683,616
1683,633
1683,647
1683,664
1683,678
1683,693
1683,708
1683,724
1683,74
1683,754
1683,771
1683,785
1683,8
1683,816
1683,831
1683,847
1683,863
1683,878
1683,892
1683,908
1683,924
1683,939
1683,954
1683,97
1683,984
1684
1684,015
1684,031
1684,047
1684,063
1684,079
1684,101
1684,118
1684,134
1684,151
1684,167
1684,185
1684,199
1684,216
1684,23
1684,246
1684,262
1684,277
1684,294
1684,309
1684,324
1684,34
1684,355
1684,371
1684,386
1684,4
1684,415
1684,43
1684,447
1684,465
1684,483
1684,501
1684,518
1684,535
1684,555
1684,571
1684,592
1684,609
1684,627
1684,645
1684,663
1684,681
1684,698
1684,715
1684,732
1684,75
1684,768
1684,786
1684,803
1684,821
1684,837
1684,854
1684,87
1684,887
1684,907
1684,925
1684,942
1684,958
1684,976
1684,998
1685,02
1685,035
1685,052
1685,068
1685,083
1685,098
1685,113
1685,129
1685,144
1685,159
1685,174
1685,189
1685,205
1685,22
1685,236
1685,25
1685,266
1685,282
1685,297
1685,312
1685,328
1685,344
1685,36
1685,374
1685,39
1685,405
1685,422
1685,437
1685,453
1685,468
1685,483
1685,498
1685,514
1685,527
1685,545
1685,561
1685,578
1685,594
1685,615
1685,637
1685,652
1685,667
1685,682
1685,698
1685,713
1685,728
1685,744
1685,758
1685,773
1685,789
1685,889
1685,906
1685,922
1685,938
1685,953
1685,967
1685,983
1685,998
1686,014
1686,03
1686,046
1686,061
1686,077
1686,093
1686,108
1686,123
1686,139
1686,153
1686,169
1686,183
1686,198
1686,214
1686,229
1686,246
1686,261
1686,278
1686,294
1686,313
1686,329
1686,344
1686,362
1686,383
1686,403
1686,419
1686,433
1686,449
1686,463
1686,479
1686,493
1686,509
1686,526
1686,541
1686,557
1686,574
1686,592
1686,609
1686,626
1686,643
1686,661
1686,679
1686,699
1686,717
1686,735
1686,752
1686,771
1686,787
1686,805
1686,822
1686,84
1686,857
1686,875
1686,894
1686,912
1686,928
1686,946
1686,963
1686,979
1686,996
1687,021
1687,042
1687,057
1687,072
1687,087
1687,102
1687,117
1687,131
1687,148
1687,164
1687,178
1687,194
1687,21
1687,226
1687,242
1687,259
1687,274
1687,291
1687,307
1687,324
1687,339
1687,354
1687,37
1687,385
1687,4
1687,415
1687,43
1687,446
1687,462
1687,477
1687,492
1687,509
1687,524
1687,541
1687,559
1687,576
1687,593
1687,609
1687,626
1687,644
1687,661
1687,678
1687,695
1687,714
1687,731
1687,748
1687,765
1687,783
1687,8
1687,817
1687,833
1687,85
1687,867
1687,885
1687,901
1687,918
1687,936
1687,954
1687,976
1687,996
1688,016
1688,041
1688,058
1688,075
1688,092
1688,107
1688,125
1688,143
1688,16
1688,177
1688,193
1688,209
1688,226
1688,243
1688,261
1688,278
1688,296
1688,313
1688,329
1688,346
1688,364
1688,38
1688,4
1688,426
1688,448
1688,465
1688,483
1688,5
1688,517
1688,533
1688,553
1688,571
1688,59
1688,608
1688,626
1688,645
1688,663
1688,682
1688,7
1688,721
1688,739
1688,755
1688,773
1688,79
1688,808
1688,827
1688,846
1688,864
1688,883
1688,902
1688,92
1688,937
1688,954
1688,971
1688,988
1689,004
1689,019
1689,033
1689,05
1689,066
1689,081
1689,096
1689,112
1689,128
1689,143
1689,159
1689,173
1689,188
1689,203
1689,217
1689,231
1689,246
1689,263
1689,279
1689,296
1689,312
1689,329
1689,346
1689,362
1689,378
1689,394
1689,411
1689,427
1689,442
1689,46
1689,477
1689,494
1689,512
1689,528
1689,545
1689,563
1689,579
1689,597
1689,613
1689,63
1689,649
1689,667
1689,683
1689,7
1689,717
1689,735
1689,755
1689,775
1689,793
1689,816
1689,833
1689,851
1689,869
1689,888
1689,905
1689,923
1689,94
1689,959
1689,975
1689,993
1690,011
1690,028
1690,044
1690,059
1690,075
1690,091
1690,106
1690,122
1690,138
1690,152
1690,168
1690,182
1690,197
1690,213
1690,231
1690,247
1690,264
1690,28
1690,295
1690,31
1690,327
1690,344
1690,361
1690,378
1690,395
1690,413
1690,43
1690,448
1690,465
1690,483
1690,5
1690,515
1690,531
1690,547
1690,563
1690,578
1690,594
1690,611
1690,631
1690,648
1690,663
1690,678
1690,694
1690,711
1690,727
1690,743
1690,758
1690,774
1690,789
1690,804
1690,82
1690,835
1690,851
1690,865
1690,877
1690,888
1690,899
1690,91
1690,922
1690,933
1690,946
1690,959
1690,972
1690,986
1690,999
1691,013
1691,026
1691,04
1691,052
1691,063
1691,077
1691,09
1691,103
1691,114
1691,128
1691,141
1691,154
1691,166
1691,179
1691,192
1691,204
1691,217
1691,229
1691,242
1691,255
1691,268
1691,28
1691,293
1691,306
1691,321
1691,334
1691,347
1691,36
1691,374
1691,388
1691,404
1691,417
1691,432
1691,446
1691,46
1691,476
1691,49
1691,505
1691,518
1691,53
1691,544
1691,56
1691,573
1691,587
1691,601
1691,616
1691,629
1691,643
1691,658
1691,672
1691,686
1691,698
1691,711
1691,723
1691,735
1691,746
1691,757
1691,769
1691,78
1691,792
1691,803
1691,813
1691,825
1691,838
1691,85
1691,862
1691,876
1691,889
1691,902
1691,914
1691,928
1691,942
1691,957
1691,97
1691,982
1691,995
1692,008
1692,021
1692,031
1692,043
1692,055
1692,066
1692,079
1692,092
1692,105
1692,118
1692,13
1692,141
1692,153
1692,166
1692,177
1692,189
1692,2
1692,211
1692,224
1692,235
1692,245
1692,258
1692,269
1692,279
1692,291
1692,304
1692,315
1692,325
1692,337
1692,349
1692,36
1692,372
1692,381
1692,393
1692,403
1692,413
1692,425
1692,437
1692,448
1692,46
1692,475
1692,49
1692,506
1692,522
1692,539
1692,554
1692,571
1692,586
1692,601
1692,616
1692,631
1692,647
1692,663
1692,679
1692,693
1692,711
1692,726
1692,742
1692,759
1692,774
1692,79
1692,806
1692,824
1692,841
1692,858
1692,875
1692,892
1692,909
1692,926
1692,943
1692,961
1692,978
1692,995
1693,011
1693,029
1693,047
1693,064
1693,08
1693,098
1693,113
1693,128
1693,144
1693,161
1693,176
1693,191
1693,207
1693,224
1693,239
1693,254
1693,27
1693,286
1693,302
1693,318
1693,334
1693,351
1693,366
1693,381
1693,396
1693,412
1693,427
1693,444
1693,46
1693,476
1693,491
1693,507
1693,523
1693,539
1693,556
1693,572
1693,588
1693,605
1693,622
1693,639
1693,656
1693,672
1693,688
1693,703
1693,719
1693,735
1693,751
1693,769
1693,786
1693,803
1693,819
1693,833
1693,849
1693,865
1693,881
1693,896
1693,912
1693,927
1693,944
1693,96
1693,977
1693,992
1694,007
1694,022
1694,038
1694,054
1694,069
1694,083
1694,095
1694,106
1694,118
1694,129
1694,142
1694,154
1694,165
1694,176
1694,188
1694,201
1694,213
1694,225
1694,238
1694,25
1694,262
1694,274
1694,287
1694,301
1694,313
1694,326
1694,34
1694,353
1694,365
1694,376
1694,387
1694,398
1694,41
1694,421
1694,431
1694,442
1694,454
1694,465
1694,479
1694,492
1694,505
1694,518
1694,529
1694,542
1694,556
1694,568
1694,58
1694,594
1694,609
1694,622
1694,635
1694,648
1694,663
1694,677
1694,693
1694,708
1694,722
1694,736
1694,75
1694,763
1694,777
1694,791
1694,806
1694,82
1694,832
1694,848
1694,861
1694,876
1694,889
1694,903
1694,916
1694,928
1694,941
1694,953
1694,963
1694,975
1694,987
1694,999
1695,011
1695,023
1695,035
1695,047
1695,06
1695,073
1695,085
1695,099
1695,111
1695,123
1695,136
1695,148
1695,16
1695,174
1695,187
1695,201
1695,213
1695,227
1695,241
1695,254
1695,271
1695,287
1695,302
1695,318
1695,332
1695,347
1695,361
1695,376
1695,389
1695,403
1695,416
1695,429
1695,444
1695,458
1695,472
1695,486
1695,499
1695,512
1695,525
1695,538
1695,551
1695,563
1695,576
1695,588
1695,602
1695,614
1695,628
1695,642
1695,655
1695,667
1695,68
1695,693
1695,708
1695,721
1695,734
1695,747
1695,762
1695,776
1695,789
1695,803
1695,815
1695,828
1695,842
1695,855
1695,869
1695,88
1695,894
1695,908
1695,923
1695,935
1695,947
1695,961
1695,975
1695,989
1696,001
1696,014
1696,028
1696,044
1696,059
1696,074
1696,089
1696,104
1696,122
1696,139
1696,154
1696,17
1696,185
1696,2
1696,215
1696,23
1696,246
1696,262
1696,278
1696,293
1696,31
1696,325
1696,342
1696,358
1696,373
1696,388
1696,402
1696,415
1696,428
1696,442
1696,454
1696,468
1696,48
1696,494
1696,507
1696,521
1696,535
1696,547
1696,561
1696,575
1696,588
1696,601
1696,615
1696,629
1696,643
1696,657
1696,67
1696,683
1696,696
1696,711
1696,727
1696,743
1696,758
1696,774
1696,789
1696,804
1696,819
1696,835
1696,85
1696,865
1696,881
1696,896
1696,912
1696,927
1696,943
1696,958
1696,973
1696,988
1697,004
1697,019
1697,034
1697,048
1697,064
1697,08
1697,096
1697,112
1697,127
1697,143
1697,158
1697,172
1697,186
1697,202
1697,218
1697,232
1697,248
1697,263
1697,279
1697,297
1697,313
1697,329
1697,345
1697,361
1697,378
1697,394
1697,41
1697,426
1697,448
1697,464
1697,48
1697,496
1697,512
1697,526
1697,542
1697,558
1697,571
1697,585
1697,598
1697,611
1697,625
1697,641
1697,656
1697,671
1697,686
1697,702
1697,717
1697,731
1697,745
1697,76
1697,773
1697,786
1697,802
1697,817
1697,83
1697,844
1697,858
1697,871
1697,885
1697,897
1697,911
1697,924
1697,938
1697,95
1697,963
1697,978
1697,991
1698,004
1698,017
1698,03
1698,043
1698,056
1698,069
1698,084
1698,096
1698,11
1698,123
1698,136
1698,149
1698,161
1698,174
1698,188
1698,201
1698,213
1698,226
1698,24
1698,251
1698,264
1698,279
1698,293
1698,306
1698,321
1698,336
1698,349
1698,362
1698,375
1698,389
1698,403
1698,415
1698,429
1698,442
1698,456
1698,469
1698,481
1698,495
1698,509
1698,523
1698,536
1698,549
1698,561
1698,575
1698,59
1698,604
1698,619
1698,635
1698,651
1698,665
1698,68
1698,696
1698,713
1698,73
1698,748
1698,763
1698,781
1698,796
1698,811
1698,827
1698,842
1698,858
1698,873
1698,888
1698,903
1698,919
1698,932
1698,948
1698,963
1698,979
1698,994
1699,008
1699,022
1699,036
1699,05
1699,063
1699,078
1699,092
1699,106
1699,119
1699,132
1699,145
1699,158
1699,172
1699,186
1699,201
1699,214
1699,229
1699,243
1699,258
1699,273
1699,288
1699,303
1699,318
1699,331
1699,346
1699,362
1699,377
1699,391
1699,407
1699,422
1699,436
1699,45
1699,462
1699,562
1699,575
1699,588
1699,599
1699,614
1699,626
1699,642
1699,656
1699,668
1699,681
1699,695
1699,71
1699,723
1699,735
1699,747
1699,761
1699,774
1699,786
1699,799
1699,813
1699,826
1699,839
1699,851
1699,864
1699,877
1699,889
1699,903
1699,916
1699,93
1699,945
1699,958
1699,973
1699,986
1699,999
1700,014
1700,029
1700,044
1700,058
1700,072
1700,085
1700,098
1700,112
1700,126
1700,14
1700,153
1700,166
1700,179
1700,194
1700,207
1700,221
1700,234
1700,248
1700,262
1700,275
1700,289
1700,303
1700,318
1700,333
1700,348
1700,362
1700,379
1700,393
1700,41
1700,426
1700,443
1700,458
1700,476
1700,491
1700,506
1700,522
1700,538
1700,552
1700,567
1700,583
1700,599
1700,615
1700,63
1700,644
1700,66
1700,677
1700,694
1700,71
1700,725
1700,74
1700,755
1700,77
1700,786
1700,799
1700,814
1700,828
1700,842
1700,855
1700,869
1700,881
1700,896
1700,909
1700,922
1700,936
1700,95
1700,963
1700,976
1700,99
1701,004
1701,016
1701,03
1701,045
1701,059
1701,073
1701,086
1701,1
1701,114
1701,127
1701,141
1701,154
1701,167
1701,18
1701,194
1701,209
1701,224
1701,239
1701,254
1701,27
1701,286
1701,301
1701,316
1701,331
1701,346
1701,361
1701,377
1701,392
1701,408
1701,423
1701,438
1701,453
1701,468
1701,483
1701,498
1701,512
1701,526
1701,539
1701,554
1701,566
1701,581
1701,595
1701,609
1701,622
1701,633
1701,646
1701,661
1701,675
1701,688
1701,701
1701,715
1701,727
1701,74
1701,754
1701,767
1701,779
1701,794
1701,807
1701,82
1701,834
1701,847
1701,861
1701,875
1701,887
1701,901
1701,914
1701,927
1701,942
1701,955
1701,97
1701,984
1701,997
1702,011
1702,024
1702,037
1702,05
1702,064
1702,076
1702,091
1702,104
1702,116
1702,13
1702,146
1702,161
1702,176
1702,191
1702,205
1702,221
1702,235
1702,251
1702,267
1702,283
1702,298
1702,314
1702,33
1702,348
1702,365
1702,381
1702,399
1702,414
1702,43
1702,446
1702,462
1702,479
1702,495
1702,511
1702,527
1702,544
1702,56
1702,576
1702,591
1702,605
1702,621
1702,636
1702,651
1702,665
1702,681
1702,695
1702,709
1702,723
1702,736
1702,749
1702,763
1702,778
1702,792
1702,805
1702,819
1702,831
1702,846
1702,861
1702,876
1702,891
1702,906
1702,92
1702,933
1702,948
1702,963
1702,978
1702,993
1703,009
1703,023
1703,038
1703,054
1703,069
1703,083
1703,098
1703,114
1703,129
1703,144
1703,16
1703,174
1703,187
1703,201
1703,215
1703,228
1703,242
1703,255
1703,269
1703,284
1703,299
1703,315
1703,33
1703,346
1703,362
1703,379
1703,395
1703,411
1703,425
1703,441
1703,457
1703,473
1703,488
1703,505
1703,52
1703,536
1703,549
1703,565
1703,581
1703,596
1703,609
1703,624
1703,637
1703,649
1703,663
1703,676
1703,691
1703,704
1703,718
1703,731
1703,745
1703,758
1703,772
1703,787
1703,803
1703,817
1703,832
1703,846
1703,863
1703,878
1703,893
1703,907
1703,922
1703,937
1703,95
1703,964
1703,978
1703,991
1704,005
1704,017
1704,029
1704,043
1704,056
1704,068
1704,081
1704,094
1704,107
1704,12
1704,132
1704,145
1704,159
1704,172
1704,185
1704,198
1704,212
1704,225
1704,239
1704,252
1704,264
1704,278
1704,291
1704,305
1704,317
1704,33
1704,344
1704,357
1704,371
1704,383
1704,396
1704,409
1704,422
1704,436
1704,448
1704,462
1704,477
1704,491
1704,505
1704,519
1704,532
1704,546
1704,56
1704,574
1704,587
1704,599
1704,613
1704,627
1704,641
1704,654
1704,669
1704,683
1704,698
1704,713
1704,728
1704,743
1704,757
1704,771
1704,787
1704,803
1704,818
1704,834
1704,849
1704,866
1704,883
1704,899
1704,915
1704,931
1704,946
1704,962
1704,978
1704,994
1705,01
1705,026
1705,042
1705,057
1705,073
1705,088
1705,103
1705,117
1705,133
1705,146
1705,161
1705,176
1705,191
1705,204
1705,217
1705,23
1705,245
1705,258
1705,271
1705,285
1705,298
1705,312
1705,326
1705,343
1705,357
1705,372
1705,388
1705,403
1705,419
1705,432
1705,448
1705,463
1705,48
1705,496
1705,511
1705,527
1705,543
1705,558
1705,573
1705,589
1705,604
1705,619
1705,634
1705,65
1705,664
1705,678
1705,693
1705,708
1705,722
1705,737
1705,751
1705,765
1705,78
1705,795
1705,808
1705,822
1705,836
1705,853
1705,867
1705,881
1705,896
1705,911
1705,926
1705,941
1705,956
1705,971
1705,985
1706
1706,014
1706,028
1706,042
1706,056
1706,071
1706,085
1706,098
1706,114
1706,129
1706,143
1706,157
1706,172
1706,187
1706,201
1706,215
1706,23
1706,245
1706,261
1706,276
1706,29
1706,305
1706,32
1706,334
1706,348
1706,363
1706,379
1706,395
1706,411
1706,427
1706,443
1706,458
1706,474
1706,49
1706,504
1706,52
1706,535
1706,548
1706,563
1706,578
1706,594
1706,609
1706,625
1706,64
1706,656
1706,671
1706,689
1706,705
1706,723
1706,739
1706,755
1706,77
1706,786
1706,802
1706,817
1706,833
1706,849
1706,865
1706,881
1706,897
1706,914
1706,93
1706,946
1706,962
1706,978
1706,993
1707,009
1707,022
1707,035
1707,05
1707,065
1707,08
1707,095
1707,111
1707,126
1707,142
1707,158
1707,174
1707,19
1707,205
1707,219
1707,234
1707,249
1707,263
1707,278
1707,292
1707,306
1707,32
1707,333
1707,347
1707,361
1707,375
1707,387
1707,401
1707,415
1707,429
1707,444
1707,459
1707,474
1707,489
1707,503
1707,518
1707,532
1707,546
1707,562
1707,577
1707,592
1707,606
1707,621
1707,635
1707,647
1707,661
1707,674
1707,688
1707,7
1707,714
1707,728
1707,742
1707,755
1707,768
1707,781
1707,795
1707,81
1707,824
1707,837
1707,849
1707,865
1707,88
1707,896
1707,911
1707,927
1707,942
1707,957
1707,972
1707,987
1708,003
1708,017
1708,031
1708,047
1708,061
1708,076
1708,089
1708,105
1708,121
1708,137
1708,156
1708,171
1708,187
1708,204
1708,219
1708,233
1708,247
1708,263
1708,279
1708,294
1708,309
1708,324
1708,339
1708,353
1708,369
1708,383
1708,398
1708,414
1708,43
1708,445
1708,46
1708,475
1708,49
1708,505
1708,52
1708,534
1708,547
1708,562
1708,576
1708,589
1708,603
1708,617
1708,631
1708,646
1708,661
1708,676
1708,691
1708,706
1708,721
1708,735
1708,75
1708,764
1708,779
1708,794
1708,81
1708,826
1708,84
1708,854
1708,869
1708,884
1708,898
1708,913
1708,929
1708,943
1708,958
1708,973
1708,989
1709,004
1709,02
1709,034
1709,05
1709,065
1709,081
1709,097
1709,113
1709,129
1709,143
1709,157
1709,17
1709,183
1709,198
1709,213
1709,228
1709,243
1709,259
1709,273
1709,288
1709,303
1709,317
1709,331
1709,346
1709,36
1709,375
1709,39
1709,405
1709,42
1709,433
1709,447
1709,461
1709,475
1709,489
1709,503
1709,518
1709,531
1709,546
1709,561
1709,577
1709,591
1709,606
1709,621
1709,636
1709,65
1709,664
1709,679
1709,692
1709,707
1709,723
1709,739
1709,754
1709,77
1709,786
1709,803
1709,819
1709,837
1709,852
1709,867
1709,885
1709,899
1709,915
1709,931
1709,948
1709,964
1709,981
1709,997
1710,013
1710,03
1710,046
1710,063
1710,08
1710,095
1710,111
1710,126
1710,142
1710,157
1710,172
1710,187
1710,202
1710,215
1710,229
1710,243
1710,256
1710,268
1710,281
1710,296
1710,311
1710,326
1710,342
1710,359
1710,375
1710,393
1710,412
1710,427
1710,442
1710,458
1710,472
1710,488
1710,503
1710,519
1710,533
1710,548
1710,563
1710,577
1710,591
1710,605
1710,619
1710,634
1710,648
1710,664
1710,68
1710,694
1710,71
1710,724
1710,737
1710,75
1710,762
1710,776
1710,793
1710,808
1710,824
1710,84
1710,855
1710,873
1710,89
1710,904
1710,922
1710,938
1710,954
1710,97
1710,985
1711,002
1711,017
1711,032
1711,048
1711,064
1711,08
1711,096
1711,112
1711,127
1711,141
1711,155
1711,168
1711,18
1711,194
1711,207
1711,221
1711,235
1711,246
1711,261
1711,275
1711,289
1711,303
1711,318
1711,332
1711,347
1711,362
1711,378
1711,392
1711,408
1711,424
1711,439
1711,453
1711,469
1711,484
1711,5
1711,516
1711,531
1711,547
1711,563
1711,578
1711,594
1711,609
1711,624
1711,639
1711,653
1711,668
1711,683
1711,696
1711,708
1711,722
1711,736
1711,749
1711,763
1711,777
1711,79
1711,805
1711,818
1711,832
1711,846
1711,86
1711,875
1711,89
1711,903
1711,916
1711,929
1711,943
1711,958
1711,971
1711,985
1711,998
1712,012
1712,027
1712,043
1712,058
1712,072
1712,086
1712,099
1712,113
1712,126
1712,141
1712,155
1712,17
1712,182
1712,196
1712,212
1712,227
1712,242
1712,258
1712,273
1712,288
1712,304
1712,319
1712,334
1712,35
1712,365
1712,38
1712,397
1712,412
1712,428
1712,445
1712,462
1712,478
1712,494
1712,509
1712,524
1712,539
1712,555
1712,571
1712,587
1712,604
1712,621
1712,636
1712,651
1712,666
1712,682
1712,697
1712,712
1712,727
1712,741
1712,756
1712,768
1712,781
1712,794
1712,808
1712,821
1712,834
1712,847
1712,861
1712,875
1712,889
1712,904
1712,917
1712,931
1712,944
1712,958
1713,058
1713,071
1713,084
1713,096
1713,11
1713,123
1713,142
1713,157
1713,172
1713,185
1713,197
1713,211
1713,224
1713,237
1713,249
1713,261
1713,276
1713,291
1713,306
1713,321
1713,336
1713,353
1713,366
1713,383
1713,399
1713,414
1713,429
1713,444
1713,459
1713,475
1713,491
1713,506
1713,523
1713,54
1713,555
1713,571
1713,585
1713,599
1713,613
1713,626
1713,64
1713,653
1713,666
1713,68
1713,693
1713,707
1713,72
1713,733
1713,745
1713,759
1713,772
1713,786
1713,8
1713,814
1713,827
1713,841
1713,855
1713,869
1713,882
1713,895
1713,908
1713,922
1713,935
1713,947
1713,962
1713,975
1713,989
1714,002
1714,015
1714,028
1714,041
1714,055
1714,069
1714,083
1714,098
1714,113
1714,128
1714,143
1714,158
1714,172
1714,188
1714,203
1714,218
1714,233
1714,247
1714,263
1714,277
1714,293
1714,308
1714,324
1714,337
1714,352
1714,363
1714,379
1714,394
1714,408
1714,422
1714,435
1714,447
1714,461
1714,476
1714,491
1714,505
1714,521
1714,536
1714,551
1714,564
1714,58
1714,594
1714,609
1714,624
1714,639
1714,654
1714,669
1714,685
1714,701
1714,716
1714,73
1714,745
1714,76
1714,775
1714,792
1714,807
1714,822
1714,837
1714,853
1714,869
1714,884
1714,901
1714,916
1714,933
1714,949
1714,965
1714,981
1714,998
1715,014
1715,03
1715,047
1715,064
1715,08
1715,096
1715,111
1715,126
1715,142
1715,157
1715,173
1715,188
1715,203
1715,218
1715,232
1715,247
1715,262
1715,277
1715,292
1715,308
1715,323
1715,338
1715,352
1715,366
1715,379
1715,393
1715,406
1715,42
1715,434
1715,445
1715,46
1715,475
1715,489
1715,504
1715,517
1715,53
1715,545
1715,56
1715,573
1715,588
1715,602
1715,615
1715,628
1715,642
1715,657
1715,671
1715,685
1715,697
1715,711
1715,727
1715,741
1715,755
1715,769
1715,784
1715,798
1715,812
1715,826
1715,841
1715,855
1715,87
1715,884
1715,902
1715,92
1715,935
1715,949
1715,964
1715,98
1715,994
1716,009
1716,025
1716,041
1716,055
1716,07
1716,086
1716,102
1716,117
1716,14
1716,156
1716,174
1716,191
1716,208
1716,223
1716,238
1716,253
1716,269
1716,284
1716,301
1716,318
1716,333
1716,348
1716,364
1716,379
1716,394
1716,41
1716,425
1716,44
1716,453
1716,468
1716,48
1716,494
1716,508
1716,522
1716,536
1716,549
1716,562
1716,576
1716,59
1716,603
1716,618
1716,629
1716,643
1716,656
1716,67
1716,684
1716,696
1716,71
1716,724
1716,738
1716,752
1716,766
1716,78
1716,793
1716,807
1716,822
1716,836
1716,85
1716,865
1716,88
1716,895
1716,91
1716,924
1716,94
1716,955
1716,97
1716,985
1717
1717,015
1717,029
1717,044
1717,06
1717,074
1717,089
1717,105
1717,121
1717,137
1717,153
1717,169
1717,184
1717,198
1717,214
1717,23
1717,246
1717,263
1717,28
1717,296
1717,313
1717,33
1717,346
1717,363
1717,38
1717,396
1717,413
1717,431
1717,447
1717,463
1717,48
1717,496
1717,511
1717,526
1717,541
1717,555
1717,568
1717,581
1717,594
1717,607
1717,622
1717,637
1717,652
1717,668
1717,684
1717,699
1717,714
1717,729
1717,745
1717,76
1717,776
1717,791
1717,804
1717,818
1717,831
1717,844
1717,857
1717,872
1717,885
1717,898
1717,912
1717,925
1717,939
1717,953
1717,968
1717,981
1717,995
1718,008
1718,022
1718,036
1718,048
1718,063
1718,077
1718,091
1718,105
1718,12
1718,132
1718,146
1718,159
1718,173
1718,187
1718,199
1718,212
1718,225
1718,239
1718,252
1718,265
1718,279
1718,292
1718,306
1718,32
1718,334
1718,347
1718,361
1718,375
1718,389
1718,403
1718,416
1718,428
1718,442
1718,457
1718,469
1718,48
1718,493
1718,507
1718,521
1718,535
1718,548
1718,563
1718,577
1718,591
1718,606
1718,621
1718,637
1718,651
1718,666
1718,679
1718,695
1718,709
1718,724
1718,739
1718,753
1718,768
1718,782
1718,797
1718,813
1718,827
1718,841
1718,856
1718,873
1718,889
1718,905
1718,921
1718,936
1718,952
1718,97
1718,986
1719,004
1719,022
1719,037
1719,053
1719,069
1719,086
1719,103
1719,119
1719,135
1719,151
1719,166
1719,184
1719,201
1719,215
1719,232
1719,247
1719,264
1719,28
1719,296
1719,311
1719,327
1719,343
1719,358
1719,373
1719,39
1719,404
1719,419
1719,434
1719,448
1719,462
1719,477
1719,492
1719,506
1719,522
1719,537
1719,552
1719,568
1719,591
1719,606
1719,62
1719,635
1719,651
1719,665
1719,679
1719,692
1719,707
1719,721
1719,736
1719,751
1719,764
1719,778
1719,792
1719,807
1719,822
1719,837
1719,851
1719,864
1719,878
1719,892
1719,907
1719,921
1719,936
1719,951
1719,967
1719,984
1719,998
1720,014
1720,029
1720,044
1720,06
1720,075
1720,09
1720,103
1720,118
1720,132
1720,146
1720,16
1720,174
1720,189
1720,202
1720,218
1720,23
1720,245
1720,26
1720,275
1720,29
1720,306
1720,321
1720,336
1720,35
1720,363
1720,377
1720,39
1720,404
1720,418
1720,431
1720,445
1720,459
1720,474
1720,489
1720,504
1720,52
1720,536
1720,552
1720,568
1720,584
1720,599
1720,613
1720,627
1720,643
1720,657
1720,67
1720,685
1720,701
1720,715
1720,731
1720,746
1720,762
1720,778
1720,794
1720,81
1720,824
1720,838
1720,852
1720,867
1720,883
1720,898
1720,913
1720,929
1720,947
1720,964
1720,98
1720,997
1721,012
1721,028
1721,044
1721,06
1721,075
1721,093
1721,109
1721,126
1721,142
1721,159
1721,176
1721,193
1721,209
1721,225
1721,241
1721,257
1721,271
1721,287
1721,301
1721,315
1721,329
1721,343
1721,357
1721,37
1721,384
1721,397
1721,411
1721,424
1721,438
1721,451
1721,463
1721,478
1721,491
1721,505
1721,519
1721,534
1721,548
1721,563
1721,578
1721,601
1721,616
1721,631
1721,646
1721,661
1721,676
1721,692
1721,707
1721,722
1721,737
1721,752
1721,766
1721,779
1721,793
1721,808
1721,823
1721,837
1721,852
1721,865
1721,881
1721,895
1721,908
1721,924
1721,939
1721,955
1721,971
1721,987
1722,003
1722,019
1722,035
1722,052
1722,068
1722,083
1722,095
1722,109
1722,123
1722,138
1722,153
1722,167
1722,179
1722,193
1722,207
1722,221
1722,235
1722,249
1722,262
1722,275
1722,288
1722,302
1722,315
1722,333
1722,349
1722,364
1722,379
1722,394
1722,41
1722,427
1722,445
1722,461
1722,477
1722,492
1722,509
1722,525
1722,54
1722,556
1722,571
1722,586
1722,602
1722,618
1722,633
1722,652
1722,668
1722,684
1722,701
1722,717
1722,732
1722,747
1722,763
1722,777
1722,791
1722,805
1722,819
1722,832
1722,845
1722,859
1722,874
1722,887
1722,901
1722,915
1722,927
1722,943
1722,957
1722,969
1722,981
1722,994
1723,008
1723,023
1723,038
1723,052
1723,065
1723,077
1723,091
1723,105
1723,119
1723,133
1723,146
1723,161
1723,176
1723,19
1723,204
1723,218
1723,231
1723,246
1723,262
1723,277
1723,293
1723,308
1723,324
1723,339
1723,354
1723,371
1723,387
1723,402
1723,418
1723,432
1723,449
1723,465
1723,48
1723,496
1723,512
1723,529
1723,546
1723,564
1723,58
1723,597
1723,612
1723,627
1723,644
1723,661
1723,678
1723,695
1723,711
1723,727
1723,743
1723,759
1723,775
1723,791
1723,805
1723,82
1723,834
1723,847
1723,861
1723,875
1723,89
1723,905
1723,919
1723,934
1723,948
1723,964
1723,979
1723,995
1724,009
1724,023
1724,038
1724,052
1724,066
1724,08
1724,095
1724,109
1724,125
1724,139
1724,153
1724,168
1724,184
1724,2
1724,213
1724,229
1724,244
1724,261
1724,276
1724,291
1724,307
1724,323
1724,338
1724,354
1724,369
1724,385
1724,401
1724,418
1724,431
1724,445
1724,46
1724,474
1724,488
1724,501
1724,514
1724,527
1724,542
1724,556
1724,57
1724,583
1724,596
1724,61
1724,623
1724,637
1724,649
1724,662
1724,676
1724,689
1724,703
1724,716
1724,729
1724,744
1724,758
1724,772
1724,786
1724,8
1724,813
1724,825
1724,839
1724,853
1724,867
1724,881
1724,896
1724,91
1724,924
1724,938
1724,953
1724,969
1724,984
1724,999
1725,014
1725,028
1725,047
1725,064
1725,08
1725,097
1725,113
1725,129
1725,145
1725,163
1725,179
1725,195
1725,21
1725,225
1725,241
1725,256
1725,271
1725,285
1725,301
1725,316
1725,333
1725,348
1725,365
1725,386
1725,407
1725,425
1725,443
1725,459
1725,475
1725,492
1725,507
1725,524
1725,541
1725,557
1725,573
1725,589
1725,606
1725,622
1725,637
1725,652
1725,666
1725,68
1725,695
1725,709
1725,723
1725,738
1725,752
1725,765
1725,778
1725,792
1725,806
1725,82
1725,833
1725,846
1725,86
1725,873
1725,886
1725,902
1725,917
1725,931
1725,945
1725,959
1725,974
1725,988
1726,003
1726,018
1726,031
1726,043
1726,058
1726,07
1726,083
1726,096
1726,111
1726,125
1726,139
1726,152
1726,166
1726,179
1726,193
1726,207
1726,221
1726,234
1726,247
1726,262
1726,275
1726,289
1726,303
1726,317
1726,331
1726,347
1726,361
1726,375
1726,39
1726,404
1726,417
1726,431
1726,445
1726,459
1726,473
1726,487
1726,501
1726,516
1726,529
1726,543
1726,557
1726,657
1726,668
1726,681
1726,693
1726,706
1726,72
1726,734
1726,747
1726,761
1726,774
1726,787
1726,801
1726,814
1726,828
1726,842
1726,856
1726,868
1726,881
1726,895
1726,907
1726,92
1726,932
1726,946
1726,959
1726,97
1726,985
1726,998
1727,01
1727,023
1727,035
1727,048
1727,061
1727,074
1727,087
1727,1
1727,114
1727,128
1727,143
1727,157
1727,169
1727,182
1727,197
1727,211
1727,226
1727,239
1727,252
1727,266
1727,281
1727,297
1727,312
1727,327
1727,341
1727,353
1727,366
1727,38
1727,394
1727,408
1727,42
1727,433
1727,447
1727,46
1727,474
1727,487
1727,5
1727,515
1727,529
1727,542
1727,557
1727,569
1727,583
1727,599
1727,614
1727,63
1727,646
1727,661
1727,678
1727,694
1727,711
1727,727
1727,743
1727,758
1727,773
1727,79
1727,805
1727,82
1727,835
1727,85
1727,867
1727,883
1727,901
1727,917
1727,932
1727,949
1727,966
1727,984
1728
1728,016
1728,031
1728,047
1728,062
1728,076
1728,088
1728,102
1728,115
1728,131
1728,146
1728,159
1728,174
1728,186
1728,202
1728,216
1728,23
1728,244
1728,257
1728,27
1728,284
1728,299
1728,313
1728,326
1728,341
1728,357
1728,37
1728,385
1728,401
1728,416
1728,43
1728,443
1728,458
1728,471
1728,484
1728,499
1728,513
1728,527
1728,541
1728,554
1728,568
1728,582
1728,597
1728,61
1728,625
1728,639
1728,652
1728,667
1728,683
1728,699
1728,714
1728,729
1728,745
1728,763
1728,78
1728,795
1728,811
1728,828
1728,846
1728,863
1728,879
1728,894
1728,911
1728,928
1728,944
1728,961
1728,978
1728,993
1729,009
1729,026
1729,042
1729,055
1729,068
1729,083
1729,097
1729,113
1729,129
1729,143
1729,157
1729,17
1729,183
1729,197
1729,211
1729,225
1729,239
1729,252
1729,266
1729,281
1729,296
1729,31
1729,324
1729,337
1729,35
1729,364
1729,378
1729,392
1729,406
1729,42
1729,433
1729,447
1729,461
1729,475
1729,488
1729,502
1729,516
1729,53
1729,544
1729,56
1729,576
1729,591
1729,606
1729,622
1729,637
1729,652
1729,668
1729,685
1729,701
1729,716
1729,732
1729,747
1729,763
1729,779
1729,794
1729,809
1729,825
1729,84
1729,854
1729,869
1729,884
1729,901
1729,917
1729,932
1729,949
1729,964
1729,98
1729,995
1730,01
1730,026
1730,042
1730,057
1730,073
1730,088
1730,103
1730,118
1730,134
1730,149
1730,164
1730,18
1730,197
1730,212
1730,227
1730,244
1730,26
1730,274
1730,289
1730,303
1730,318
1730,333
1730,348
1730,363
1730,379
1730,392
1730,407
1730,419
1730,433
1730,448
1730,461
1730,475
1730,49
1730,504
1730,521
1730,537
1730,553
1730,57
1730,592
1730,613
1730,631
1730,649
1730,665
1730,684
1730,7
1730,716
1730,732
1730,748
1730,764
1730,782
1730,799
1730,816
1730,831
1730,846
1730,861
1730,877
1730,889
1730,904
1730,918
1730,932
1730,947
1730,961
1730,975
1730,99
1731,002
1731,017
1731,031
1731,046
1731,061
1731,075
1731,088
1731,101
1731,116
1731,131
1731,145
1731,159
1731,172
1731,185
1731,199
1731,214
1731,23
1731,244
1731,257
1731,27
1731,284
1731,299
1731,314
1731,328
1731,343
1731,357
1731,371
1731,386
1731,4
1731,415
1731,429
1731,442
1731,456
1731,47
1731,485
1731,501
1731,515
1731,529
1731,543
1731,557
1731,57
1731,585
1731,599
1731,613
1731,628
1731,643
1731,656
1731,67
1731,683
1731,698
1731,714
1731,729
1731,744
1731,759
1731,773
1731,786
1731,799
1731,813
1731,827
1731,84
1731,852
1731,866
1731,88
1731,895
1731,909
1731,924
1731,937
1731,951
1731,965
1731,98
1731,994
1732,009
1732,023
1732,037
1732,051
1732,065
1732,08
1732,095
1732,109
1732,125
1732,141
1732,157
1732,171
1732,185
1732,2
1732,215
1732,229
1732,247
1732,262
1732,277
1732,292
1732,307
1732,324
1732,339
1732,354
1732,37
1732,386
1732,402
1732,418
1732,435
1732,452
1732,468
1732,484
1732,499
1732,516
1732,534
1732,551
1732,567
1732,584
1732,6
1732,616
1732,632
1732,649
1732,665
1732,681
1732,698
1732,714
1732,73
1732,745
1732,761
1732,777
1732,792
1732,808
1732,823
1732,837
1732,849
1732,864
1732,878
1732,892
1732,908
1732,923
1732,939
1732,953
1732,968
1732,983
1732,999
1733,014
1733,028
1733,042
1733,055
1733,067
1733,08
1733,095
1733,108
1733,122
1733,135
1733,149
1733,163
1733,177
1733,191
1733,207
1733,222
1733,237
1733,252
1733,268
1733,284
1733,298
1733,313
1733,328
1733,342
1733,356
1733,368
1733,382
1733,396
1733,411
1733,425
1733,438
1733,451
1733,466
1733,48
1733,494
1733,508
1733,522
1733,535
1733,548
1733,562
1733,576
1733,59
1733,603
1733,617
1733,631
1733,646
1733,661
1733,676
1733,688
1733,703
1733,717
1733,73
1733,745
1733,761
1733,776
1733,79
1733,804
1733,82
1733,835
1733,851
1733,868
1733,883
1733,898
1733,913
1733,929
1733,944
1733,96
1733,975
1733,99
1734,005
1734,021
1734,036
1734,051
1734,066
1734,082
1734,097
1734,112
1734,128
1734,142
1734,156
1734,17
1734,186
1734,202
1734,218
1734,234
1734,25
1734,267
1734,284
1734,3
1734,317
1734,333
1734,349
1734,366
1734,382
1734,399
1734,416
1734,433
1734,45
1734,467
1734,482
1734,498
1734,514
1734,53
1734,546
1734,561
1734,576
1734,589
1734,602
1734,616
1734,63
1734,643
1734,658
1734,672
1734,684
1734,7
1734,715
1734,73
1734,746
1734,76
1734,775
1734,79
1734,805
1734,82
1734,836
1734,853
1734,868
1734,884
1734,899
1734,914
1734,928
1734,941
1734,955
1734,968
1734,984
1734,997
1735,011
1735,026
1735,04
1735,053
1735,067
1735,08
1735,094
1735,108
1735,123
1735,136
1735,148
1735,163
1735,178
1735,191
1735,206
1735,219
1735,233
1735,248
1735,261
1735,275
1735,288
1735,302
1735,316
1735,329
1735,344
1735,358
1735,373
1735,387
1735,402
1735,418
1735,431
1735,446
1735,461
1735,475
1735,489
1735,502
1735,517
1735,532
1735,548
1735,564
1735,58
1735,594
1735,609
1735,625
1735,64
1735,655
1735,67
1735,685
1735,701
1735,719
1735,734
1735,75
1735,766
1735,783
1735,8
1735,818
1735,835
1735,857
1735,873
1735,889
1735,905
1735,921
1735,938
1735,953
1735,969
1735,986
1736,004
1736,02
1736,036
1736,053
1736,07
1736,086
1736,102
1736,118
1736,134
1736,149
1736,164
1736,18
1736,194
1736,207
1736,222
1736,236
1736,25
1736,264
1736,278
1736,291
1736,305
1736,318
1736,333
1736,348
1736,363
1736,379
1736,395
1736,411
1736,426
1736,443
1736,46
1736,475
1736,491
1736,507
1736,522
1736,535
1736,549
1736,563
1736,577
1736,595
1736,612
1736,626
1736,64
1736,654
1736,668
1736,682
1736,697
1736,711
1736,725
1736,74
1736,753
1736,767
1736,781
1736,795
1736,809
1736,824
1736,837
1736,85
1736,864
1736,878
1736,892
1736,906
1736,919
1736,932
1736,947
1736,962
1736,976
1736,989
1737,004
1737,018
1737,031
1737,047
1737,061
1737,075
1737,089
1737,101
1737,116
1737,131
1737,146
1737,162
1737,179
1737,193
1737,207
1737,222
1737,236
1737,25
1737,264
1737,278
1737,291
1737,306
1737,319
1737,335
1737,35
1737,367
1737,381
1737,397
1737,412
1737,427
1737,442
1737,458
1737,474
1737,49
1737,505
1737,522
1737,537
1737,553
1737,57
1737,586
1737,608
1737,625
1737,639
1737,654
1737,672
1737,687
1737,703
1737,722
1737,739
1737,759
1737,775
1737,79
1737,807
1737,82
1737,834
1737,848
1737,861
1737,875
1737,889
1737,902
1737,916
1737,93
1737,944
1737,96
1737,975
1737,99
1738,003
1738,019
1738,034
1738,049
1738,065
1738,08
1738,095
1738,111
1738,127
1738,142
1738,157
1738,173
1738,189
1738,203
1738,218
1738,231
1738,245
1738,26
1738,275
1738,29
1738,305
1738,319
1738,335
1738,35
1738,366
1738,38
1738,393
1738,407
1738,422
1738,437
1738,451
1738,465
1738,483
1738,502
1738,518
1738,532
1738,547
1738,561
1738,575
1738,588
1738,602
1738,616
1738,63
1738,645
1738,66
1738,673
1738,687
1738,699
1738,714
1738,728
1738,742
1738,756
1738,769
1738,783
1738,798
1738,814
1738,83
1738,845
1738,86
1738,877
1738,893
1738,911
1738,929
1738,946
1738,962
1738,978
1738,994
1739,009
1739,025
1739,042
1739,059
1739,074
1739,09
1739,115
1739,132
1739,148
1739,163
1739,178
1739,191
1739,206
1739,22
1739,234
1739,249
1739,263
1739,277
1739,291
1739,306
1739,32
1739,333
1739,347
1739,36
1739,374
1739,389
1739,403
1739,417
1739,432
1739,446
1739,46
1739,474
1739,486
1739,5
1739,514
1739,528
1739,543
1739,556
1739,569
1739,584
1739,599
1739,614
1739,629
1739,644
1739,658
1739,672
1739,686
1739,699
1739,713
1739,727
1739,74
1739,755
1739,768
1739,782
1739,798
1739,813
1739,828
1739,842
1739,858
1739,873
1739,888
1739,903
1739,919
1739,934
1739,949
1739,964
1739,98
1740,003
1740,023
1740,042
1740,058
1740,073
1740,089
1740,105
1740,121
1740,221
1740,232
1740,242
1740,255
1740,267
1740,286
1740,297
1740,31
1740,325
1740,339
1740,353
1740,367
1740,382
1740,402
1740,421
1740,435
1740,449
1740,462
1740,479
1740,493
1740,508
1740,522
1740,535
1740,548
1740,561
1740,575
1740,587
1740,6
1740,612
1740,625
1740,639
1740,652
1740,666
1740,679
1740,693
1740,708
1740,722
1740,736
1740,748
1740,762
1740,775
1740,789
1740,803
1740,817
1740,828
1740,842
1740,856
1740,871
1740,886
1740,9
1740,914
1740,929
1740,944
1740,96
1740,976
1740,99
1741,005
1741,02
1741,034
1741,049
1741,064
1741,079
1741,094
1741,108
1741,124
1741,14
1741,157
1741,173
1741,189
1741,206
1741,22
1741,235
1741,248
1741,263
1741,278
1741,294
1741,309
1741,324
1741,338
1741,352
1741,365
1741,38
1741,394
1741,408
1741,422
1741,436
1741,45
1741,465
1741,481
1741,496
1741,512
1741,528
1741,544
1741,563
1741,579
1741,595
1741,612
1741,627
1741,643
1741,658
1741,675
1741,691
1741,707
1741,724
1741,741
1741,757
1741,774
1741,791
1741,808
1741,824
1741,84
1741,856
1741,87
1741,885
1741,901
1741,916
1741,93
1741,946
1741,962
1741,976
1741,991
1742,005
1742,019
1742,034
1742,046
1742,061
1742,075
1742,089
1742,104
1742,12
1742,134
1742,15
1742,163
1742,176
1742,191
1742,205
1742,22
1742,235
1742,249
1742,262
1742,275
1742,288
1742,301
1742,312
1742,327
1742,342
1742,356
1742,368
1742,383
1742,397
1742,411
1742,427
1742,442
1742,455
1742,467
1742,481
1742,494
1742,508
1742,521
1742,535
1742,548
1742,561
1742,575
1742,589
1742,603
1742,617
1742,63
1742,646
1742,662
1742,678
1742,693
1742,708
1742,724
1742,74
1742,755
1742,77
1742,786
1742,802
1742,818
1742,833
1742,848
1742,863
1742,879
1742,894
1742,909
1742,925
1742,94
1742,954
1742,968
1742,981
1742,996
1743,01
1743,024
1743,039
1743,052
1743,066
1743,08
1743,094
1743,108
1743,123
1743,137
1743,151
1743,166
1743,181
1743,194
1743,208
1743,222
1743,236
1743,252
1743,266
1743,28
1743,295
1743,309
1743,324
1743,338
1743,352
1743,365
1743,38
1743,395
1743,411
1743,426
1743,44
1743,457
1743,472
1743,487
1743,503
1743,519
1743,535
1743,551
1743,567
1743,582
1743,6
1743,617
1743,633
1743,65
1743,665
1743,682
1743,699
1743,715
1743,732
1743,747
1743,763
1743,779
1743,795
1743,811
1743,828
1743,844
1743,861
1743,877
1743,894
1743,91
1743,927
1743,944
1743,96
1743,975
1743,99
1744,004
1744,018
1744,032
1744,047
1744,061
1744,075
1744,089
1744,102
1744,116
1744,13
1744,144
1744,159
1744,174
1744,188
1744,203
1744,216
1744,229
1744,243
1744,258
1744,273
1744,287
1744,301
1744,317
1744,331
1744,346
1744,361
1744,376
1744,391
1744,407
1744,424
1744,439
1744,455
1744,471
1744,487
1744,502
1744,516
1744,529
1744,543
1744,557
1744,572
1744,585
1744,6
1744,613
5546,945
5546,97
5546,988
5547,006
5547,024
5547,043
5547,062
5547,081
5547,099
5547,117
5547,134
5547,152
5547,169
5547,187
5547,205
5547,222
5547,239
5547,257
5547,273
5547,291
5547,308
5547,325
5547,343
5547,36
5547,378
5547,397
5547,415
5547,433
5547,45
5547,468
5547,487
5547,506
5547,523
5547,542
5547,561
5547,58
5547,598
5547,616
5547,634
5547,652
5547,67
5547,688
5547,705
5547,723
5547,74
5547,758
5547,776
5547,792
5547,81
5547,828
5547,846
5547,867
5547,885
5547,904
5547,921
5547,939
5547,957
5547,975
5547,994
5548,011
5548,029
5548,047
5548,066
5548,084
5548,104
5548,122
5548,141
5548,16
5548,179
5548,199
5548,218
5548,237
5548,257
5548,276
5548,296
5548,314
5548,333
5548,353
5548,372
5548,392
5548,411
5548,43
5548,45
5548,468
5548,488
5548,509
5548,528
5548,548
5548,566
5548,585
5548,603
5548,619
5548,64
5548,66
5548,68
5548,698
5548,718
5548,738
5548,758
5548,776
5548,796
5548,817
5548,836
5548,856
5548,876
5548,895
5548,913
5548,931
5548,95
5548,97
5548,989
5549,009
5549,027
5549,045
5549,064
5549,084
5549,103
5549,122
5549,142
5549,16
5549,18
5549,198
5549,223
5549,241
5549,259
5549,278
5549,296
5549,317
5549,335
5549,354
5549,372
5549,39
5549,408
5549,427
5549,447
5549,468
5549,487
5549,505
5549,525
5549,543
5549,562
5549,581
5549,602
5549,62
5549,638
5549,657
5549,675
5549,694
5549,711
5549,729
5549,749
5549,768
5549,786
5549,806
5549,824
5549,842
5549,861
5549,879
5549,898
5549,915
5549,935
5549,953
5549,97
5549,989
5550,007
5550,026
5550,046
5550,064
5550,081
5550,101
5550,12
5550,138
5550,156
5550,173
5550,191
5550,209
5550,226
5550,244
5550,264
5550,281
5550,298
5550,315
5550,334
5550,353
5550,371
5550,389
5550,407
5550,424
5550,442
5550,461
5550,478
5550,496
5550,516
5550,534
5550,552
5550,57
5550,588
5550,606
5550,625
5550,642
5550,658
5550,676
5550,694
5550,712
5550,729
5550,747
5550,766
5550,783
5550,801
5550,818
5550,835
5550,854
5550,871
5550,889
5550,907
5550,924
5550,939
5550,957
5550,974
5550,992
5551,008
5551,026
5551,044
5551,062
5551,079
5551,096
5551,112
5551,129
5551,146
5551,166
5551,182
5551,198
5551,215
5551,23
5551,247
5551,263
5551,28
5551,296
5551,313
5551,331
5551,347
5551,365
5551,383
5551,401
5551,42
5551,438
5551,456
5551,475
5551,494
5551,513
5551,531
5551,548
5551,566
5551,585
5551,604
5551,622
5551,641
5551,658
5551,677
5551,697
5551,714
5551,73
5551,749
5551,766
5551,784
5551,803
5551,821
5551,84
5551,856
5551,875
5551,892
5551,909
5551,928
5551,946
5551,964
5551,982
5552,001
5552,018
5552,038
5552,056
5552,073
5552,09
5552,109
5552,127
5552,146
5552,163
5552,181
5552,201
5552,219
5552,236
5552,258
5552,274
5552,291
5552,309
5552,325
5552,341
5552,358
5552,375
5552,391
5552,409
5552,424
5552,442
5552,458
5552,475
5552,494
5552,511
5552,527
5552,543
5552,562
5552,58
5552,599
5552,615
5552,634
5552,651
5552,669
5552,688
5552,705
5552,723
5552,742
5552,76
5552,778
5552,795
5552,812
5552,829
5552,847
5552,864
5552,882
5552,898
5552,916
5552,934
5552,951
5552,966
5552,982
5552,999
5553,016
5553,034
5553,051
5553,068
5553,085
5553,103
5553,12
5553,137
5553,155
5553,173
5553,19
5553,209
5553,228
5553,246
5553,265
5553,284
5553,302
5553,32
5553,337
5553,355
5553,373
5553,391
5553,41
5553,429
5553,448
5553,467
5553,485
5553,504
5553,522
5553,54
5553,558
5553,575
5553,592
5553,609
5553,627
5553,646
5553,662
5553,678
5553,697
5553,716
5553,733
5553,751
5553,768
5553,787
5553,804
5553,821
5553,839
5553,858
5553,875
5553,892
5553,909
5553,927
5553,944
5553,962
5553,981
5553,998
5554,017
5554,036
5554,054
5554,073
5554,091
5554,108
5554,126
5554,143
5554,161
5554,178
5554,195
5554,212
5554,231
5554,246
5554,264
5554,284
5554,302
5554,319
5554,337
5554,354
5554,373
5554,391
5554,409
5554,426
5554,444
5554,46
5554,478
5554,495
5554,513
5554,529
5554,547
5554,565
5554,584
5554,602
5554,62
5554,637
5554,656
5554,672
5554,689
5554,707
5554,725
5554,744
5554,763
5554,78
5554,798
5554,815
5554,834
5554,852
5554,87
5554,888
5554,905
5554,923
5554,94
5554,956
5554,972
5554,989
5555,006
5555,024
5555,042
5555,059
5555,076
5555,093
5555,11
5555,128
5555,146
5555,163
5555,178
5555,195
5555,211
5555,228
5555,245
5555,261
5555,279
5555,295
5555,312
5555,329
5555,347
5555,366
5555,384
5555,402
5555,42
5555,437
5555,454
5555,472
5555,488
5555,506
5555,524
5555,542
5555,559
5555,577
5555,594
5555,612
5555,629
5555,646
5555,664
5555,682
5555,699
5555,716
5555,733
5555,75
5555,768
5555,783
5555,801
5555,82
5555,837
5555,856
5555,875
5555,893
5555,91
5555,927
5555,944
5555,962
5555,98
5555,997
5556,015
5556,034
5556,051
5556,069
5556,087
5556,104
5556,123
5556,14
5556,157
5556,174
5556,191
5556,207
5556,225
5556,243
5556,261
5556,278
5556,296
5556,313
5556,33
5556,349
5556,368
5556,385
5556,403
5556,42
5556,438
5556,457
5556,474
5556,492
5556,51
5556,528
5556,545
5556,563
5556,581
5556,599
5556,699
5556,714
5556,728
5556,744
5556,759
5556,776
5556,789
5556,813
5556,83
5556,847
5556,865
5556,883
5556,901
5556,918
5556,936
5556,953
5556,97
5556,987
5557,003
5557,021
5557,037
5557,057
5557,075
5557,093
5557,113
5557,13
5557,15
5557,167
5557,185
5557,204
5557,223
5557,24
5557,258
5557,275
5557,293
5557,311
5557,33
5557,347
5557,364
5557,383
5557,4
5557,417
5557,434
5557,451
5557,468
5557,485
5557,503
5557,521
5557,539
5557,557
5557,574
5557,591
5557,609
5557,628
5557,646
5557,665
5557,682
5557,7
5557,718
5557,735
5557,752
5557,771
5557,788
5557,805
5557,823
5557,84
5557,857
5557,874
5557,892
5557,909
5557,927
5557,944
5557,962
5557,98
5557,998
5558,017
5558,036
5558,053
5558,072
5558,09
5558,108
5558,125
5558,144
5558,162
5558,18
5558,198
5558,216
5558,234
5558,252
5558,27
5558,288
5558,306
5558,324
5558,341
5558,359
5558,377
5558,393
5558,41
5558,43
5558,448
5558,466
5558,483
5558,501
5558,517
5558,536
5558,554
5558,571
5558,589
5558,606
5558,625
5558,641
5558,657
5558,67
5558,687
5558,706
5558,721
5558,737
5558,752
5558,771
5558,79
5558,808
5558,825
5558,843
5558,86
5558,877
5558,894
5558,91
5558,925
5558,942
5558,959
5558,976
5558,992
5559,009
5559,024
5559,042
5559,059
5559,077
5559,094
5559,112
5559,13
5559,147
5559,165
5559,183
5559,199
5559,218
5559,235
5559,253
5559,273
5559,292
5559,311
5559,328
5559,344
5559,362
5559,381
5559,399
5559,417
5559,436
5559,453
5559,471
5559,489
5559,508
5559,524
5559,542
5559,56
5559,577
5559,593
5559,613
5559,631
5559,65
5559,667
5559,685
5559,702
5559,718
5559,735
5559,753
5559,771
5559,789
5559,805
5559,824
5559,843
5559,861
5559,877
5559,896
5559,914
5559,931
5559,949
5559,967
5559,984
5560
5560,018
5560,036
5560,054
5560,07
5560,089
5560,108
5560,127
5560,146
5560,166
5560,187
5560,204
5560,222
5560,24
5560,258
5560,276
5560,297
5560,316
5560,334
5560,354
5560,374
5560,392
5560,41
5560,428
5560,446
5560,463
5560,482
5560,5
5560,519
5560,537
5560,554
5560,577
5560,594
5560,612
5560,628
5560,646
5560,663
5560,68
5560,698
5560,716
5560,733
5560,75
5560,767
5560,783
5560,8
5560,817
5560,834
5560,852
5560,867
5560,883
5560,9
5560,917
5560,933
5560,95
5560,966
5560,981
5560,996
5561,013
5561,03
5561,046
5561,065
5561,083
5561,1
5561,117
5561,134
5561,151
5561,171
5561,19
5561,207
5561,224
5561,242
5561,26
5561,277
5561,294
5561,312
5561,328
5561,347
5561,364
5561,383
5561,401
5561,42
5561,438
5561,456
5561,474
5561,492
5561,512
5561,529
5561,547
5561,564
5561,581
5561,599
5561,617
5561,633
5561,651
5561,669
5561,687
5561,703
5561,721
5561,738
5561,755
5561,772
5561,789
5561,807
5561,826
5561,844
5561,862
5561,881
5561,899
5561,918
5561,936
5561,954
5561,971
5561,989
5562,006
5562,025
5562,043
5562,061
5562,08
5562,097
5562,116
5562,135
5562,151
5562,17
5562,189
5562,207
5562,226
5562,244
5562,261
5562,279
5562,297
5562,315
5562,333
5562,351
5562,366
5562,384
5562,402
5562,418
5562,437
5562,457
5562,474
5562,493
5562,511
5562,53
5562,547
5562,564
5562,582
5562,599
5562,617
5562,634
5562,651
5562,668
5562,685
5562,702
5562,718
5562,735
5562,752
5562,768
5562,784
5562,8
5562,816
5562,832
5562,848
5562,864
5562,881
5562,896
5562,912
5562,93
5562,947
5562,962
5562,979
5562,995
5563,012
5563,029
5563,046
5563,063
5563,081
5563,098
5563,115
5563,132
5563,149
5563,167
5563,186
5563,204
5563,222
5563,241
5563,259
5563,276
5563,295
5563,312
5563,33
5563,347
5563,363
5563,38
5563,398
5563,415
5563,432
5563,449
5563,465
5563,483
5563,5
5563,518
5563,535
5563,553
5563,57
5563,588
5563,609
5563,625
5563,643
5563,66
5563,678
5563,696
5563,714
5563,733
5563,749
5563,766
5563,785
5563,802
5563,818
5563,836
5563,853
5563,871
5563,888
5563,906
5563,923
5563,941
5563,959
5563,976
5563,994
5564,009
5564,026
5564,043
5564,06
5564,078
5564,096
5564,114
5564,133
5564,151
5564,17
5564,188
5564,206
5564,224
5564,242
5564,259
5564,275
5564,292
5564,31
5564,327
5564,345
5564,362
5564,379
5564,397
5564,415
5564,432
5564,45
5564,467
5564,484
5564,502
5564,521
5564,537
5564,553
5564,574
5564,593
5564,61
5564,629
5564,648
5564,665
5564,681
5564,697
5564,714
5564,731
5564,748
5564,765
5564,781
5564,797
5564,813
5564,831
5564,848
5564,864
5564,88
5564,897
5564,914
5564,929
5564,945
5564,961
5564,978
5564,997
5565,013
5565,029
5565,047
5565,064
5565,083
5565,101
5565,118
5565,137
5565,154
5565,171
5565,189
5565,207
5565,225
5565,243
5565,261
5565,278
5565,295
5565,313
5565,33
5565,346
5565,364
5565,381
5565,398
5565,415
5565,433
5565,451
5565,469
5565,487
5565,503
5565,522
5565,541
5565,558
5565,576
5565,593
5565,611
5565,63
5565,646
5565,665
5565,683
5565,7
5565,718
5565,734
5565,752
5565,771
5565,79
5565,807
5565,825
5565,842
5565,859
5565,877
5565,895
5565,911
5565,929
5565,946
5565,964
5565,983
5566,001
5566,018
5566,036
5566,053
5566,069
5566,086
5566,103
5566,12
5566,137
5566,154
5566,173
5566,189
5566,207
5566,223
5566,24
5566,258
5566,277
5566,296
5566,313
5566,332
5566,349
5566,367
5566,383
5566,401
5566,418
5566,436
5566,453
5566,47
5566,486
5566,505
5566,523
5566,541
5566,56
5566,579
5566,598
5566,616
5566,632
5566,646
5566,662
5566,678
5566,695
5566,712
5566,729
5566,747
5566,761
5566,778
5566,793
5566,81
5566,827
5566,844
5566,86
5566,877
5566,894
5566,912
5566,929
5566,946
5566,962
5566,979
5566,996
5567,013
5567,03
5567,049
5567,066
5567,085
5567,105
5567,125
5567,141
5567,158
5567,175
5567,193
5567,212
5567,232
5567,25
5567,268
5567,286
5567,305
5567,322
5567,339
5567,357
5567,375
5567,392
5567,41
5567,427
5567,445
5567,462
5567,48
5567,499
5567,516
5567,534
5567,554
5567,572
5567,592
5567,611
5567,627
5567,643
5567,661
5567,68
5567,698
5567,716
5567,734
5567,752
5567,773
5567,79
5567,807
5567,825
5567,842
5567,86
5567,878
5567,895
5567,913
5567,932
5567,95
5567,968
5567,987
5568,004
5568,022
5568,042
5568,059
5568,078
5568,095
5568,112
5568,13
5568,147
5568,165
5568,184
5568,202
5568,218
5568,236
5568,252
5568,272
5568,29
5568,308
5568,325
5568,343
5568,361
5568,378
5568,398
5568,415
5568,432
5568,451
5568,468
5568,487
5568,504
5568,522
5568,54
5568,558
5568,574
5568,592
5568,61
5568,629
5568,645
5568,662
5568,679
5568,695
5568,711
5568,73
5568,748
5568,766
5568,782
5568,799
5568,817
5568,837
5568,854
5568,871
5568,889
5568,907
5568,924
5568,942
5568,959
5568,975
5568,992
5569,009
5569,026
5569,043
5569,06
5569,077
5569,095
5569,112
5569,13
5569,147
5569,165
5569,181
5569,199
5569,215
5569,232
5569,25
5569,266
5569,284
5569,301
5569,318
5569,336
5569,354
5569,372
5569,389
5569,406
5569,424
5569,441
5569,459
5569,476
5569,495
5569,514
5569,535
5569,555
5569,574
5569,593
5569,612
5569,63
5569,649
5569,667
5569,687
5569,708
5569,727
5569,746
5569,764
5569,782
5569,8
5569,817
5569,835
5569,852
5569,87
5569,888
5569,907
5569,924
5569,942
5569,96
5569,977
5569,995
5570,013
5570,031
5570,048
5570,066
5570,084
5570,104
5570,122
5570,14
5570,157
5570,174
5570,191
5570,209
5570,228
5570,246
5570,264
5570,281
5570,3
5570,317
5570,334
5570,352
5570,37
5570,388
5570,408
5570,425
5570,443
5570,461
5570,479
5570,497
5570,516
5570,533
5570,554
5570,571
5570,589
5570,607
5570,625
5570,64
5570,658
5570,675
5570,691
5570,709
5570,725
5570,741
5570,757
5570,773
5570,79
5570,806
5570,823
5570,84
5570,857
5570,875
5570,892
5570,91
5570,928
5570,946
5570,964
5570,981
5570,999
5571,018
5571,034
5571,053
5571,072
5571,088
5571,107
5571,124
5571,142
5571,16
5571,177
5571,195
5571,213
5571,232
5571,25
5571,268
5571,286
5571,303
5571,322
5571,339
5571,357
5571,374
5571,393
5571,412
5571,429
5571,448
5571,467
5571,485
5571,503
5571,521
5571,541
5571,559
5571,576
5571,595
5571,613
5571,63
5571,647
5571,665
5571,683
5571,702
5571,72
5571,738
5571,754
5571,773
5571,791
5571,808
5571,825
5571,842
5571,859
5571,876
5571,894
5571,911
5571,928
5571,945
5571,963
5571,98
5571,999
5572,017
5572,038
5572,056
5572,074
5572,092
5572,112
5572,129
5572,147
5572,165
5572,181
5572,199
5572,217
5572,235
5572,253
5572,271
5572,288
5572,307
5572,324
5572,341
5572,359
5572,375
5572,393
5572,411
5572,428
5572,445
5572,464
5572,481
5572,499
5572,518
5572,536
5572,554
5572,572
5572,59
5572,607
5572,625
5572,643
5572,66
5572,678
5572,695
5572,713
5572,731
5572,749
5572,765
5572,782
5572,798
5572,814
5572,831
5572,847
5572,864
5572,881
5572,897
5572,913
5572,929
5572,945
5572,961
5572,978
5572,995
5573,012
5573,028
5573,046
5573,063
5573,082
5573,099
5573,117
5573,135
5573,155
5573,172
5573,19
5573,208
5573,225
5573,242
5573,259
5573,277
5573,295
5573,311
5573,33
5573,348
5573,365
5573,383
5573,399
5573,416
5573,435
5573,453
5573,47
5573,488
5573,503
5573,521
5573,539
5573,558
5573,576
5573,596
5573,614
5573,631
5573,649
5573,667
5573,685
5573,703
5573,722
5573,74
5573,759
5573,775
5573,792
5573,81
5573,828
5573,845
5573,862
5573,88
5573,898
5573,916
5573,934
5573,953
5573,97
5573,987
5574,005
5574,023
5574,041
5574,059
5574,075
5574,092
5574,111
5574,128
5574,147
5574,166
5574,183
5574,201
5574,22
5574,24
5574,258
5574,277
5574,295
5574,312
5574,33
5574,347
5574,364
5574,381
5574,399
5574,416
5574,435
5574,452
5574,469
5574,487
5574,504
5574,522
5574,54
5574,557
5574,575
5574,591
5574,608
5574,625
5574,644
5574,66
5574,676
5574,695
5574,713
5574,73
5574,747
5574,764
5574,781
5574,797
5574,815
5574,831
5574,847
5574,863
5574,881
5574,897
5574,913
5574,931
5574,948
5574,965
5574,982
5574,999
5575,018
5575,035
5575,053
5575,07
5575,089
5575,106
5575,124
5575,142
5575,159
5575,175
5575,194
5575,212
5575,229
5575,248
5575,267
5575,284
5575,302
5575,32
5575,338
5575,356
5575,373
5575,389
5575,406
5575,424
5575,441
5575,458
5575,476
5575,494
5575,513
5575,531
5575,551
5575,569
5575,588
5575,607
5575,625
5575,642
5575,661
5575,679
5575,698
5575,715
5575,733
5575,751
5575,769
5575,786
5575,805
5575,824
5575,842
5575,858
5575,875
5575,893
5575,909
5575,927
5575,944
5575,962
5575,98
5575,997
5576,014
5576,032
5576,049
5576,066
5576,083
5576,101
5576,118
5576,136
5576,154
5576,173
5576,19
5576,207
5576,223
5576,242
5576,259
5576,276
5576,296
5576,313
5576,331
5576,35
5576,367
5576,384
5576,401
5576,42
5576,438
5576,456
5576,474
5576,491
5576,508
5576,526
5576,542
5576,559
5576,577
5576,595
5576,612
5576,63
5576,646
5576,662
5576,68
5576,695
5576,713
5576,729
5576,747
5576,766
5576,782
5576,798
5576,814
5576,831
5576,847
5576,863
5576,879
5576,894
5576,91
5576,929
5576,944
5576,96
5576,977
5576,993
5577,01
5577,026
5577,043
5577,06
5577,077
5577,095
5577,111
5577,129
5577,147
5577,165
5577,182
5577,199
5577,216
5577,232
5577,249
5577,265
5577,283
5577,302
5577,321
5577,339
5577,355
5577,372
5577,39
5577,407
5577,425
5577,442
5577,46
5577,478
5577,497
5577,515
5577,532
5577,551
5577,568
5577,587
5577,607
5577,625
5577,642
5577,66
5577,677
5577,694
5577,714
5577,734
5577,752
5577,771
5577,788
5577,806
5577,825
5577,843
5577,863
5577,881
5577,902
5577,921
5577,939
5577,958
5577,976
5577,996
5578,015
5578,034
5578,054
5578,071
5578,089
5578,109
5578,127
5578,146
5578,165
5578,182
5578,2
5578,218
5578,236
5578,253
5578,271
5578,288
5578,306
5578,323
5578,341
5578,361
5578,38
5578,396
5578,414
5578,433
5578,453
5578,473
5578,491
5578,511
5578,528
5578,546
5578,565
5578,583
5578,602
5578,622
5578,642
5578,66
5578,678
5578,698
5578,715
5578,733
5578,749
5578,767
5578,782
5578,799
5578,814
5578,83
5578,845
5578,863
5578,88
5578,898
5578,913
5578,929
5578,946
5578,963
5578,979
5578,994
5579,01
5579,026
5579,043
5579,06
5579,077
5579,093
5579,108
5579,125
5579,142
5579,16
5579,177
5579,194
5579,212
5579,229
5579,249
5579,265
5579,282
5579,299
5579,317
5579,335
5579,353
5579,369
5579,387
5579,405
5579,421
5579,44
5579,458
5579,475
5579,492
