130,7669;        1319,288
130,7967;        1319,306
130,8523;        1319,324
130,9184;        1319,344
130,9794;        1319,362
130,9994;        1319,38
131,0228;        1319,398
131,0385;        1319,417
131,0219;        1319,436
131,0054;        1319,455
130,9778;        1319,474
130,9878;        1319,492
130,9951;        1319,51
130,9911;        1319,529
130,96;        1319,548
130,9097;        1319,566
130,8533;        1319,585
130,8428;        1319,602
130,8593;        1319,621
130,8512;        1319,64
130,849;        1319,659
130,8331;        1319,677
130,8057;        1319,696
130,7275;        1319,715
130,6385;        1319,733
130,5673;        1319,754
130,5397;        1319,773
130,5311;        1319,792
130,5287;        1319,81
130,5803;        1319,829
130,6553;        1319,849
130,7169;        1319,867
130,7499;        1319,886
130,767;        1319,905
130,7625;        1319,922
130,7556;        1319,943
130,7198;        1319,963
130,7;        1319,982
130,6871;        1320,001
130,7585;        1320,022
130,7623;        1320,04
130,7786;        1320,059
130,8043;        1320,078
130,832;        1320,098
130,8391;        1320,117
130,8322;        1320,137
130,8275;        1320,156
130,8506;        1320,176
130,8788;        1320,195
130,8961;        1320,214
130,9114;        1320,233
130,925;        1320,251
130,9434;        1320,271
130,9783;        1320,289
131,0078;        1320,308
131,0589;        1320,327
131,11;        1320,346
131,1407;        1320,366
131,091;        1320,386
131,0449;        1320,405
131,0497;        1320,423
131,0918;        1320,442
131,0418;        1320,459
131,0029;        1320,48
130,9488;        1320,499
130,8529;        1320,52
130,7701;        1320,54
130,6626;        1320,558
130,5185;        1320,577
130,3547;        1320,595
130,1619;        1320,614
129,9645;        1320,631
129,7422;        1320,651
129,5171;        1320,67
129,356;        1320,689
129,2206;        1320,707
129,0511;        1320,726
129,0962;        1320,743
128,9619;        1320,761
128,8158;        1320,781
128,7301;        1320,8
128,5713;        1320,82
128,4017;        1320,838
128,3189;        1320,857
128,2785;        1320,875
128,2396;        1320,894
128,2558;        1320,914
128,3237;        1320,933
128,4054;        1320,952
128,5382;        1320,972
128,9306;        1320,99
129,6086;        1321,009
130,2181;        1321,027
130,3627;        1321,045
130,0977;        1321,063
129,4928;        1321,082
129,0318;        1321,1
127,5297;        1321,121
127,0209;        1321,139
126,0086;        1321,157
125,0748;        1321,174
124,324;        1321,193
123,4548;        1321,211
123,0407;        1321,228
122,2529;        1321,248
121,6039;        1321,266
121,1097;        1321,284
120,8066;        1321,302
120,6842;        1321,32
120,5382;        1321,338
120,4558;        1321,355
120,4;        1321,372
120,4141;        1321,389
120,367;        1321,407
120,3006;        1321,426
120,1294;        1321,444
119,8144;        1321,463
119,0428;        1321,482
117,9521;        1321,499
116,7678;        1321,518
115,5167;        1321,538
114,163;        1321,558
112,7514;        1321,577
111,5827;        1321,595
110,2704;        1321,614
108,9563;        1321,633
107,6019;        1321,651
106,9026;        1321,669
105,6865;        1321,687
104,8161;        1321,706
104,1226;        1321,724
103,4965;        1321,744
102,9614;        1321,762
102,7742;        1321,78
102,5437;        1321,799
102,4901;        1321,817
102,6355;        1321,834
103,0459;        1321,852
103,3703;        1321,87
104,2878;        1321,888
105,5505;        1321,906
107,0021;        1321,925
108,5116;        1321,943
110,1322;        1321,962
111,0051;        1321,981
112,5544;        1321,999
114,4802;        1322,016
116,4467;        1322,034
118,2045;        1322,052
118,958;        1322,069
120,5484;        1322,088
122,1385;        1322,105
123,7205;        1322,123
124,5658;        1322,14
126,1303;        1322,158
127,5771;        1322,176
128,6963;        1322,194
129,7407;        1322,212
130,6437;        1322,23
130,9054;        1322,249
131,187;        1322,267
130,9542;        1322,286
130,6756;        1322,305
130,5055;        1322,322
130,5548;        1322,34
130,6349;        1322,357
130,0601;        1322,375
129,8975;        1322,391
129,8576;        1322,409
129,9501;        1322,426
129,9135;        1322,441
129,6927;        1322,457
129,6174;        1322,474
129,6475;        1322,491
129,5859;        1322,51
129,4752;        1322,528
129,4696;        1322,546
129,4659;        1322,563
129,4649;        1322,581
129,4115;        1322,599
129,3898;        1322,617
129,3383;        1322,635
129,312;        1322,653
129,3339;        1322,671
129,3495;        1322,688
129,3695;        1322,705
129,3712;        1322,721
129,3885;        1322,738
129,3984;        1322,755
129,4033;        1322,772
129,389;        1322,789
129,3511;        1322,807
129,3059;        1322,823
129,2705;        1322,841
129,2396;        1322,859
129,1935;        1322,877
129,166;        1322,895
129,1301;        1322,912
129,1068;        1322,929
129,0968;        1322,948
129,1056;        1322,965
129,1136;        1322,981
129,1077;        1322,999
129,1315;        1323,016
129,1507;        1323,034
129,1471;        1323,051
129,1475;        1323,069
129,1345;        1323,089
129,1322;        1323,108
129,1062;        1323,125
129,0715;        1323,143
129,0647;        1323,162
129,0525;        1323,18
129,0537;        1323,201
129,0629;        1323,219
129,0592;        1323,238
129,0544;        1323,257
129,0832;        1323,276
129,0861;        1323,295
129,0799;        1323,314
129,0686;        1323,332
129,0586;        1323,35
129,056;        1323,368
129,0544;        1323,385
129,0533;        1323,402
129,063;        1323,42
129,0539;        1323,438
129,0241;        1323,456
128,9853;        1323,473
128,951;        1323,49
128,9117;        1323,509
128,8964;        1323,527
128,8733;        1323,544
128,8538;        1323,562
128,8622;        1323,58
128,8529;        1323,599
128,8374;        1323,618
128,8478;        1323,635
128,8159;        1323,653
128,7953;        1323,671
128,7714;        1323,689
128,7364;        1323,706
128,7253;        1323,724
128,6924;        1323,742
128,6758;        1323,76
128,6423;        1323,777
128,6044;        1323,796
128,5525;        1323,814
128,5216;        1323,833
128,5365;        1323,851
128,5385;        1323,871
128,5411;        1323,889
128,5158;        1323,907
128,4998;        1323,926
128,5308;        1323,945
128,6615;        1323,965
128,8801;        1323,983
128,9162;        1324,002
129,6549;        1324,022
129,7071;        1324,041
130,1181;        1324,06
130,6754;        1324,077
131,0542;        1324,096
130,8788;        1324,114
130,1593;        1324,134
129,0342;        1324,154
127,8839;        1324,173
126,4261;        1324,193
124,711;        1324,211
123,7112;        1324,229
121,5066;        1324,248
119,1949;        1324,267
116,7891;        1324,288
114,3169;        1324,307
111,8146;        1324,326
109,5176;        1324,344
107,5038;        1324,363
105,7143;        1324,383
103,619;        1324,403
101,7669;        1324,422
100,1164;        1324,442
98,69221;        1324,461
98,03345;        1324,479
96,60906;        1324,498
94,98723;        1324,517
93,37809;        1324,537
92,06252;        1324,558
90,90421;        1324,576
89,53845;        1324,595
88,27204;        1324,614
87,06821;        1324,634
85,65892;        1324,655
84,21078;        1324,676
82,70322;        1324,694
80,78104;        1324,713
78,53119;        1324,732
76,13609;        1324,75
74,78349;        1324,768
72,66033;        1324,787
70,31716;        1324,806
68,08341;        1324,825
65,95106;        1324,844
63,67247;        1324,863
61,3609;        1324,882
59,93583;        1324,9
57,75582;        1324,918
56,15481;        1324,936
54,49196;        1324,954
52,77748;        1324,973
51,04306;        1324,99
50,06549;        1325,009
48,49154;        1325,028
47,29944;        1325,047
46,18787;        1325,066
45,0444;        1325,084
44,12711;        1325,105
43,14724;        1325,124
42,40558;        1325,142
41,66298;        1325,162
41,26874;        1325,18
40,6261;        1325,198
40,2137;        1325,217
40,00463;        1325,239
39,9587;        1325,257
39,99046;        1325,276
40,01417;        1325,295
40,0768;        1325,314
40,24137;        1325,333
40,46075;        1325,352
40,65645;        1325,371
40,79285;        1325,39
41,01023;        1325,41
41,16171;        1325,428
41,25278;        1325,447
41,47936;        1325,491
41,62794;        1325,515
41,58062;        1325,535
41,45547;        1325,555
41,32904;        1325,573
41,26848;        1325,593
41,25058;        1325,611
41,26486;        1325,63
41,17767;        1325,647
41,0694;        1325,665
41,07392;        1325,685
41,09029;        1325,704
41,06705;        1325,723
41,10612;        1325,741
41,1127;        1325,758
41,16488;        1325,778
41,23536;        1325,796
41,26859;        1325,815
41,27694;        1325,834
41,30492;        1325,854
41,3391;        1325,873
41,35683;        1325,893
41,36306;        1325,912
41,31682;        1325,93
41,28781;        1325,949
41,23996;        1325,968
41,19658;        1325,986
41,131;        1326,004
41,09108;        1326,023
41,13713;        1326,041
41,14379;        1326,059
41,18163;        1326,077
41,23122;        1326,095
41,27554;        1326,112
41,29938;        1326,131
41,35403;        1326,149
41,42243;        1326,167
41,54354;        1326,185
41,67672;        1326,203
41,72788;        1326,22
41,85524;        1326,237
41,96255;        1326,256
42,079;        1326,274
42,19748;        1326,292
42,35693;        1326,311
42,4747;        1326,329
42,59925;        1326,349
42,62946;        1326,367
42,71401;        1326,383
42,91277;        1326,401
43,00355;        1326,418
43,24475;        1326,433
43,35189;        1326,449
43,64868;        1326,466
44,04088;        1326,482
44,27812;        1326,5
44,7994;        1326,517
45,44241;        1326,533
45,89321;        1326,549
46,634;        1326,566
47,54881;        1326,585
48,43719;        1326,602
49,08855;        1326,619
50,36975;        1326,636
51,81786;        1326,655
53,37997;        1326,672
54,33779;        1326,689
56,17159;        1326,706
58,20399;        1326,723
60,29528;        1326,741
61,73664;        1326,757
64,31372;        1326,774
67,32301;        1326,79
68,84705;        1326,808
71,14687;        1326,827
73,95287;        1326,846
77,48751;        1326,866
81,20106;        1326,889
85,3032;        1326,911
87,35735;        1326,932
89,76542;        1326,953
92,38591;        1326,974
95,37244;        1326,996
97,65605;        1327,015
99,74111;        1327,033
100,9615;        1327,05
103,8008;        1327,068
106,568;        1327,086
108,824;        1327,103
109,8068;        1327,12
111,7311;        1327,139
113,6947;        1327,156
115,6357;        1327,173
117,8239;        1327,191
118,7695;        1327,209
120,5597;        1327,226
122,4322;        1327,244
124,2829;        1327,262
125,0087;        1327,28
126,349;        1327,297
127,5717;        1327,314
128,7111;        1327,332
129,1166;        1327,349
129,989;        1327,366
130,9889;        1327,383
131,7589;        1327,401
131,6901;        1327,418
131,1257;        1327,436
130,3509;        1327,454
130,0882;        1327,472
130,1081;        1327,49
129,9654;        1327,508
130,007;        1327,526
129,9748;        1327,545
129,9644;        1327,562
129,7056;        1327,578
129,5825;        1327,597
129,6429;        1327,614
129,6971;        1327,632
129,6699;        1327,65
129,6417;        1327,669
129,6412;        1327,689
129,634;        1327,707
129,6105;        1327,725
129,6132;        1327,743
129,6013;        1327,761
129,5723;        1327,779
129,5674;        1327,796
129,6022;        1327,814
129,6398;        1327,832
129,6422;        1327,849
129,6067;        1327,865
129,564;        1327,882
129,5486;        1327,9
129,5269;        1327,918
129,5245;        1327,934
129,5225;        1327,951
129,5368;        1327,971
129,5352;        1327,989
129,5386;        1328,006
129,5473;        1328,023
129,5578;        1328,04
129,5799;        1328,059
129,6053;        1328,078
129,6069;        1328,095
129,5892;        1328,114
129,58;        1328,131
129,5859;        1328,148
129,5931;        1328,166
129,5838;        1328,183
129,5885;        1328,202
129,5943;        1328,219
129,6112;        1328,235
129,6183;        1328,253
129,6074;        1328,271
129,6017;        1328,288
129,5892;        1328,307
129,5897;        1328,326
129,5905;        1328,343
129,5871;        1328,362
129,5761;        1328,38
129,5826;        1328,398
129,5974;        1328,417
129,6037;        1328,435
129,5986;        1328,452
129,6021;        1328,467
129,5902;        1328,483
129,5798;        1328,502
129,5835;        1328,519
129,598;        1328,536
129,6001;        1328,553
129,6004;        1328,569
129,5979;        1328,587
129,6002;        1328,602
129,6047;        1328,617
129,6227;        1328,634
129,6302;        1328,649
129,6842;        1328,665
129,6874;        1328,681
129,839;        1328,697
130,2665;        1328,715
130,8123;        1328,731
131,3229;        1328,749
131,3862;        1328,766
130,817;        1328,782
130,408;        1328,798
129,3664;        1328,815
127,8541;        1328,832
126,9605;        1328,85
125,1746;        1328,868
123,0423;        1328,886
120,7084;        1328,903
118,2462;        1328,921
117,0572;        1328,938
114,7729;        1328,956
112,1081;        1328,973
110,6905;        1328,988
107,7892;        1329,006
106,3157;        1329,024
102,1442;        1329,043
99,55762;        1329,061
98,22713;        1329,078
95,43893;        1329,096
92,73472;        1329,114
89,83045;        1329,132
88,17216;        1329,15
85,62661;        1329,169
82,70394;        1329,187
79,55459;        1329,204
76,5274;        1329,222
75,21111;        1329,239
72,48461;        1329,257
69,85885;        1329,274
67,15658;        1329,291
65,6865;        1329,308
63,07349;        1329,325
60,83448;        1329,343
58,35824;        1329,361
57,3495;        1329,379
54,97918;        1329,396
52,72918;        1329,413
50,92006;        1329,431
50,16652;        1329,449
48,6926;        1329,466
47,06006;        1329,482
46,28788;        1329,499
44,57686;        1329,516
43,59417;        1329,532
42,04916;        1329,55
40,98697;        1329,567
39,67793;        1329,586
38,15351;        1329,604
36,96665;        1329,621
36,21896;        1329,639
35,17635;        1329,656
34,29368;        1329,674
33,53295;        1329,692
33,18568;        1329,709
32,64571;        1329,726
32,21095;        1329,744
31,81887;        1329,761
31,67232;        1329,779
31,44799;        1329,797
31,25941;        1329,815
31,19094;        1329,832
31,18524;        1329,849
32,29457;        1329,949
33,55125;        1329,965
33,78584;        1329,982
33,82322;        1329,996
33,86894;        1330,013
33,92695;        1330,032
33,96742;        1330,052
33,99605;        1330,071
34,04005;        1330,088
34,10756;        1330,104
34,13616;        1330,12
34,20291;        1330,136
34,26241;        1330,152
34,29613;        1330,169
34,33208;        1330,185
34,33208;        1330,201
34,44478;        1330,216
34,49879;        1330,232
34,53467;        1330,249
34,54113;        1330,265
34,5579;        1330,282
34,56721;        1330,298
34,61871;        1330,316
34,65781;        1330,333
34,65223;        1330,35
34,61694;        1330,366
34,61278;        1330,382
34,58684;        1330,4
34,58494;        1330,417
34,61673;        1330,433
34,62752;        1330,452
34,60971;        1330,47
34,62754;        1330,488
34,68195;        1330,506
34,69923;        1330,524
34,73831;        1330,543
34,74352;        1330,562
34,7423;        1330,58
34,77402;        1330,598
34,8126;        1330,615
34,80674;        1330,632
34,83902;        1330,65
34,89795;        1330,668
34,96227;        1330,685
35,09507;        1330,703
35,1303;        1330,721
35,29738;        1330,739
35,52481;        1330,76
35,81448;        1330,778
36,15748;        1330,796
36,49984;        1330,813
36,96832;        1330,832
37,27137;        1330,852
37,95727;        1330,872
38,77457;        1330,891
39,59083;        1330,909
40,44821;        1330,926
41,39446;        1330,945
41,83562;        1330,962
42,88937;        1330,981
44,02313;        1330,999
44,98424;        1331,017
46,02769;        1331,035
47,11096;        1331,053
47,62318;        1331,071
48,73854;        1331,089
50,08852;        1331,106
51,7392;        1331,124
52,46133;        1331,142
54,22041;        1331,16
55,92959;        1331,178
57,77887;        1331,196
58,67685;        1331,213
61,09634;        1331,23
63,62994;        1331,248
66,18178;        1331,265
67,3832;        1331,281
70,14557;        1331,299
73,28033;        1331,316
75,3336;        1331,333
78,79745;        1331,351
82,0257;        1331,37
85,18159;        1331,387
88,0863;        1331,404
89,59005;        1331,422
92,69861;        1331,44
95,84817;        1331,458
99,28409;        1331,476
102,7607;        1331,494
104,4366;        1331,512
107,3287;        1331,53
109,5738;        1331,548
111,7849;        1331,566
114,6943;        1331,584
115,9047;        1331,601
118,7851;        1331,619
120,8289;        1331,635
122,3648;        1331,653
123,162;        1331,671
125,111;        1331,688
127,1231;        1331,706
128,2547;        1331,722
130,1909;        1331,738
132,1989;        1331,755
132,7398;        1331,771
133,0113;        1331,789
133,379;        1331,806
132,7627;        1331,823
132,1341;        1331,84
131,2508;        1331,859
131,0787;        1331,877
131,1351;        1331,895
131,3367;        1331,912
131,9496;        1331,929
131,9805;        1331,947
131,453;        1331,964
131,1953;        1331,984
131,0808;        1332,001
131,1291;        1332,019
131,1487;        1332,036
131,0776;        1332,054
131,0229;        1332,071
130,9747;        1332,089
130,9482;        1332,107
130,9075;        1332,123
130,8842;        1332,138
130,8745;        1332,153
130,8767;        1332,17
130,8758;        1332,186
130,8707;        1332,202
130,8461;        1332,219
130,8071;        1332,235
130,7761;        1332,25
130,7358;        1332,267
130,7297;        1332,282
130,7278;        1332,298
130,7454;        1332,315
130,7375;        1332,333
130,7084;        1332,348
130,6827;        1332,362
130,6258;        1332,377
130,5863;        1332,395
130,5926;        1332,411
130,5801;        1332,43
130,5994;        1332,448
130,6185;        1332,464
130,6223;        1332,482
130,6342;        1332,499
130,6128;        1332,516
130,5959;        1332,533
130,5916;        1332,552
130,5862;        1332,57
130,5958;        1332,588
130,6023;        1332,605
130,6032;        1332,623
130,6116;        1332,642
130,6402;        1332,659
130,6576;        1332,677
130,6645;        1332,696
130,6647;        1332,712
130,661;        1332,729
130,6757;        1332,746
130,681;        1332,763
130,6942;        1332,781
130,6781;        1332,799
130,6489;        1332,816
130,6495;        1332,832
130,6495;        1332,851
130,6355;        1332,868
130,6334;        1332,887
130,652;        1332,905
130,6586;        1332,924
130,6666;        1332,942
130,6737;        1332,961
130,6689;        1332,979
130,6486;        1332,996
130,6259;        1333,013
130,6358;        1333,029
130,6356;        1333,047
130,6348;        1333,064
130,6316;        1333,081
130,6271;        1333,099
130,6373;        1333,116
130,6497;        1333,133
130,6398;        1333,151
130,6184;        1333,168
130,6071;        1333,185
130,5992;        1333,203
130,593;        1333,221
130,604;        1333,238
130,6077;        1333,256
130,6081;        1333,275
130,6078;        1333,292
130,6019;        1333,31
130,5914;        1333,327
130,5857;        1333,347
130,5701;        1333,365
130,5622;        1333,383
130,5466;        1333,4
130,5257;        1333,417
130,5441;        1333,434
130,5599;        1333,452
130,5741;        1333,47
130,5748;        1333,488
130,5749;        1333,506
130,586;        1333,524
130,5885;        1333,541
130,6081;        1333,56
130,6077;        1333,577
130,6016;        1333,594
130,6037;        1333,611
130,6034;        1333,629
130,5958;        1333,646
130,5922;        1333,664
130,5924;        1333,681
130,615;        1333,699
130,6246;        1333,717
130,6286;        1333,734
130,6058;        1333,751
130,596;        1333,769
130,5878;        1333,786
130,5846;        1333,804
130,5822;        1333,821
130,5783;        1333,838
130,5717;        1333,856
130,5766;        1333,873
130,582;        1333,89
130,5972;        1333,909
130,6158;        1333,926
130,6248;        1333,943
130,6236;        1333,961
130,6114;        1333,979
130,6015;        1333,997
130,5715;        1334,015
130,5774;        1334,034
130,5843;        1334,052
130,595;        1334,07
130,6048;        1334,087
130,6275;        1334,106
130,628;        1334,121
130,6206;        1334,139
130,6003;        1334,156
130,605;        1334,173
130,6074;        1334,189
130,6184;        1334,205
130,6212;        1334,222
130,6283;        1334,238
130,6391;        1334,255
130,6391;        1334,272
130,6397;        1334,29
130,6216;        1334,308
130,597;        1334,326
130,5865;        1334,342
130,5601;        1334,361
130,5508;        1334,378
130,5473;        1334,394
130,5606;        1334,411
130,5586;        1334,43
130,557;        1334,446
130,5536;        1334,462
130,5564;        1334,478
130,5659;        1334,495
130,56;        1334,512
130,565;        1334,529
130,5763;        1334,549
130,5756;        1334,566
130,5752;        1334,583
130,5842;        1334,6
130,5859;        1334,618
130,5913;        1334,635
130,6;        1334,654
130,61;        1334,672
130,6302;        1334,692
130,6381;        1334,71
130,653;        1334,729
130,656;        1334,745
130,6517;        1334,762
130,6265;        1334,779
130,6237;        1334,797
130,6189;        1334,815
130,6104;        1334,833
130,6035;        1334,851
130,5929;        1334,871
130,5963;        1334,888
130,6035;        1334,906
130,6074;        1334,925
130,5971;        1334,943
130,5896;        1334,96
130,5787;        1334,979
130,5729;        1334,995
130,5961;        1335,014
130,6026;        1335,031
130,6246;        1335,05
130,6228;        1335,068
130,6158;        1335,086
130,6092;        1335,104
130,5915;        1335,122
130,5997;        1335,14
130,6074;        1335,157
130,6049;        1335,175
130,5963;        1335,193
130,6048;        1335,21
130,6182;        1335,228
130,6217;        1335,245
130,6275;        1335,263
130,616;        1335,279
130,6254;        1335,295
130,6306;        1335,312
130,6332;        1335,33
130,6266;        1335,346
130,6158;        1335,363
130,6044;        1335,381
130,6186;        1335,4
130,6377;        1335,418
130,651;        1335,437
130,6345;        1335,454
130,619;        1335,473
130,6149;        1335,492
130,6286;        1335,51
130,6292;        1335,528
130,6247;        1335,545
130,6312;        1335,563
130,6444;        1335,583
130,6548;        1335,601
130,6621;        1335,618
130,6759;        1335,635
130,6974;        1335,653
130,6991;        1335,671
130,6973;        1335,689
130,6923;        1335,705
130,6935;        1335,722
130,682;        1335,74
130,661;        1335,758
130,6351;        1335,775
130,621;        1335,793
130,6214;        1335,811
130,6228;        1335,828
130,6351;        1335,847
130,6523;        1335,864
130,6552;        1335,881
130,6654;        1335,899
130,6626;        1335,916
130,6533;        1335,934
130,6526;        1335,952
130,6329;        1335,969
130,6141;        1335,988
130,6129;        1336,004
130,626;        1336,021
130,6318;        1336,038
130,6374;        1336,055
130,6374;        1336,073
130,6331;        1336,09
130,6313;        1336,108
130,625;        1336,124
130,623;        1336,141
130,6193;        1336,158
130,627;        1336,174
130,6432;        1336,191
130,6637;        1336,208
130,6698;        1336,226
130,6641;        1336,242
130,6593;        1336,257
130,6407;        1336,273
130,6383;        1336,288
130,6409;        1336,306
130,6395;        1336,323
130,644;        1336,34
130,6427;        1336,356
130,6377;        1336,374
130,6485;        1336,391
130,6561;        1336,408
130,6482;        1336,425
130,6411;        1336,442
130,6413;        1336,459
130,6591;        1336,475
130,6662;        1336,492
130,6654;        1336,509
130,6578;        1336,527
130,6551;        1336,543
130,6495;        1336,56
130,6484;        1336,578
130,6568;        1336,596
130,656;        1336,612
130,656;        1336,629
130,6535;        1336,649
130,6538;        1336,667
130,6569;        1336,685
130,651;        1336,703
130,6509;        1336,721
130,6501;        1336,738
130,6459;        1336,756
130,6463;        1336,773
130,6463;        1336,791
130,643;        1336,808
130,6504;        1336,826
130,6561;        1336,843
130,6614;        1336,861
130,6584;        1336,878
130,6516;        1336,897
130,6436;        1336,914
130,6441;        1336,932
130,649;        1336,949
130,6537;        1336,968
130,6558;        1336,985
130,6533;        1337,002
130,655;        1337,02
130,6665;        1337,038
130,6774;        1337,056
130,684;        1337,073
130,684;        1337,091
130,6737;        1337,108
130,6634;        1337,125
130,6573;        1337,141
130,6688;        1337,159
130,6731;        1337,178
130,6739;        1337,196
130,6698;        1337,214
130,6729;        1337,231
130,6625;        1337,251
130,641;        1337,27
130,6185;        1337,288
130,6126;        1337,307
130,6243;        1337,327
130,623;        1337,344
130,6238;        1337,362
130,62;        1337,381
130,6131;        1337,399
130,6103;        1337,416
130,6219;        1337,434
130,6223;        1337,451
130,6293;        1337,468
130,6234;        1337,486
130,6063;        1337,503
130,604;        1337,521
130,612;        1337,539
130,6292;        1337,558
130,6389;        1337,577
130,6385;        1337,596
130,6299;        1337,614
130,6229;        1337,632
130,6254;        1337,651
130,6304;        1337,668
130,6318;        1337,684
130,6205;        1337,703
130,6155;        1337,721
130,603;        1337,738
130,6069;        1337,757
130,612;        1337,776
130,594;        1337,794
130,5865;        1337,811
130,5679;        1337,831
130,5595;        1337,848
130,5451;        1337,868
130,5392;        1337,885
130,5457;        1337,902
130,5586;        1337,92
130,5727;        1337,938
130,5603;        1337,955
130,561;        1337,972
130,576;        1337,99
130,5871;        1338,007
130,5813;        1338,025
130,5871;        1338,044
130,5789;        1338,061
130,5649;        1338,078
130,5587;        1338,094
130,5607;        1338,111
130,5683;        1338,127
130,576;        1338,144
130,5787;        1338,161
130,5928;        1338,176
130,5911;        1338,192
130,5881;        1338,209
130,5662;        1338,227
130,556;        1338,245
130,5515;        1338,262
130,5527;        1338,279
130,5506;        1338,296
130,5605;        1338,314
130,5672;        1338,331
130,568;        1338,349
130,5646;        1338,366
130,5659;        1338,384
130,5623;        1338,402
130,5665;        1338,42
130,5759;        1338,437
130,5793;        1338,454
130,5732;        1338,471
130,5575;        1338,489
130,5695;        1338,506
130,572;        1338,524
130,5786;        1338,541
130,5873;        1338,559
130,5951;        1338,576
130,6038;        1338,593
130,6178;        1338,61
130,6197;        1338,63
130,6257;        1338,648
130,6205;        1338,665
130,6151;        1338,682
130,5892;        1338,7
130,5668;        1338,718
130,5315;        1338,734
130,5174;        1338,753
130,5163;        1338,771
130,5114;        1338,788
130,5032;        1338,806
130,5027;        1338,824
130,5045;        1338,842
130,5251;        1338,86
130,5547;        1338,878
130,5721;        1338,897
130,5894;        1338,915
130,5882;        1338,934
130,5807;        1338,952
130,5697;        1338,97
130,5607;        1338,988
130,5533;        1339,005
130,5679;        1339,023
130,5763;        1339,041
130,5988;        1339,058
130,6067;        1339,077
130,614;        1339,094
130,6265;        1339,111
130,6315;        1339,129
130,6364;        1339,148
130,627;        1339,166
130,6181;        1339,184
130,6162;        1339,201
130,6128;        1339,22
130,6203;        1339,238
130,6182;        1339,256
130,627;        1339,275
130,6373;        1339,293
130,6411;        1339,311
130,6515;        1339,33
130,6719;        1339,347
130,6666;        1339,364
130,659;        1339,382
130,6533;        1339,399
130,6604;        1339,417
130,6721;        1339,433
130,685;        1339,45
130,7099;        1339,468
130,7079;        1339,485
130,7083;        1339,502
130,7039;        1339,52
130,698;        1339,537
130,6824;        1339,554
130,6575;        1339,572
130,6306;        1339,589
130,6036;        1339,607
130,5854;        1339,624
130,5937;        1339,642
130,5459;        1339,66
130,4899;        1339,677
130,4315;        1339,695
130,3398;        1339,711
130,2195;        1339,729
130,0728;        1339,747
129,9292;        1339,764
129,9303;        1339,78
129,7758;        1339,797
129,5871;        1339,815
129,3965;        1339,832
129,2193;        1339,851
129,0378;        1339,869
128,8509;        1339,888
128,6665;        1339,907
128,4872;        1339,925
128,5197;        1339,944
128,3589;        1339,961
128,2633;        1339,979
128,1742;        1339,996
128,0875;        1340,014
128,0403;        1340,032
127,9729;        1340,05
127,9186;        1340,067
127,8921;        1340,085
127,9085;        1340,102
127,9505;        1340,12
127,9912;        1340,137
128,0019;        1340,154
127,9701;        1340,171
127,8523;        1340,188
127,7054;        1340,205
127,6453;        1340,221
127,5553;        1340,237
127,5579;        1340,253
127,6056;        1340,27
127,6318;        1340,287
127,7471;        1340,304
127,7978;        1340,321
127,8709;        1340,339
127,884;        1340,356
127,8201;        1340,374
127,7696;        1340,392
127,7385;        1340,411
127,7705;        1340,428
127,8324;        1340,446
127,8563;        1340,462
127,9603;        1340,478
128,0478;        1340,496
128,1088;        1340,513
128,1528;        1340,531
128,1735;        1340,549
128,1871;        1340,566
128,1593;        1340,583
128,174;        1340,6
128,1763;        1340,617
128,1761;        1340,633
128,172;        1340,65
128,1128;        1340,667
128,0524;        1340,685
128,0265;        1340,701
127,9644;        1340,72
127,9247;        1340,738
127,9245;        1340,756
127,9894;        1340,775
128,0873;        1340,793
128,1552;        1340,811
128,2204;        1340,829
128,2261;        1340,848
128,1828;        1340,866
128,1548;        1340,885
128,1537;        1340,903
128,1207;        1340,922
128,1174;        1340,939
128,1342;        1340,956
128,1443;        1340,974
128,1591;        1340,992
128,2119;        1341,01
128,2844;        1341,028
128,3283;        1341,045
128,3044;        1341,062
128,3343;        1341,08
128,3308;        1341,097
128,3441;        1341,114
128,3695;        1341,132
128,3785;        1341,15
128,3763;        1341,167
128,3659;        1341,183
128,3717;        1341,2
128,3871;        1341,217
128,4207;        1341,235
128,4245;        1341,252
128,4303;        1341,271
128,4681;        1341,288
128,4953;        1341,306
128,491;        1341,325
128,4972;        1341,343
128,4929;        1341,362
128,4987;        1341,381
128,5019;        1341,401
128,517;        1341,419
128,5169;        1341,436
128,5239;        1341,454
128,5356;        1341,472
128,5366;        1341,49
128,5496;        1341,507
128,5516;        1341,524
128,5459;        1341,542
128,5496;        1341,56
128,5519;        1341,577
128,5444;        1341,594
128,5413;        1341,612
128,5375;        1341,629
128,5327;        1341,647
128,5414;        1341,665
128,5507;        1341,682
128,5523;        1341,701
128,5621;        1341,721
128,5652;        1341,739
128,5536;        1341,757
128,5312;        1341,774
128,5104;        1341,792
128,4994;        1341,81
128,5044;        1341,828
128,5157;        1341,844
128,5247;        1341,862
128,5392;        1341,882
128,5598;        1341,9
128,5702;        1341,919
128,5726;        1341,937
128,567;        1341,956
128,5706;        1341,974
128,5817;        1341,991
128,588;        1342,01
128,5989;        1342,027
128,6033;        1342,044
128,5935;        1342,063
128,5957;        1342,081
128,6;        1342,098
128,61;        1342,114
128,6224;        1342,13
128,6401;        1342,146
128,6426;        1342,161
128,665;        1342,178
128,696;        1342,197
128,7491;        1342,214
128,8439;        1342,23
129,0158;        1342,244
129,0395;        1342,259
129,4534;        1342,276
129,9901;        1342,292
130,444;        1342,309
130,9593;        1342,328
131,4198;        1342,344
131,2236;        1342,362
130,736;        1342,378
129,8893;        1342,397
129,0233;        1342,415
128,0924;        1342,433
126,9749;        1342,453
126,3654;        1342,473
123,9775;        1342,496
122,2014;        1342,515
120,2417;        1342,533
119,4726;        1342,552
117,4175;        1342,568
115,2916;        1342,587
112,8985;        1342,604
110,3986;        1342,622
109,151;        1342,639
106,6051;        1342,657
104,0564;        1342,674
102,7937;        1342,691
100,1619;        1342,708
97,25024;        1342,726
94,71284;        1342,744
93,43182;        1342,763
90,77637;        1342,781
88,03872;        1342,8
85,15371;        1342,818
82,29144;        1342,835
79,60822;        1342,854
78,1922;        1342,872
75,52739;        1342,89
72,88896;        1342,909
70,33657;        1342,927
68,22839;        1342,943
66,82441;        1342,96
64,17959;        1342,979
61,49017;        1342,997
58,72152;        1343,017
56,05715;        1343,037
53,4118;        1343,056
50,59415;        1343,075
48,29764;        1343,094
47,2573;        1343,113
44,89859;        1343,132
43,03426;        1343,152
41,13303;        1343,171
39,25499;        1343,19
37,74252;        1343,208
36,44507;        1343,227
34,9757;        1343,245
34,32697;        1343,264
33,03495;        1343,281
32,01501;        1343,299
31,24485;        1343,315
30,91513;        1343,333
30,73788;        1343,351
30,7731;        1343,368
30,12693;        1343,386
30,03799;        1343,404
30,1302;        1343,423
30,25596;        1343,441
30,48847;        1343,459
30,68759;        1343,476
30,94266;        1343,494
31,13169;        1343,513
31,25493;        1343,532
31,32863;        1343,549
31,55285;        1343,567
31,79676;        1343,585
31,93306;        1343,602
32,2415;        1343,619
32,49522;        1343,638
32,68421;        1343,656
32,84457;        1343,673
32,88496;        1343,691
32,9566;        1343,709
33,09936;        1343,728
33,22969;        1343,745
33,25695;        1343,763
33,29326;        1343,781
33,25828;        1343,8
33,26939;        1343,819
33,31957;        1343,839
33,41977;        1343,859
33,47437;        1343,878
33,61976;        1343,898
33,64001;        1343,917
33,47355;        1343,935
33,2216;        1343,954
32,94731;        1343,971
32,49975;        1343,989
32,2684;        1344,006
32,37427;        1344,027
32,47667;        1344,046
32,41357;        1344,064
32,42254;        1344,083
32,40942;        1344,101
32,41536;        1344,12
32,41483;        1344,137
32,46338;        1344,154
32,59879;        1344,171
32,83256;        1344,189
33,02006;        1344,206
33,11762;        1344,223
33,26039;        1344,241
33,48236;        1344,259
33,62412;        1344,277
33,62883;        1344,295
33,63859;        1344,314
33,75478;        1344,332
33,86934;        1344,349
34,06439;        1344,367
34,26251;        1344,39
34,42324;        1344,406
34,61812;        1344,424
34,70724;        1344,442
34,87812;        1344,459
35,0706;        1344,475
35,38643;        1344,493
35,64356;        1344,51
36,08268;        1344,529
36,42567;        1344,545
36,88998;        1344,563
37,35848;        1344,583
37,61135;        1344,6
38,17997;        1344,619
38,81766;        1344,637
39,58377;        1344,656
40,56646;        1344,675
41,74992;        1344,694
42,41925;        1344,712
43,91313;        1344,731
45,41058;        1344,75
47,28169;        1344,768
49,43909;        1344,786
52,13628;        1344,806
55,34891;        1344,824
56,69884;        1344,842
60,52578;        1344,861
64,69221;        1344,881
65,60474;        1344,897
72,63112;        1344,915
76,00371;        1344,934
78,24451;        1344,952
82,64561;        1344,968
86,59505;        1344,986
90,06665;        1345,003
91,88453;        1345,021
96,19286;        1345,039
100,8057;        1345,058
104,4106;        1345,076
105,7309;        1345,092
108,6034;        1345,11
112,1162;        1345,129
115,1313;        1345,148
117,9781;        1345,166
120,2311;        1345,185
122,4744;        1345,202
123,3579;        1345,222
125,3783;        1345,239
127,4388;        1345,258
129,3614;        1345,276
130,9295;        1345,295
132,5419;        1345,312
133,1493;        1345,331
133,4888;        1345,348
132,9564;        1345,366
131,9385;        1345,384
131,6672;        1345,401
131,3584;        1345,419
131,528;        1345,435
132,0104;        1345,454
132,2941;        1345,472
132,1412;        1345,49
131,6768;        1345,508
131,4391;        1345,526
131,4011;        1345,545
131,3881;        1345,563
131,2731;        1345,581
131,1127;        1345,599
131,0349;        1345,616
131,0151;        1345,635
130,9898;        1345,653
130,9532;        1345,672
130,9151;        1345,689
130,947;        1345,707
130,9829;        1345,729
130,965;        1345,747
130,939;        1345,764
130,9176;        1345,782
130,9103;        1345,8
130,9072;        1345,819
130,8952;        1345,838
130,8843;        1345,856
130,8442;        1345,874
130,8237;        1345,891
130,8037;        1345,909
130,7975;        1345,927
130,7791;        1345,945
130,7635;        1345,963
130,744;        1345,979
130,7331;        1345,997
130,7085;        1346,015
130,6767;        1346,032
130,6373;        1346,05
130,6068;        1346,068
130,5905;        1346,085
130,5749;        1346,101
130,5687;        1346,118
130,5617;        1346,135
130,5719;        1346,153
130,5728;        1346,171
130,5264;        1346,19
130,4989;        1346,208
130,4869;        1346,226
130,4711;        1346,244
130,4588;        1346,262
130,4608;        1346,279
130,4583;        1346,297
130,4587;        1346,312
130,4701;        1346,327
130,4774;        1346,342
130,4872;        1346,359
130,4908;        1346,377
130,4764;        1346,393
130,4757;        1346,409
130,4835;        1346,425
130,4758;        1346,442
130,4714;        1346,459
130,4589;        1346,476
130,4521;        1346,495
130,4575;        1346,513
130,4669;        1346,53
130,4828;        1346,548
130,4709;        1346,566
130,4634;        1346,584
130,4559;        1346,602
130,4626;        1346,621
130,4624;        1346,639
130,4578;        1346,658
130,4387;        1346,676
130,4039;        1346,694
130,403;        1346,712
130,4111;        1346,732
130,4238;        1346,75
130,4249;        1346,767
130,4189;        1346,786
130,4137;        1346,802
130,4077;        1346,82
130,3956;        1346,839
130,3758;        1346,858
130,3555;        1346,876
130,3449;        1346,892
130,35;        1346,91
130,3538;        1346,928
130,3648;        1346,945
130,3688;        1346,963
130,364;        1346,981
130,3679;        1347
130,3598;        1347,019
130,356;        1347,036
130,3797;        1347,054
130,4042;        1347,072
130,4315;        1347,09
130,4416;        1347,109
130,4362;        1347,126
130,4411;        1347,145
130,4399;        1347,163
130,4305;        1347,182
130,422;        1347,201
130,4129;        1347,218
130,4154;        1347,234
130,4102;        1347,251
130,4147;        1347,267
130,4222;        1347,283
130,4381;        1347,302
130,444;        1347,321
130,4487;        1347,34
130,4552;        1347,358
130,4544;        1347,376
130,457;        1347,393
130,4467;        1347,412
130,4436;        1347,43
130,4478;        1347,449
130,437;        1347,466
130,4272;        1347,484
130,4238;        1347,502
130,4301;        1347,519
130,439;        1347,537
130,4382;        1347,553
130,4389;        1347,571
130,4321;        1347,589
130,4097;        1347,606
130,3878;        1347,624
130,3781;        1347,642
130,3876;        1347,66
130,4201;        1347,679
130,4756;        1347,696
130,4938;        1347,714
130,4733;        1347,732
130,4481;        1347,75
130,4015;        1347,767
130,356;        1347,785
130,3503;        1347,802
130,4215;        1347,821
131,0925;        1347,839
131,8371;        1347,856
132,3004;        1347,874
132,3008;        1347,892
131,8959;        1347,91
131,5591;        1347,928
131,4979;        1347,947
131,5439;        1347,964
131,2761;        1347,982
131,148;        1348
130,7617;        1348,016
130,3394;        1348,034
130,1745;        1348,051
129,6939;        1348,068
129,0299;        1348,084
128,6378;        1348,102
127,9178;        1348,119
127,1319;        1348,135
126,3478;        1348,152
125,9993;        1348,169
125,0589;        1348,185
124,4968;        1348,202
123,431;        1348,219
122,2805;        1348,236
121,7064;        1348,252
120,3087;        1348,268
118,8061;        1348,284
117,9647;        1348,299
116,2286;        1348,316
115,4936;        1348,332
113,5902;        1348,35
111,3426;        1348,368
108,9657;        1348,385
106,5584;        1348,403
105,3521;        1348,42
102,8433;        1348,44
100,2075;        1348,459
97,44235;        1348,478
97,44235;        1348,494
94,48136;        1348,512
90,90892;        1348,53
88,53562;        1348,547
86,31639;        1348,565
84,20313;        1348,582
82,9967;        1348,599
80,86998;        1348,617
78,90946;        1348,634
77,0217;        1348,653
75,97038;        1348,67
73,91582;        1348,688
71,82933;        1348,705
71,13201;        1348,722
69,08052;        1348,739
67,23037;        1348,756
65,90084;        1348,773
65,35333;        1348,791
64,31004;        1348,808
63,35579;        1348,825
62,58943;        1348,844
62,24474;        1348,861
61,71158;        1348,88
61,16353;        1348,899
60,56583;        1348,916
59,89356;        1348,934
59,26103;        1348,952
58,8335;        1348,969
57,58179;        1348,986
56,31725;        1349,004
55,77422;        1349,021
54,4672;        1349,039
53,12299;        1349,057
51,79239;        1349,076
50,40647;        1349,094
49,65097;        1349,112
48,52877;        1349,13
47,36633;        1349,149
46,18084;        1349,168
44,89894;        1349,185
43,68406;        1349,204
43,20495;        1349,222
42,19418;        1349,239
41,37077;        1349,257
40,74189;        1349,275
40,4519;        1349,292
39,97453;        1349,309
39,62214;        1349,328
39,26087;        1349,345
39,1458;        1349,362
38,95747;        1349,379
38,87804;        1349,397
38,94119;        1349,416
39,07814;        1349,433
39,18996;        1349,451
39,31919;        1349,469
39,46373;        1349,486
39,59247;        1349,503
39,61863;        1349,522
39,8142;        1349,538
40,11341;        1349,556
40,3226;        1349,573
40,37325;        1349,591
40,48626;        1349,609
40,59241;        1349,626
40,71656;        1349,643
40,75176;        1349,659
40,88999;        1349,677
40,98572;        1349,693
41,01457;        1349,711
41,06666;        1349,728
41,09715;        1349,745
41,11543;        1349,763
41,12957;        1349,78
41,15247;        1349,798
41,15844;        1349,814
41,13861;        1349,833
41,12184;        1349,85
41,08794;        1349,867
41,03473;        1349,885
41,02433;        1349,901
41,00158;        1349,92
41,02145;        1349,937
41,0217;        1349,955
41,00362;        1349,973
41,00555;        1349,99
41,06318;        1350,007
41,14237;        1350,027
41,21571;        1350,045
41,27065;        1350,063
41,32205;        1350,08
41,41607;        1350,094
41,44941;        1350,11
41,48402;        1350,126
41,5346;        1350,143
41,54029;        1350,161
41,58633;        1350,177
41,62558;        1350,195
41,63443;        1350,212
41,67115;        1350,229
41,71701;        1350,246
41,7337;        1350,263
41,7302;        1350,279
41,75548;        1350,297
41,79316;        1350,314
41,80217;        1350,33
41,81575;        1350,348
41,82745;        1350,364
41,8661;        1350,381
41,89855;        1350,397
41,95416;        1350,412
41,96285;        1350,428
42,08362;        1350,442
42,2827;        1350,458
42,53542;        1350,474
42,6688;        1350,492
43,15277;        1350,511
43,69753;        1350,529
44,5582;        1350,547
45,74483;        1350,565
47,09429;        1350,585
48,29218;        1350,604
49,90646;        1350,623
50,80079;        1350,641
52,68729;        1350,659
54,90673;        1350,676
57,51157;        1350,693
58,9052;        1350,71
61,53513;        1350,727
63,99273;        1350,744
65,11823;        1350,762
67,60482;        1350,78
70,41653;        1350,799
73,46767;        1350,818
76,4772;        1350,835
79,39323;        1350,853
80,99639;        1350,871
84,08553;        1350,89
87,25368;        1350,908
90,71388;        1350,927
93,40098;        1350,945
95,63348;        1350,963
96,89859;        1350,981
99,71368;        1351
102,789;        1351,019
105,5533;        1351,037
108,1257;        1351,056
110,6056;        1351,076
111,7951;        1351,093
114,0182;        1351,11
116,4818;        1351,127
118,8628;        1351,145
120,9914;        1351,163
121,7308;        1351,181
123,533;        1351,199
125,3972;        1351,216
126,1664;        1351,232
128,0151;        1351,248
130,0065;        1351,265
131,0748;        1351,282
133,0612;        1351,298
134,3904;        1351,315
134,621;        1351,332
134,03;        1351,349
132,2967;        1351,366
132,0003;        1351,382
132,101;        1351,4
132,2301;        1351,417
132,3022;        1351,435
132,4498;        1351,451
132,5686;        1351,469
132,218;        1351,487
132,0299;        1351,505
132,0645;        1351,522
132,0281;        1351,541
132,0526;        1351,558
132,0531;        1351,575
132,0893;        1351,596
132,0137;        1351,612
131,985;        1351,63
131,955;        1351,646
131,9325;        1351,663
131,9258;        1351,68
131,9043;        1351,697
131,8869;        1351,714
131,8799;        1351,731
131,8849;        1351,747
131,8912;        1351,763
131,8882;        1351,78
131,8684;        1351,797
131,8697;        1351,813
131,8586;        1351,83
131,8487;        1351,848
131,8268;        1351,865
131,8215;        1351,883
131,8144;        1351,9
131,8024;        1351,917
131,7984;        1351,935
131,7833;        1351,953
131,7781;        1351,971
131,7846;        1351,989
131,79;        1352,007
131,788;        1352,024
131,799;        1352,042
131,7856;        1352,06
131,7747;        1352,078
131,7584;        1352,096
131,7648;        1352,115
131,7714;        1352,133
131,78;        1352,15
131,7832;        1352,169
131,7839;        1352,186
131,7931;        1352,203
131,8028;        1352,22
131,8144;        1352,237
131,796;        1352,254
131,7707;        1352,271
131,7667;        1352,288
131,7701;        1352,304
131,7722;        1352,321
131,7799;        1352,342
131,7757;        1352,36
131,7836;        1352,377
131,7897;        1352,393
131,7824;        1352,411
131,772;        1352,428
131,771;        1352,444
131,7665;        1352,459
131,7525;        1352,475
131,7361;        1352,493
131,7215;        1352,51
131,7165;        1352,528
131,7027;        1352,545
131,7009;        1352,564
131,7002;        1352,581
131,7025;        1352,599
131,7105;        1352,615
131,7204;        1352,633
131,7102;        1352,652
131,681;        1352,67
131,6524;        1352,689
131,6505;        1352,707
131,6443;        1352,725
131,6466;        1352,746
131,6516;        1352,764
131,6427;        1352,782
131,6321;        1352,8
131,6171;        1352,818
131,6056;        1352,836
131,5885;        1352,854
131,5878;        1352,871
131,5866;        1352,889
131,5932;        1352,906
131,6163;        1352,924
131,6253;        1352,942
131,6321;        1352,958
131,6359;        1352,975
131,62;        1352,993
131,6071;        1353,011
131,6073;        1353,029
131,5847;        1353,047
131,5676;        1353,066
131,5662;        1353,083
131,5654;        1353,101
131,5637;        1353,119
131,5694;        1353,136
131,5792;        1353,155
131,5715;        1353,174
131,5804;        1353,191
131,5783;        1353,208
131,5725;        1353,226
131,5807;        1353,244
131,5799;        1353,26
131,5788;        1353,278
131,5764;        1353,296
131,5584;        1353,314
131,5575;        1353,331
131,5786;        1353,349
131,5991;        1353,366
131,602;        1353,383
131,6014;        1353,401
131,5939;        1353,419
131,5758;        1353,436
131,5429;        1353,454
131,5232;        1353,472
131,5215;        1353,49
131,5296;        1353,509
131,5333;        1353,527
131,5463;        1353,545
131,5497;        1353,563
131,5507;        1353,581
131,5532;        1353,598
131,5501;        1353,616
131,5382;        1353,632
131,5255;        1353,649
131,5035;        1353,666
131,4842;        1353,683
131,4811;        1353,702
131,4799;        1353,719
131,4824;        1353,737
131,4812;        1353,755
131,4826;        1353,772
131,4702;        1353,79
131,4645;        1353,808
131,4634;        1353,826
131,4656;        1353,846
131,457;        1353,865
131,4504;        1353,882
131,4367;        1353,899
131,4144;        1353,917
131,4007;        1353,935
131,4027;        1353,952
131,39;        1353,97
131,3869;        1353,988
131,3962;        1354,006
131,4045;        1354,024
131,3985;        1354,041
131,3655;        1354,059
131,3377;        1354,074
131,3334;        1354,091
131,3316;        1354,107
131,3208;        1354,122
131,3001;        1354,138
131,3001;        1354,154
131,3001;        1354,169
131,3596;        1354,185
131,3778;        1354,2
131,3936;        1354,219
131,3827;        1354,237
131,3745;        1354,254
131,3802;        1354,271
131,3639;        1354,289
131,3725;        1354,307
131,38;        1354,325
131,3761;        1354,343
131,3731;        1354,36
131,3729;        1354,379
131,3834;        1354,396
131,3834;        1354,413
131,4016;        1354,432
131,4147;        1354,45
131,4191;        1354,467
131,4214;        1354,487
131,4286;        1354,503
131,4261;        1354,521
131,4143;        1354,537
131,4161;        1354,554
131,4246;        1354,57
131,4287;        1354,588
131,4396;        1354,605
131,4453;        1354,623
131,4519;        1354,64
131,461;        1354,661
131,4601;        1354,678
131,455;        1354,696
131,4443;        1354,714
131,4415;        1354,73
131,4303;        1354,748
131,4258;        1354,766
131,4245;        1354,784
131,4253;        1354,801
131,4425;        1354,818
131,4549;        1354,837
131,4628;        1354,854
131,4561;        1354,874
131,4463;        1354,891
131,438;        1354,909
131,4275;        1354,926
131,4262;        1354,942
131,4271;        1354,96
131,4275;        1354,976
131,4389;        1354,994
131,4397;        1355,01
131,4449;        1355,027
131,4262;        1355,045
131,4152;        1355,062
131,4053;        1355,079
131,3944;        1355,097
131,3763;        1355,113
131,3658;        1355,131
131,3513;        1355,148
131,3423;        1355,166
131,3451;        1355,184
131,347;        1355,202
131,345;        1355,22
131,3305;        1355,238
131,3188;        1355,256
131,3362;        1355,276
131,3472;        1355,293
131,351;        1355,311
131,3512;        1355,327
131,347;        1355,345
131,347;        1355,362
131,349;        1355,379
131,3473;        1355,398
131,3606;        1355,417
131,3851;        1355,435
131,4025;        1355,452
131,4155;        1355,471
131,4151;        1355,489
131,3969;        1355,506
131,379;        1355,525
131,3701;        1355,543
131,3661;        1355,562
131,3532;        1355,579
131,3458;        1355,598
131,345;        1355,615
131,3422;        1355,632
131,3432;        1355,65
131,3545;        1355,667
131,3505;        1355,685
131,341;        1355,703
131,3365;        1355,72
131,3231;        1355,738
131,3259;        1355,756
131,3458;        1355,775
131,3556;        1355,793
131,3559;        1355,811
131,3698;        1355,828
131,3815;        1355,847
131,3689;        1355,865
131,3509;        1355,884
131,3461;        1355,902
131,3327;        1355,92
131,3363;        1355,938
131,3478;        1355,956
131,3667;        1355,973
131,3631;        1355,991
131,3541;        1356,008
131,3396;        1356,025
131,333;        1356,041
131,3047;        1356,057
131,2855;        1356,074
131,2785;        1356,09
131,2661;        1356,106
131,2694;        1356,123
131,2802;        1356,14
131,2852;        1356,157
131,2912;        1356,174
131,2933;        1356,192
131,2897;        1356,209
131,2845;        1356,228
131,2788;        1356,245
131,2809;        1356,263
131,2865;        1356,28
131,295;        1356,298
131,2956;        1356,316
131,3003;        1356,333
131,2996;        1356,35
131,308;        1356,369
131,307;        1356,388
131,3147;        1356,407
131,3188;        1356,423
131,2897;        1356,44
131,2174;        1356,457
131,1641;        1356,472
131,1137;        1356,489
131,0703;        1356,507
131,0773;        1356,524
131,0795;        1356,541
131,057;        1356,558
131,0058;        1356,576
130,9617;        1356,594
130,9673;        1356,611
130,92;        1356,629
130,8705;        1356,648
130,9338;        1356,665
130,972;        1356,682
131,0832;        1356,7
131,1148;        1356,718
131,0101;        1356,736
130,8438;        1356,754
130,7139;        1356,772
130,5771;        1356,79
130,368;        1356,808
130,2428;        1356,825
130,1659;        1356,844
130,1744;        1356,862
130,2021;        1356,88
130,2697;        1356,899
130,3313;        1356,917
130,3506;        1356,935
130,3135;        1356,953
130,2586;        1356,971
130,2753;        1356,992
130,2965;        1357,011
130,2941;        1357,03
130,2826;        1357,046
130,2992;        1357,065
130,2967;        1357,083
130,3036;        1357,102
130,3107;        1357,12
130,3503;        1357,137
130,3992;        1357,155
130,4346;        1357,172
130,4941;        1357,19
130,5275;        1357,208
130,5501;        1357,226
130,5597;        1357,243
130,5914;        1357,259
130,5796;        1357,277
130,5695;        1357,296
130,5796;        1357,315
130,6016;        1357,334
130,623;        1357,352
130,6465;        1357,37
130,6789;        1357,388
130,6746;        1357,406
130,6497;        1357,426
130,6314;        1357,443
130,6145;        1357,461
130,6091;        1357,479
130,5893;        1357,498
130,5737;        1357,516
130,5953;        1357,534
130,6268;        1357,552
130,6424;        1357,57
130,6517;        1357,587
130,6496;        1357,603
130,6549;        1357,62
130,6515;        1357,637
130,657;        1357,656
130,6691;        1357,674
130,6715;        1357,692
130,6667;        1357,709
130,666;        1357,727
130,6569;        1357,745
130,6533;        1357,762
130,6726;        1357,78
130,6876;        1357,797
130,6958;        1357,815
130,7072;        1357,833
130,7339;        1357,852
130,7536;        1357,87
130,771;        1357,887
130,7992;        1357,905
130,8179;        1357,922
130,8173;        1357,941
130,7927;        1357,959
130,7716;        1357,977
130,756;        1357,996
130,7389;        1358,014
130,7213;        1358,032
130,721;        1358,049
130,7273;        1358,068
130,729;        1358,086
130,7268;        1358,104
130,7256;        1358,121
130,707;        1358,14
130,7259;        1358,158
130,7574;        1358,175
130,7653;        1358,193
130,7599;        1358,209
130,7544;        1358,224
130,7437;        1358,241
130,7238;        1358,258
130,7142;        1358,275
130,7056;        1358,293
130,7071;        1358,31
130,7095;        1358,327
130,6945;        1358,342
130,6812;        1358,36
130,6599;        1358,378
130,6518;        1358,393
130,661;        1358,41
130,6707;        1358,426
130,6709;        1358,442
130,6684;        1358,458
130,6845;        1358,475
130,7072;        1358,493
130,7204;        1358,51
130,7451;        1358,528
130,7491;        1358,545
130,749;        1358,562
130,7568;        1358,58
130,7659;        1358,597
130,7828;        1358,615
130,8021;        1358,631
130,8365;        1358,648
130,8654;        1358,665
130,8797;        1358,682
130,8705;        1358,7
130,8517;        1358,718
130,8519;        1358,736
130,8611;        1358,754
130,8482;        1358,772
130,8515;        1358,791
130,864;        1358,809
130,8676;        1358,827
130,8767;        1358,844
130,8812;        1358,863
130,8912;        1358,882
130,8852;        1358,901
130,8678;        1358,919
130,8807;        1358,936
130,8813;        1358,953
130,8816;        1358,97
130,8742;        1358,987
130,8878;        1359,003
130,8939;        1359,022
130,9015;        1359,04
130,9023;        1359,058
130,9073;        1359,078
130,9328;        1359,096
130,9523;        1359,115
130,9751;        1359,132
130,9929;        1359,15
131,0109;        1359,169
131,0285;        1359,187
131,0414;        1359,205
131,0428;        1359,222
131,085;        1359,239
131,1425;        1359,256
131,2145;        1359,274
131,2975;        1359,292
131,4196;        1359,31
131,5381;        1359,327
131,6707;        1359,343
131,6742;        1359,36
131,8299;        1359,378
131,938;        1359,396
131,9547;        1359,413
131,9798;        1359,431
131,9415;        1359,447
131,8883;        1359,464
131,792;        1359,481
131,6789;        1359,499
131,4456;        1359,517
130,985;        1359,534
130,3419;        1359,552
129,9884;        1359,571
129,0862;        1359,588
128,0686;        1359,606
126,9146;        1359,623
125,493;        1359,642
124,8081;        1359,66
123,5457;        1359,677
121,934;        1359,695
121,0815;        1359,712
119,1387;        1359,729
117,0959;        1359,747
114,8117;        1359,764
113,6624;        1359,781
111,2538;        1359,8
108,8584;        1359,818
108,8806;        1359,835
105,2479;        1359,852
102,9022;        1359,87
100,1837;        1359,886
97,64513;        1359,905
95,09184;        1359,922
93,59433;        1359,94
90,51653;        1359,957
87,44684;        1359,975
84,40141;        1359,993
82,81212;        1360,01
80,11832;        1360,028
77,47457;        1360,044
76,16011;        1360,06
73,5079;        1360,08
70,59084;        1360,096
68,09343;        1360,113
66,80756;        1360,129
64,49881;        1360,145
63,40849;        1360,159
60,84143;        1360,178
58,37167;        1360,195
56,48133;        1360,213
55,60499;        1360,23
54,15212;        1360,247
53,02688;        1360,263
52,31022;        1360,279
50,89033;        1360,297
49,60141;        1360,313
48,95113;        1360,33
47,74835;        1360,346
46,79724;        1360,362
46,16698;        1360,379
45,26974;        1360,396
44,60506;        1360,413
44,28795;        1360,431
43,83706;        1360,449
43,58791;        1360,466
43,3003;        1360,484
43,09986;        1360,502
42,98852;        1360,52
42,88428;        1360,538
42,91629;        1360,557
43,00061;        1360,575
43,03308;        1360,593
43,06909;        1360,611
43,26417;        1360,629
43,43185;        1360,647
43,57368;        1360,665
43,70606;        1360,683
43,82341;        1360,702
43,88631;        1360,721
43,95058;        1360,739
43,93948;        1360,757
44,01978;        1360,776
44,18004;        1360,794
44,239;        1360,812
44,35104;        1360,829
44,52375;        1360,846
44,681;        1360,864
44,74783;        1360,881
44,8792;        1360,899
44,99523;        1360,917
45,14129;        1360,934
45,23197;        1360,951
45,39524;        1360,969
45,49698;        1360,987
45,58611;        1361,005
45,6372;        1361,022
45,71211;        1361,041
45,75821;        1361,06
45,83062;        1361,08
45,88479;        1361,098
45,91354;        1361,116
45,86401;        1361,134
45,82745;        1361,153
45,81855;        1361,171
45,80001;        1361,189
45,76504;        1361,208
45,72265;        1361,225
45,7261;        1361,246
45,73191;        1361,263
45,72953;        1361,281
45,74198;        1361,299
45,79646;        1361,316
45,85272;        1361,334
45,91243;        1361,352
45,9555;        1361,37
46,02905;        1361,388
46,04672;        1361,406
46,06803;        1361,423
46,08829;        1361,441
46,13416;        1361,46
46,18006;        1361,477
46,21649;        1361,496
46,21208;        1361,514
46,1793;        1361,532
46,15534;        1361,549
46,17231;        1361,567
46,14458;        1361,584
46,12607;        1361,603
46,12617;        1361,621
46,14053;        1361,639
46,15332;        1361,656
46,18907;        1361,676
46,25472;        1361,697
46,35256;        1361,716
46,39497;        1361,733
46,3922;        1361,75
46,39384;        1361,768
46,42715;        1361,787
46,46505;        1361,805
46,48143;        1361,823
46,49154;        1361,841
46,53288;        1361,86
46,52826;        1361,877
46,45229;        1361,893
46,40871;        1361,911
46,3825;        1361,929
46,40834;        1361,948
46,44724;        1361,967
46,51061;        1361,985
46,52736;        1362,003
46,54175;        1362,021
46,54638;        1362,039
46,5723;        1362,057
46,60038;        1362,075
46,61578;        1362,09
46,63182;        1362,107
46,66195;        1362,123
46,65755;        1362,14
46,68835;        1362,155
46,68017;        1362,172
46,77129;        1362,188
46,8718;        1362,207
46,95419;        1362,226
47,08862;        1362,244
47,13828;        1362,259
47,30106;        1362,275
47,38915;        1362,291
47,54701;        1362,31
47,66992;        1362,326
47,85043;        1362,342
47,90265;        1362,361
48,14791;        1362,379
48,54807;        1362,396
49,10758;        1362,412
49,47106;        1362,429
49,8634;        1362,446
49,95431;        1362,463
50,01036;        1362,479
49,83931;        1362,496
49,58005;        1362,514
49,23994;        1362,532
49,03001;        1362,55
48,69841;        1362,567
48,36254;        1362,585
47,87404;        1362,605
47,45069;        1362,623
47,15834;        1362,641
46,78758;        1362,658
46,3423;        1362,675
45,84752;        1362,692
45,58264;        1362,709
45,25238;        1362,726
45,00152;        1362,745
44,7936;        1362,762
44,68338;        1362,779
44,60327;        1362,797
44,6125;        1362,813
44,66957;        1362,831
44,77634;        1362,849
44,91301;        1362,866
45,03044;        1362,884
45,04926;        1362,9
45,10877;        1362,918
45,146;        1362,936
45,17008;        1362,954
45,20664;        1362,972
45,26035;        1362,989
45,31237;        1363,007
45,25186;        1363,024
45,18638;        1363,042
45,0321;        1363,058
44,92675;        1363,074
44,58242;        1363,092
44,46093;        1363,109
44,09002;        1363,127
43,59149;        1363,145
43,07533;        1363,162
42,6947;        1363,181
41,92577;        1363,199
41,17584;        1363,217
40,46031;        1363,236
39,72124;        1363,254
38,85779;        1363,273
38,37735;        1363,292
37,5772;        1363,311
37,47038;        1363,329
36,15693;        1363,347
35,52003;        1363,364
35,20219;        1363,381
34,43235;        1363,399
33,68321;        1363,416
33,0686;        1363,436
32,66245;        1363,456
32,43808;        1363,473
32,16852;        1363,491
32,0349;        1363,509
31,99078;        1363,527
31,99568;        1363,543
32,02995;        1363,561
32,14394;        1363,578
32,3494;        1363,595
32,63766;        1363,612
32,80126;        1363,629
32,97853;        1363,647
33,1911;        1363,664
33,29779;        1363,682
33,53117;        1363,698
33,77431;        1363,716
33,9508;        1363,734
34,01513;        1363,751
34,13136;        1363,77
34,20305;        1363,789
34,25654;        1363,806
34,31912;        1363,825
34,34076;        1363,843
34,35386;        1363,861
34,36603;        1363,879
34,37151;        1363,897
34,3525;        1363,916
34,33068;        1363,934
34,28938;        1363,952
34,27998;        1363,971
34,50048;        1364,071
36,78695;        1364,085
39,28515;        1364,1
39,7188;        1364,113
39,9971;        1364,129
40,42052;        1364,143
41,12424;        1364,167
41,35499;        1364,187
42,14827;        1364,205
42,40471;        1364,221
43,02101;        1364,24
43,73809;        1364,257
44,43446;        1364,275
44,70644;        1364,292
45,09672;        1364,309
45,48045;        1364,328
45,79798;        1364,345
46,26059;        1364,363
46,59161;        1364,38
47,2759;        1364,398
48,09654;        1364,416
49,07463;        1364,435
50,17216;        1364,454
50,81099;        1364,472
52,28275;        1364,49
54,08776;        1364,51
55,92175;        1364,528
57,48354;        1364,547
59,44896;        1364,567
61,84698;        1364,585
64,21964;        1364,603
65,80762;        1364,621
68,64302;        1364,639
71,68438;        1364,656
75,18233;        1364,673
77,18482;        1364,69
80,43952;        1364,709
83,65164;        1364,726
84,75324;        1364,743
88,04404;        1364,761
91,16219;        1364,779
94,22351;        1364,796
97,25951;        1364,814
100,3687;        1364,833
102,0214;        1364,85
104,9657;        1364,866
107,8654;        1364,884
109,3626;        1364,902
112,4968;        1364,919
114,9949;        1364,937
117,2583;        1364,955
119,2043;        1364,972
120,1099;        1364,991
122,3359;        1365,009
124,6602;        1365,026
126,564;        1365,044
127,5102;        1365,06
129,0795;        1365,077
129,7073;        1365,094
131,1622;        1365,111
132,3933;        1365,128
133,0247;        1365,145
132,7322;        1365,162
132,1467;        1365,181
131,3226;        1365,198
131,0025;        1365,215
131,0073;        1365,231
131,2314;        1365,248
131,5648;        1365,265
131,2784;        1365,284
131,1947;        1365,302
131,0796;        1365,322
131,0327;        1365,339
130,934;        1365,355
130,8126;        1365,372
130,8383;        1365,39
130,8981;        1365,407
130,9163;        1365,426
130,8495;        1365,444
130,796;        1365,461
130,7649;        1365,478
130,7491;        1365,495
130,7238;        1365,511
130,6776;        1365,53
130,665;        1365,547
130,6668;        1365,563
130,6506;        1365,581
130,635;        1365,598
130,6146;        1365,615
130,6004;        1365,632
130,5867;        1365,649
130,5689;        1365,668
130,5568;        1365,685
130,5461;        1365,703
130,5474;        1365,722
130,5548;        1365,741
130,5633;        1365,759
130,5573;        1365,776
130,558;        1365,793
130,5431;        1365,81
130,5278;        1365,827
130,5304;        1365,844
130,5363;        1365,859
130,5471;        1365,874
130,5416;        1365,891
130,541;        1365,91
130,5395;        1365,927
130,5319;        1365,944
130,5345;        1365,961
130,5487;        1365,979
130,5518;        1365,996
130,5602;        1366,012
130,5659;        1366,027
130,5658;        1366,042
130,5587;        1366,059
130,5758;        1366,073
130,5896;        1366,09
130,5834;        1366,108
130,5826;        1366,125
130,5764;        1366,143
130,5807;        1366,159
130,5788;        1366,174
130,5735;        1366,189
130,5576;        1366,207
130,5719;        1366,225
130,5946;        1366,245
130,6032;        1366,262
130,6159;        1366,28
130,6194;        1366,298
130,6158;        1366,316
130,6066;        1366,333
130,6114;        1366,352
130,6228;        1366,371
130,6231;        1366,391
130,6318;        1366,409
130,6304;        1366,427
130,6195;        1366,447
130,6223;        1366,465
130,6359;        1366,483
130,6344;        1366,5
130,6173;        1366,518
130,6197;        1366,536
130,6128;        1366,554
130,6091;        1366,573
130,612;        1366,591
130,6121;        1366,609
130,6113;        1366,625
130,6359;        1366,642
130,7297;        1366,66
130,8672;        1366,677
131,0039;        1366,695
131,026;        1366,713
131,1922;        1366,731
131,2324;        1366,749
131,2391;        1366,767
131,2719;        1366,786
131,4472;        1366,805
131,9471;        1366,824
131,7653;        1366,843
132,108;        1366,861
131,9066;        1366,88
131,2006;        1366,898
130,198;        1366,916
129,2741;        1366,934
128,0672;        1366,953
127,4539;        1366,971
125,7492;        1366,99
123,6217;        1367,008
121,1969;        1367,026
119,8487;        1367,045
119,8487;        1367,061
113,9723;        1367,078
110,7943;        1367,095
109,0193;        1367,113
105,8465;        1367,131
102,1412;        1367,15
98,3876;        1367,168
94,46172;        1367,186
90,71584;        1367,204
89,07648;        1367,222
85,77361;        1367,24
82,61062;        1367,26
79,62641;        1367,279
76,87772;        1367,296
74,40801;        1367,313
73,56486;        1367,331
71,286;        1367,349
68,78371;        1367,367
67,46206;        1367,386
67,46206;        1367,403
63,20467;        1367,421
61,21195;        1367,439
59,29181;        1367,457
57,50222;        1367,475
56,71193;        1367,492
54,88168;        1367,51
53,19249;        1367,527
51,72646;        1367,544
51,09292;        1367,56
49,70974;        1367,577
48,2995;        1367,594
47,48927;        1367,611
46,11626;        1367,629
44,90963;        1367,647
43,9697;        1367,665
43,58425;        1367,682
42,69905;        1367,7
41,81957;        1367,717
41,1254;        1367,734
40,46853;        1367,753
40,146;        1367,77
39,76248;        1367,788
39,47481;        1367,804
39,37444;        1367,821
39,14507;        1367,839
38,97278;        1367,856
38,93198;        1367,874
39,00126;        1367,891
39,11069;        1367,908
39,2211;        1367,924
39,23104;        1367,94
39,28125;        1367,957
39,31819;        1367,973
39,37941;        1367,991
39,53917;        1368,004
39,58229;        1368,021
39,67998;        1368,039
39,79791;        1368,057
39,89744;        1368,074
39,91866;        1368,092
40,00855;        1368,109
40,14955;        1368,126
40,2016;        1368,142
40,2517;        1368,16
40,25619;        1368,176
40,27243;        1368,194
40,25217;        1368,212
40,25217;        1368,23
40,32373;        1368,248
40,42792;        1368,266
40,46057;        1368,283
40,4744;        1368,301
40,50615;        1368,319
40,51561;        1368,336
40,54871;        1368,354
40,61908;        1368,372
40,68657;        1368,391
40,72871;        1368,407
40,75897;        1368,425
40,77494;        1368,442
40,80916;        1368,459
40,86673;        1368,477
40,91471;        1368,495
40,98522;        1368,513
41,01658;        1368,532
41,03389;        1368,551
41,05492;        1368,568
41,08324;        1368,584
41,09249;        1368,602
41,08225;        1368,619
41,09875;        1368,638
41,11074;        1368,656
41,14714;        1368,674
41,20003;        1368,692
41,30006;        1368,711
41,34214;        1368,729
41,40251;        1368,747
41,493;        1368,765
41,51473;        1368,781
41,56713;        1368,798
41,60775;        1368,814
41,64667;        1368,832
41,65467;        1368,85
41,68654;        1368,867
41,7347;        1368,885
41,75286;        1368,902
41,78487;        1368,92
41,78548;        1368,938
41,80525;        1368,955
41,85131;        1368,971
41,94357;        1368,989
42,00182;        1369,006
42,02501;        1369,023
42,05004;        1369,04
42,10167;        1369,059
42,17584;        1369,076
42,25544;        1369,094
42,28633;        1369,112
42,3347;        1369,13
42,37168;        1369,149
42,38504;        1369,168
42,38765;        1369,186
42,38007;        1369,204
42,38007;        1369,221
42,38007;        1369,24
42,45253;        1369,258
42,45541;        1369,276
42,45415;        1369,294
42,46387;        1369,311
42,50175;        1369,329
42,52206;        1369,347
42,52438;        1369,365
42,5344;        1369,383
42,5494;        1369,4
42,57466;        1369,418
42,60237;        1369,436
42,61446;        1369,453
42,61163;        1369,47
42,62111;        1369,489
42,62625;        1369,506
42,62713;        1369,524
42,6372;        1369,542
42,64266;        1369,56
42,65264;        1369,577
42,68535;        1369,595
42,70247;        1369,612
42,71185;        1369,63
42,73347;        1369,646
42,74715;        1369,663
42,75397;        1369,679
42,77542;        1369,697
42,80278;        1369,714
42,82093;        1369,731
42,85289;        1369,748
42,88154;        1369,766
42,88503;        1369,782
42,87699;        1369,799
42,8714;        1369,815
42,86752;        1369,831
42,87622;        1369,848
42,89551;        1369,865
42,89107;        1369,88
42,87653;        1369,897
42,87234;        1369,912
42,8716;        1369,929
42,88855;        1369,946
42,9066;        1369,963
42,9265;        1369,981
42,93736;        1369,998
42,91045;        1370,015
42,87283;        1370,033
42,86687;        1370,05
42,88897;        1370,069
42,889;        1370,088
42,88077;        1370,106
42,89194;        1370,123
42,89022;        1370,139
42,92072;        1370,156
42,98276;        1370,175
43,04804;        1370,192
43,05563;        1370,21
43,07547;        1370,228
43,08991;        1370,246
43,09798;        1370,264
43,11243;        1370,282
43,14568;        1370,3
43,1618;        1370,318
43,18862;        1370,336
43,22081;        1370,354
43,26411;        1370,372
43,28082;        1370,39
43,31305;        1370,408
43,34413;        1370,425
43,35281;        1370,442
43,35606;        1370,459
43,39372;        1370,477
43,44558;        1370,494
43,47629;        1370,513
43,48368;        1370,531
43,50519;        1370,549
43,53347;        1370,568
43,55907;        1370,586
43,58134;        1370,604
43,62318;        1370,623
43,62667;        1370,64
43,68806;        1370,658
43,7564;        1370,677
43,85247;        1370,695
43,94991;        1370,713
44,00826;        1370,731
44,14677;        1370,748
44,29959;        1370,766
44,44261;        1370,782
44,51406;        1370,8
44,67005;        1370,817
44,848;        1370,836
44,98168;        1370,854
45,31871;        1370,873
45,464;        1370,891
45,68513;        1370,909
46,07016;        1370,927
46,34608;        1370,944
46,47111;        1370,961
46,7535;        1370,979
47,03946;        1370,996
47,31878;        1371,014
47,64297;        1371,032
47,83297;        1371,052
48,10702;        1371,07
48,35175;        1371,088
48,56113;        1371,108
48,7624;        1371,126
48,93662;        1371,143
49,01616;        1371,16
49,19198;        1371,179
49,3592;        1371,196
49,50407;        1371,213
49,59235;        1371,231
49,71407;        1371,248
49,82939;        1371,266
49,90957;        1371,283
49,96327;        1371,303
49,99639;        1371,321
50,05738;        1371,339
50,08822;        1371,357
50,12099;        1371,375
50,14232;        1371,392
50,16454;        1371,41
50,16552;        1371,428
50,21228;        1371,445
50,1851;        1371,463
50,16677;        1371,481
50,10443;        1371,499
