0;        415,0794
131,6892;        415,0992
132,3993;        415,119
132,5274;        415,1386
132,6803;        415,157
133,0915;        415,1754
133,4635;        415,1949
133,499;        415,2147
133,3466;        415,2333
133,3587;        415,2527
133,2863;        415,2724
132,6103;        415,2903
130,9373;        415,3078
129,0355;        415,327
129,2527;        415,3457
130,5105;        415,3643
130,8313;        415,383
130,386;        415,4019
129,8035;        415,4207
129,3362;        415,4393
129,2797;        415,4576
129,4264;        415,4751
129,4236;        415,4923
129,3407;        415,5122
129,1955;        415,5305
129,064;        415,5481
129,0737;        415,5656
129,0695;        415,584
129,088;        415,6023
129,2763;        415,6204
129,6175;        415,6396
129,7981;        415,6582
129,7203;        415,6762
129,6507;        415,695
129,6051;        415,7132
129,6098;        415,7324
129,7664;        415,752
129,6479;        415,7704
129,2511;        415,7889
128,9435;        415,8083
128,6427;        415,8271
128,3777;        415,8463
128,177;        415,8654
128,0891;        415,8846
128,1442;        415,904
128,3263;        415,9245
128,6097;        415,9447
129,0064;        415,9622
129,2388;        415,9815
129,444;        415,9994
129,4203;        416,017
129,1854;        416,0361
128,8569;        416,054
128,3819;        416,0726
127,8291;        416,0915
127,5735;        416,1099
127,1341;        416,1282
126,7456;        416,1465
126,3849;        416,1649
126,0485;        416,1835
125,7342;        416,2018
125,5465;        416,2202
125,0032;        416,239
124,3382;        416,257
123,5555;        416,2763
122,7016;        416,2954
121,6898;        416,314
120,6175;        416,3336
119,4613;        416,3521
118,8623;        416,3713
117,6621;        416,3878
116,5916;        416,4055
115,3322;        416,4239
113,9736;        416,4411
113,274;        416,459
111,9182;        416,4762
110,6066;        416,4945
109,3078;        416,512
108,6405;        416,5285
107,335;        416,5449
106,0919;        416,5627
105,4924;        416,5801
104,4002;        416,5984
103,6041;        416,6168
102,9088;        416,635
102,5264;        416,6523
102,485;        416,67
102,4523;        416,6879
102,3593;        416,7054
102,1524;        416,723
102,0222;        416,7403
101,8521;        416,7585
101,6576;        416,7764
101,446;        416,7952
101,2708;        416,8126
101,0607;        416,8329
100,9314;        416,8508
100,8871;        416,8686
100,8365;        416,8856
100,822;        416,9006
100,7501;        416,9173
100,7468;        416,9352
100,7598;        416,953
100,759;        416,9705
100,7696;        416,9879
100,8106;        417,0065
100,8351;        417,0256
100,8855;        417,0439
100,9537;        417,0635
101,0202;        417,0811
101,0654;        417,1002
101,1677;        417,1194
101,2893;        417,1377
101,4715;        417,1577
101,6568;        417,1767
101,7845;        417,1957
101,9471;        417,2142
102,133;        417,2327
102,3295;        417,2516
102,4275;        417,2701
102,6424;        417,2881
102,9381;        417,3064
103,252;        417,3251
103,5837;        417,3442
103,9861;        417,3636
104,4511;        417,3825
104,848;        417,402
105,0733;        417,4206
105,7064;        417,4411
105,934;        417,4591
106,4268;        417,4765
107,0093;        417,4946
107,6433;        417,5127
108,2454;        417,5312
108,5123;        417,549
109,2006;        417,5677
109,9706;        417,5866
110,7126;        417,605
111,6825;        417,6231
112,9029;        417,6418
114,3098;        417,6613
114,9884;        417,6802
116,3106;        417,6985
117,5429;        417,7169
118,8483;        417,7348
120,4084;        417,7538
122,0238;        417,7722
122,8019;        417,7911
124,2408;        417,8089
125,8269;        417,8257
127,3474;        417,8445
129,0332;        417,8639
130,5356;        417,8828
131,1816;        417,9012
130,868;        417,9196
129,1308;        417,938
128,5648;        417,9562
128,9969;        417,9767
129,1568;        417,9959
129,2936;        418,0143
129,5585;        418,0326
129,2956;        418,0509
129,0585;        418,0698
128,8969;        418,0872
128,9478;        418,1059
128,967;        418,1244
128,9047;        418,1407
128,8189;        418,1582
128,8533;        418,1763
128,8714;        418,1941
128,8417;        418,2128
128,8559;        418,2305
128,8871;        418,2486
128,8831;        418,2654
128,8793;        418,2831
128,892;        418,3001
128,8957;        418,3183
128,8801;        418,3368
128,8742;        418,3549
128,8764;        418,372
128,8996;        418,3928
128,9099;        418,411
128,9116;        418,4286
128,9385;        418,4464
128,9441;        418,4645
128,9439;        418,4825
128,9331;        418,5001
128,9068;        418,5186
128,9277;        418,5345
128,9238;        418,5514
128,9181;        418,5683
128,9119;        418,5852
128,91;        418,6008
128,9172;        418,6179
128,9232;        418,634
128,9403;        418,65
128,9481;        418,6667
128,9528;        418,682
128,9485;        418,6984
128,9549;        418,7142
128,9541;        418,7303
128,9409;        418,7464
128,9189;        418,7628
128,9096;        418,7797
128,907;        418,7954
128,8969;        418,8127
128,8888;        418,8317
128,8861;        418,8502
128,9019;        418,8685
128,9054;        418,8856
128,9072;        418,9029
128,898;        418,9215
128,8699;        418,9404
128,8616;        418,9581
128,8439;        418,9757
128,8169;        418,9937
128,8184;        419,0123
128,8072;        419,0296
128,7999;        419,0497
128,7789;        419,0673
128,7689;        419,0844
128,7629;        419,1023
128,7468;        419,1201
128,7338;        419,1384
128,735;        419,1559
128,7392;        419,1728
128,7333;        419,1897
128,7518;        419,2074
128,7718;        419,2241
128,7742;        419,2421
128,7819;        419,2603
128,8017;        419,2781
128,8146;        419,2952
128,8216;        419,3127
128,8292;        419,3298
128,8301;        419,3457
128,8364;        419,3615
128,8203;        419,3794
128,8146;        419,3982
128,8217;        419,4156
128,8233;        419,433
128,8472;        419,4521
128,8642;        419,4689
128,873;        419,4875
128,8575;        419,5078
128,8397;        419,5262
128,8392;        419,5452
128,8519;        419,5649
128,8467;        419,584
128,8513;        419,603
128,8554;        419,6208
128,8589;        419,6396
128,8632;        419,66
128,8597;        419,6795
128,8358;        419,6986
128,8335;        419,7167
128,8341;        419,7347
128,8532;        419,7523
128,8645;        419,7699
128,8658;        419,7879
128,8768;        419,8055
128,8809;        419,8239
128,8877;        419,8414
128,8869;        419,8588
128,8851;        419,8777
128,8806;        419,8961
128,8815;        419,9129
128,8863;        419,9294
128,8789;        419,9478
128,865;        419,9654
128,8597;        419,984
128,854;        420,0028
128,8928;        420,0212
129,0192;        420,0405
129,2451;        420,0595
129,5383;        420,0786
129,6954;        420,0982
129,6009;        420,1171
129,5186;        420,1368
129,5178;        420,1553
129,4499;        420,1739
129,4624;        420,1931
129,4403;        420,2114
129,338;        420,2299
129,1951;        420,248
129,1102;        420,2656
128,9856;        420,2846
128,775;        420,3046
128,5213;        420,3247
128,2809;        420,3461
127,953;        420,3643
127,6437;        420,3823
127,3051;        420,4015
127,0216;        420,4221
126,9185;        420,4414
126,7612;        420,4594
126,6395;        420,4777
126,5116;        420,4953
126,4512;        420,5143
126,3642;        420,5313
126,3558;        420,5494
126,2082;        420,5674
126,0944;        420,5853
125,9993;        420,6047
125,858;        420,6226
125,6423;        420,6413
125,5559;        420,6596
125,2552;        420,6784
124,9736;        420,6962
124,5719;        420,7135
124,4285;        420,7307
124,0092;        420,748
123,6224;        420,7657
123,3421;        420,7823
123,1795;        420,7997
122,9074;        420,8167
122,6805;        420,8331
122,6009;        420,8511
122,4506;        420,8682
122,3474;        420,8844
122,269;        420,9018
122,2505;        420,9193
122,3003;        420,9371
122,4042;        420,9576
122,4523;        420,9758
122,4822;        420,9961
122,5323;        421,0146
122,5858;        421,0329
122,6334;        421,0523
122,6598;        421,0703
122,6704;        421,0884
122,669;        421,1056
122,6553;        421,1238
122,636;        421,1408
122,6276;        421,1596
122,6028;        421,1769
122,6002;        421,1938
122,5951;        421,2123
122,5932;        421,2307
122,5676;        421,2484
122,5557;        421,2672
122,5272;        421,2848
122,4825;        421,3034
122,4861;        421,3236
122,4883;        421,3424
122,4811;        421,3604
122,4867;        421,3783
122,4991;        421,3976
122,5116;        421,4168
122,5011;        421,4351
122,4934;        421,4542
122,4754;        421,4729
122,4769;        421,4908
122,518;        421,5086
122,5919;        421,5266
122,6454;        421,5443
122,6984;        421,5621
122,7179;        421,5826
122,7083;        421,601
122,6819;        421,621
122,5628;        421,642
122,3891;        421,662
122,216;        421,6808
122,1928;        421,7001
121,9884;        421,7188
121,7355;        421,7374
121,4214;        421,7563
121,1059;        421,7744
120,7686;        421,7917
120,5906;        421,8105
120,3156;        421,8291
120,0352;        421,8484
119,7724;        421,868
119,5924;        421,8861
119,5179;        421,905
119,4652;        421,9256
119,4286;        421,9449
119,4577;        421,9631
119,4661;        421,981
119,475;        421,9991
119,4951;        422,0175
119,5133;        422,0372
119,5188;        422,0561
119,5733;        422,0736
119,559;        422,0918
119,6301;        422,1116
119,6716;        422,1298
119,7119;        422,1497
119,761;        422,1693
119,8541;        422,19
120,0383;        422,2121
120,1914;        422,2322
120,3699;        422,2512
120,4848;        422,2694
120,7071;        422,2889
120,9685;        422,3069
121,2282;        422,3248
121,5144;        422,3427
121,8004;        422,3612
121,9603;        422,3799
122,37;        422,3994
122,9244;        422,4185
123,5989;        422,4368
124,3191;        422,4557
125,1405;        422,4741
126,0593;        422,492
126,5172;        422,5107
127,4494;        422,529
128,3875;        422,5468
129,109;        422,565
129,6737;        422,5825
129,7457;        422,601
129,4174;        422,6183
128,8526;        422,6364
128,7287;        422,6541
128,7429;        422,6736
128,7717;        422,6903
128,8481;        422,7055
128,8661;        422,7237
128,8343;        422,7411
128,6715;        422,758
128,4806;        422,7748
128,5057;        422,7909
128,3879;        422,8072
128,3261;        422,8235
128,2024;        422,8409
128,0706;        422,859
127,9619;        422,8758
127,9489;        422,8991
127,9421;        422,9155
127,9237;        422,9343
127,9299;        422,953
127,8727;        422,971
127,8296;        422,9889
127,7819;        423,0072
127,7281;        423,0264
127,688;        423,0447
127,6413;        423,0623
127,6085;        423,0802
127,6128;        423,0988
127,6766;        423,1161
127,6561;        423,1333
127,8289;        423,1493
128,1695;        423,1683
128,3201;        423,1848
128,1988;        423,2019
128,0659;        423,2209
127,9303;        423,2383
127,778;        423,2563
127,787;        423,2743
127,6911;        423,2925
127,5799;        423,3109
127,5096;        423,3297
127,4929;        423,3481
127,4823;        423,3663
127,4514;        423,3836
127,4426;        423,4018
127,4772;        423,4188
127,6034;        423,4363
127,558;        423,4536
127,7564;        423,4714
127,9905;        423,4893
128,1712;        423,5077
128,493;        423,526
128,9372;        423,5434
129,1745;        423,5619
129,3672;        423,5804
129,2665;        423,5989
129,0136;        423,6172
128,5417;        423,6359
127,769;        423,6545
126,8288;        423,6739
126,4837;        423,6911
125,4158;        423,709
124,1262;        423,7276
122,7861;        423,7471
121,5548;        423,7658
120,0154;        423,7851
118,411;        423,8026
117,6023;        423,8205
115,8968;        423,8392
114,2078;        423,8565
112,6006;        423,8741
111,8103;        423,8912
110,2892;        423,9088
108,7838;        423,9267
107,2954;        423,9442
106,024;        423,9641
104,7171;        423,9831
103,6071;        424,0014
103,6071;        424,0193
102,1907;        424,039
101,0832;        424,0579
100,0295;        424,0763
99,28329;        424,0959
98,71139;        424,1138
98,18747;        424,1324
97,87829;        424,1496
97,51362;        424,168
97,19273;        424,1856
96,92879;        424,204
96,76825;        424,2217
96,7091;        424,24
96,56743;        424,257
96,40601;        424,2758
96,25791;        424,2944
96,19319;        424,3124
96,11361;        424,3301
96,09451;        424,348
96,097;        424,3662
96,0255;        424,3824
96,02444;        424,4005
96,05797;        424,4178
96,08179;        424,4374
96,0581;        424,456
96,07185;        424,4742
96,15277;        424,4932
96,18547;        424,5114
96,19413;        424,5289
96,24041;        424,548
96,31641;        424,5664
96,4062;        424,585
96,51421;        424,604
96,62844;        424,6208
96,81634;        424,6381
97,03119;        424,655
97,10806;        424,6727
97,29747;        424,6899
97,42848;        424,7094
97,5097;        424,7271
97,51684;        424,747
97,51593;        424,7642
97,52132;        424,7809
97,53958;        424,7974
97,57841;        424,8167
97,58306;        424,8343
97,58042;        424,8529
97,58788;        424,8708
97,56992;        424,8872
97,58543;        424,9038
97,57178;        424,9219
97,57139;        424,9402
97,53145;        424,9582
97,47126;        424,9775
97,40749;        424,9947
97,37404;        425,0134
97,36606;        425,0319
97,34921;        425,0506
97,31862;        425,0698
97,25824;        425,0875
97,21758;        425,1067
97,23341;        425,126
97,25618;        425,1448
97,31027;        425,1635
97,42924;        425,1829
97,51794;        425,2006
97,5216;        425,2195
97,52515;        425,2374
97,58611;        425,2555
97,64215;        425,2736
97,71452;        425,2924
97,75287;        425,31
97,85927;        425,329
97,94492;        425,348
98,05336;        425,3663
98,18359;        425,3849
98,29456;        425,4026
98,36079;        425,4211
98,367;        425,4397
98,30151;        425,4583
98,21329;        425,4772
98,12704;        425,4952
98,09229;        425,5132
98,04978;        425,5313
98,04417;        425,5493
98,02284;        425,5673
98,02221;        425,585
97,98726;        425,6026
97,94957;        425,6196
97,93919;        425,637
97,98555;        425,6555
97,99516;        425,6741
98,02142;        425,6929
98,04507;        425,7112
98,09401;        425,7302
98,08581;        425,7486
98,06819;        425,7665
98,08945;        425,7847
98,09815;        425,8031
98,08382;        425,8215
98,07492;        425,8391
98,10127;        425,8564
98,13825;        425,8769
98,18935;        425,8951
98,24953;        425,915
98,25708;        425,9341
98,2605;        425,954
98,27653;        425,9721
98,26939;        425,9905
98,27399;        426,0095
98,29751;        426,0291
98,30844;        426,0477
98,338;        426,0661
98,37431;        426,0839
98,36459;        426,1023
98,32695;        426,1207
98,30611;        426,1388
98,26697;        426,1606
98,2431;        426,1792
98,26115;        426,1964
98,24011;        426,2144
98,18651;        426,2319
98,19489;        426,2504
98,1792;        426,2693
98,18073;        426,2874
98,1585;        426,3052
98,1315;        426,3242
98,09891;        426,3438
98,0426;        426,3626
98,02043;        426,3817
98,0276;        426,4
98,00931;        426,42
97,93979;        426,4369
97,88689;        426,4546
97,8732;        426,4728
97,84671;        426,4903
97,81249;        426,5089
97,82737;        426,5244
97,84361;        426,542
97,86248;        426,5595
97,915;        426,5764
98,00324;        426,5962
98,04164;        426,6166
97,96772;        426,6345
97,92027;        426,6524
97,89342;        426,6698
97,84367;        426,6879
97,81946;        426,706
97,85432;        426,7231
97,90297;        426,7402
97,97422;        426,7588
98,01587;        426,7776
98,04835;        426,7946
98,04739;        426,8115
98,02721;        426,8299
97,99893;        426,8479
97,98424;        426,8655
97,9713;        426,8826
97,93819;        426,8988
97,98634;        426,9139
98,00655;        426,9316
98,01422;        426,9489
98,03761;        426,9684
98,07101;        426,9883
98,09015;        427,0055
98,12943;        427,0234
98,15234;        427,0406
98,14341;        427,0586
98,11534;        427,077
98,12305;        427,0955
98,1283;        427,1122
98,13309;        427,1296
98,12379;        427,1459
98,11039;        427,1638
98,10838;        427,1823
98,12201;        427,2006
98,16459;        427,2189
98,14636;        427,2368
98,11673;        427,2552
98,11061;        427,2733
98,11356;        427,2912
98,13765;        427,3094
98,15591;        427,3279
98,13644;        427,346
98,12518;        427,3636
98,08976;        427,3818
98,06152;        427,3991
98,03889;        427,4182
98,07452;        427,4355
98,11707;        427,451
98,12193;        427,4695
98,13617;        427,4876
98,17414;        427,5051
98,21275;        427,5229
98,25191;        427,5412
98,27845;        427,5587
98,28395;        427,576
98,25158;        427,5947
98,21715;        427,6121
98,17232;        427,6295
98,0612;        427,6472
97,92648;        427,6662
97,7657;        427,6859
97,60326;        427,7044
97,41924;        427,7238
97,27976;        427,7421
97,14508;        427,7617
97,07285;        427,7816
96,93724;        427,7999
96,84795;        427,818
96,79417;        427,8362
96,75105;        427,8553
96,72478;        427,8737
96,70052;        427,8911
96,69533;        427,9086
96,72655;        427,9271
96,76331;        427,9445
96,8286;        427,9636
96,83942;        427,98
96,90811;        427,9974
97,00214;        428,0168
97,07936;        428,0359
97,12214;        428,0564
97,16576;        428,0779
97,23738;        428,0961
97,27599;        428,1145
97,28594;        428,133
97,27063;        428,1517
97,27428;        428,1696
97,22903;        428,1895
97,12782;        428,2071
97,05279;        428,2252
96,99708;        428,2435
96,94646;        428,2619
96,94262;        428,2795
97,02687;        428,2971
97,15358;        428,3172
97,17319;        428,3362
97,03149;        428,3542
97,03368;        428,3716
97,14162;        428,3899
97,47787;        428,4076
97,6291;        428,425
97,57292;        428,4442
97,63824;        428,4633
97,61288;        428,4811
97,39739;        428,4992
96,52358;        428,5164
95,66606;        428,5352
94,76527;        428,554
93,83884;        428,5714
93,23419;        428,5902
92,22076;        428,6078
91,35341;        428,6245
90,46271;        428,641
89,8949;        428,6577
88,91506;        428,6736
88,4085;        428,6893
87,99652;        428,7067
87,15489;        428,7234
86,61606;        428,7415
86,42206;        428,7577
86,26138;        428,774
86,25927;        428,7924
86,33173;        428,8087
86,5415;        428,8247
86,73734;        428,8409
87,00017;        428,8574
87,13478;        428,8746
87,19421;        428,8907
87,26946;        428,9071
87,30031;        428,9258
87,30228;        428,9439
87,26464;        428,962
87,20756;        428,9804
87,06604;        428,9984
86,9603;        429,017
86,91406;        429,0353
86,89211;        429,0527
86,88369;        429,0732
87,00465;        429,1732
89,37431;        429,1894
97,5881;        429,207
101,0535;        429,2209
102,6489;        429,2397
103,187;        429,2591
104,6558;        429,274
108,3154;        429,2986
109,6957;        429,3173
112,8124;        429,3346
115,1908;        429,351
116,8252;        429,3737
118,5394;        429,3914
120,9016;        429,4096
122,1145;        429,4283
124,1662;        429,4461
125,4461;        429,4652
126,343;        429,4843
127,0361;        429,5024
127,5784;        429,5206
127,7235;        429,5389
127,9182;        429,5578
127,7446;        429,5755
127,4141;        429,5937
127,1497;        429,6107
127,0463;        429,6284
126,8781;        429,6458
126,8176;        429,6644
126,8377;        429,6837
126,8399;        429,7021
126,8405;        429,7206
126,8006;        429,7398
126,897;        429,7579
127,0559;        429,7771
127,0456;        429,796
126,982;        429,8151
126,953;        429,8344
126,971;        429,8533
126,9104;        429,872
126,7892;        429,8894
126,6623;        429,9079
126,4775;        429,9255
126,3477;        429,9439
126,2909;        429,9622
126,3074;        429,9805
126,3537;        429,9984
126,5196;        430,0176
126,7955;        430,0366
127,0577;        430,0566
127,2657;        430,0751
127,4774;        430,0932
127,6148;        430,1121
127,6471;        430,1314
127,5691;        430,1478
127,4436;        430,166
127,3702;        430,1836
127,397;        430,2022
127,4461;        430,2189
127,532;        430,2353
127,5872;        430,2529
127,7425;        430,2688
128,0839;        430,2863
127,9692;        430,3042
127,4716;        430,323
126,9566;        430,3401
126,6853;        430,3573
126,1638;        430,375
125,3994;        430,3916
124,9539;        430,4083
124,0303;        430,4247
122,7864;        430,4427
122,021;        430,4583
120,4706;        430,4746
118,7644;        430,4923
117,7863;        430,5082
115,7425;        430,5251
113,5688;        430,5416
112,4883;        430,5588
109,9506;        430,5782
107,4382;        430,5966
104,6736;        430,6153
102,0387;        430,6347
99,43084;        430,6533
96,53496;        430,6718
93,32899;        430,6909
89,99936;        430,7108
88,26151;        430,7303
85,42566;        430,75
82,95314;        430,7679
81,26888;        430,7862
79,26451;        430,8045
77,58741;        430,8205
76,69936;        430,8376
75,27989;        430,8574
74,12428;        430,8763
73,3133;        430,8934
72,66769;        430,912
72,03157;        430,9299
71,69139;        430,9478
71,09505;        430,9659
70,73847;        430,9841
70,41844;        431,0022
70,25024;        431,0215
70,21838;        431,039
70,00671;        431,0563
69,77299;        431,0755
69,72932;        431,0958
69,85528;        431,1139
69,91007;        431,1316
69,86169;        431,1507
69,82646;        431,1684
69,86169;        431,1861
69,99658;        431,204
70,17652;        431,2227
70,42139;        431,2414
70,66882;        431,2598
70,85008;        431,2776
71,12966;        431,2957
71,32111;        431,3137
71,45016;        431,3313
71,5152;        431,3486
71,67429;        431,3678
71,80109;        431,3863
71,8946;        431,4042
71,94716;        431,4228
72,08224;        431,4402
72,1281;        431,4578
72,25883;        431,4762
72,41859;        431,495
72,77795;        431,5139
73,24464;        431,5313
73,79263;        431,5493
74,07455;        431,5687
74,70553;        431,5874
75,92375;        431,6063
77,76665;        431,6255
79,92087;        431,6445
82,03307;        431,6631
82,03307;        431,6812
86,2968;        431,7006
87,58112;        431,7193
90,58206;        431,7374
92,48388;        431,7551
98,44192;        431,772
103,5857;        431,79
106,2639;        431,8076
110,8145;        431,8258
114,5572;        431,8436
117,4464;        431,8613
118,8897;        431,879
121,66;        431,8967
124,4755;        431,9142
127,0353;        431,9322
129,2184;        431,9504
130,2799;        431,9695
131,5182;        431,9878
130,3157;        432,0059
128,6677;        432,0254
127,7002;        432,0446
127,6722;        432,063
128,9765;        432,0815
129,7021;        432,1006
129,1774;        432,119
127,9275;        432,137
127,5627;        432,1548
127,8756;        432,1736
127,9907;        432,193
127,9539;        432,2107
127,9553;        432,2288
127,9353;        432,2459
127,9457;        432,2614
127,9014;        432,2783
127,8878;        432,2958
127,8454;        432,3118
127,7849;        432,3294
127,7727;        432,345
127,7605;        432,3614
127,7557;        432,3785
127,7798;        432,3947
127,8304;        432,4109
127,8185;        432,428
127,7659;        432,4467
127,7641;        432,4648
127,7874;        432,4807
127,7727;        432,4969
127,7749;        432,5139
127,7375;        432,5308
127,6655;        432,5472
127,5947;        432,5643
127,6054;        432,581
127,6054;        432,5987
127,5873;        432,6163
127,5574;        432,6342
127,5364;        432,6526
127,5168;        432,6726
127,5657;        432,691
127,5697;        432,7106
127,5533;        432,7296
127,5906;        432,7484
127,6016;        432,7668
127,604;        432,7856
127,6067;        432,8036
127,6032;        432,8199
127,6151;        432,8372
127,6694;        432,854
127,6979;        432,8736
127,6982;        432,8928
127,7061;        432,9106
127,6904;        432,9281
127,6751;        432,9466
127,6788;        432,9649
127,6898;        432,9819
127,6873;        432,9996
127,6947;        433,0176
127,7143;        433,0366
127,7344;        433,0528
127,7737;        433,07
127,7684;        433,0887
127,7513;        433,1059
127,7661;        433,1246
127,7759;        433,1438
127,775;        433,1602
127,7982;        433,1777
127,8057;        433,1957
127,8136;        433,2133
127,8433;        433,2317
127,8724;        433,251
127,8967;        433,2692
127,8965;        433,2896
127,8987;        433,3082
127,8637;        433,3268
127,8215;        433,3456
127,8289;        433,3636
127,8577;        433,3822
127,8668;        433,4009
127,8929;        433,4185
127,9102;        433,4364
127,9437;        433,4545
127,9621;        433,4737
127,9711;        433,4925
127,9818;        433,5114
127,9717;        433,5284
127,9746;        433,5465
127,9839;        433,5641
127,9823;        433,5826
127,9885;        433,5998
127,9962;        433,6188
127,9936;        433,6368
127,9997;        433,6548
128,007;        433,6735
127,9989;        433,6929
128,0029;        433,7112
128,0111;        433,7295
127,9913;        433,7472
127,9975;        433,7657
127,9975;        433,7829
127,9809;        433,7997
127,9994;        433,8175
128,0087;        433,834
127,9936;        433,8523
128,0233;        433,8704
128,0203;        433,8882
128,0077;        433,9065
128,0174;        433,9247
127,9997;        433,9423
127,9851;        433,9601
127,9804;        433,9795
128,0042;        433,9972
128,0298;        434,0153
128,0303;        434,0344
128,0292;        434,0526
128,0349;        434,0725
128,0509;        434,0905
128,0613;        434,1086
128,0531;        434,127
128,0279;        434,1467
128,0353;        434,1658
128,0179;        434,185
127,9912;        434,202
127,9904;        434,2192
127,9942;        434,2353
128,0096;        434,2517
128,0148;        434,2669
128,0276;        434,282
128,0359;        434,2984
128,0381;        434,3151
128,0174;        434,3347
128,0001;        434,3604
128,015;        434,3802
128,0334;        434,4001
128,0216;        434,4213
128,0384;        434,4448
128,0508;        434,4647
128,022;        434,483
128,0256;        434,5001
128,0127;        434,5167
128,005;        434,5336
128,014;        434,5513
128,0409;        434,5685
128,0585;        434,5854
128,0615;        434,6032
128,0626;        434,6221
128,0496;        434,6403
128,0645;        434,6583
128,0825;        434,6753
128,0549;        434,693
128,0432;        434,7106
128,0562;        434,7289
128,0406;        434,7476
128,0457;        434,7686
128,0668;        434,7894
128,0805;        434,8092
128,0889;        434,8276
128,1149;        434,8446
128,1196;        434,8619
128,1109;        434,881
128,1072;        434,8984
128,0968;        434,916
128,0899;        434,9335
128,0717;        434,9514
128,0738;        434,9699
128,0835;        434,988
128,0924;        435,0058
128,0988;        435,0236
128,1026;        435,0415
128,1007;        435,0582
128,1174;        435,0749
128,1183;        435,0942
128,118;        435,1139
128,1177;        435,1315
128,1178;        435,1488
128,1292;        435,1671
128,1088;        435,1866
128,0824;        435,2044
128,1041;        435,2249
128,1117;        435,2435
128,1201;        435,2624
128,1161;        435,2811
128,1323;        435,3
128,1387;        435,3179
128,139;        435,336
128,1372;        435,3539
128,1396;        435,3714
128,143;        435,3894
128,1507;        435,4075
128,1609;        435,4251
128,1741;        435,4435
128,1891;        435,4618
128,1915;        435,4838
128,1817;        435,5013
128,1783;        435,5207
128,174;        435,5389
128,1794;        435,5568
128,1824;        435,5747
128,1757;        435,5932
128,1727;        435,6116
128,1636;        435,6297
128,1584;        435,6483
128,1617;        435,6651
128,1652;        435,6829
128,1729;        435,7011
128,1634;        435,7194
128,148;        435,7377
128,1619;        435,7557
128,1563;        435,776
128,1481;        435,7954
128,1621;        435,8145
128,1607;        435,8324
128,1566;        435,8514
128,1636;        435,8697
128,1736;        435,8866
128,1813;        435,9053
128,1958;        435,9234
128,1815;        435,9415
128,1736;        435,9598
128,1772;        435,9778
128,1859;        435,9969
128,1914;        436,0154
128,1977;        436,0338
128,1974;        436,0526
128,2028;        436,0711
128,2036;        436,0891
128,2124;        436,1062
128,2039;        436,1235
128,2099;        436,1412
128,2051;        436,1603
128,1938;        436,178
128,1989;        436,1956
128,1955;        436,2126
128,1922;        436,2291
128,1765;        436,2467
128,156;        436,2647
128,1714;        436,2829
128,1692;        436,3005
128,1707;        436,3174
128,1748;        436,3346
128,1752;        436,3516
128,1744;        436,3676
128,1673;        436,3843
128,1563;        436,4008
128,1597;        436,4183
128,166;        436,4376
128,1669;        436,4545
128,1787;        436,4728
128,1734;        436,4905
128,1682;        436,5088
128,1443;        436,5273
128,135;        436,5459
128,1236;        436,5641
128,1277;        436,5827
128,1337;        436,6014
128,1378;        436,6191
128,1203;        436,636
128,1397;        436,6529
128,1478;        436,6709
128,1241;        436,6897
128,108;        436,708
128,104;        436,7278
128,1028;        436,7456
128,1104;        436,7631
128,1136;        436,7808
128,1139;        436,7996
128,121;        436,8187
128,12;        436,837
128,1258;        436,8551
128,1155;        436,8715
128,1247;        436,8906
128,1366;        436,9089
128,13;        436,9279
128,1314;        436,9462
128,1281;        436,9642
128,1344;        436,9821
128,1388;        437,0002
128,1462;        437,0182
128,1614;        437,0375
128,1533;        437,0551
128,1514;        437,0739
128,1556;        437,0919
128,1537;        437,1111
128,1605;        437,1309
128,1608;        437,149
128,144;        437,1667
128,1578;        437,1837
128,155;        437,2006
128,1531;        437,2198
128,1717;        437,2382
128,1653;        437,2559
128,1676;        437,2728
128,1718;        437,29
128,1663;        437,3079
128,1712;        437,3253
128,1787;        437,3436
128,172;        437,3618
128,1672;        437,3794
128,1898;        437,3957
128,1921;        437,4128
128,1956;        437,4314
128,2003;        437,448
128,2134;        437,4666
128,2096;        437,4846
128,2127;        437,5017
128,2171;        437,5194
128,1964;        437,538
128,1821;        437,5571
128,1967;        437,5751
128,1887;        437,5922
128,1871;        437,6099
128,1858;        437,6273
128,1689;        437,6466
128,1717;        437,6659
128,1759;        437,6836
128,1767;        437,7013
128,174;        437,7195
128,1693;        437,7383
128,1671;        437,7562
128,1823;        437,7744
128,1928;        437,7925
128,1977;        437,8104
128,187;        437,8296
128,1775;        437,8499
128,1827;        437,8703
128,1894;        437,8905
128,191;        437,9085
128,1915;        437,9269
128,1873;        437,9457
128,197;        437,9644
128,2052;        437,9821
128,1971;        438,0002
128,2032;        438,0181
128,2035;        438,0374
128,2027;        438,0565
128,2189;        438,0772
128,1977;        438,0966
128,1895;        438,1153
128,1866;        438,1333
128,1961;        438,1526
128,205;        438,1708
128,2117;        438,1871
128,2126;        438,2038
128,2103;        438,2188
128,2087;        438,2347
128,198;        438,2494
128,1929;        438,2676
128,1739;        438,2855
128,1525;        438,3041
128,1394;        438,321
128,1359;        438,3388
128,1182;        438,3564
128,119;        438,3742
128,1254;        438,3912
128,1199;        438,4084
128,1074;        438,4264
128,1024;        438,445
128,1074;        438,463
128,1103;        438,4811
128,1068;        438,4992
128,1014;        438,5175
128,1073;        438,5355
128,116;        438,554
128,0958;        438,5718
128,1066;        438,5886
128,1127;        438,6072
128,0862;        438,6253
128,0949;        438,6415
128,0878;        438,6584
128,0783;        438,6763
128,0902;        438,6948
128,0738;        438,7113
128,0734;        438,7281
128,0643;        438,7452
128,0565;        438,7624
128,0485;        438,7801
128,0609;        438,7985
128,07;        438,8164
128,0655;        438,8329
128,0616;        438,8501
128,052;        438,8687
128,0502;        438,8871
128,0467;        438,9055
128,0152;        438,925
128,0064;        438,9439
127,9988;        438,9623
127,9993;        438,9797
127,9953;        438,9961
127,9974;        439,0149
127,9811;        439,0338
127,9674;        439,0519
127,9534;        439,0703
127,9378;        439,0883
127,9363;        439,107
127,9211;        439,1247
127,941;        439,1413
127,9234;        439,1595
127,9136;        439,1769
127,9271;        439,1954
127,908;        439,2131
127,8914;        439,231
127,8923;        439,2494
127,8962;        439,2683
127,88;        439,2867
127,8568;        439,3055
127,8615;        439,3237
127,8544;        439,3424
127,8777;        439,3608
127,9068;        439,3789
127,8986;        439,3969
127,9278;        439,415
127,9441;        439,4325
127,9247;        439,4502
127,949;        439,4685
127,9343;        439,4875
127,9427;        439,5058
127,9646;        439,5232
127,9648;        439,5407
127,953;        439,5588
127,962;        439,5767
127,9676;        439,5946
127,9707;        439,6123
127,9929;        439,6312
127,989;        439,6499
127,9964;        439,6672
127,9939;        439,6851
127,9984;        439,7031
128;        439,7205
127,9976;        439,7381
127,9928;        439,7569
127,9912;        439,7748
127,9969;        439,7928
127,9876;        439,8104
127,982;        439,8268
127,9886;        439,8441
127,9987;        439,862
128,0008;        439,8807
127,9893;        439,8992
127,9713;        439,9168
127,9657;        439,9348
127,9672;        439,9543
127,9453;        439,9719
127,9279;        439,9914
127,9072;        440,009
127,933;        440,0274
128,071;        440,047
128,2952;        440,0659
128,5319;        440,0837
128,4841;        440,1015
128,6338;        440,1198
128,6638;        440,1384
128,7209;        440,1569
128,8244;        440,175
128,8386;        440,1945
128,7714;        440,2123
128,54;        440,2307
128,4962;        440,2488
128,2939;        440,2675
128,0034;        440,2859
127,6867;        440,3044
127,1834;        440,3206
126,9893;        440,337
126,4615;        440,3525
125,8684;        440,3688
125,5864;        440,3851
124,8399;        440,4025
123,9007;        440,4219
122,9095;        440,4401
122,3897;        440,4583
121,3824;        440,4762
120,3801;        440,4933
119,4947;        440,5117
118,4425;        440,5293
117,9504;        440,5481
117,95;        440,5636
115,7969;        440,5795
115,2795;        440,5957
114,2544;        440,6132
113,2219;        440,6326
112,1381;        440,6506
110,9738;        440,6693
110,3611;        440,6878
109,2455;        440,7087
108,3567;        440,7271
107,2369;        440,7464
106,0637;        440,7646
105,0242;        440,783
104,0841;        440,8015
103,148;        440,8203
103,107;        440,8387
101,8069;        440,8578
100,8906;        440,8769
99,95646;        440,8952
99,18879;        440,9134
98,32419;        440,9324
97,39084;        440,9505
96,9193;        440,9685
96,00574;        440,9868
95,02278;        441,0043
94,02261;        441,0222
93,09441;        441,041
92,54429;        441,0589
91,48991;        441,0776
90,32941;        441,0957
89,21481;        441,1134
87,89307;        441,1309
87,14439;        441,1485
85,62071;        441,1676
84,06178;        441,1865
82,53558;        441,2047
81,04592;        441,2232
79,71799;        441,2412
78,86454;        441,2594
77,37772;        441,2772
76,07783;        441,295
75,13637;        441,3131
74,27965;        441,331
73,43391;        441,35
72,51226;        441,3686
72,08849;        441,3872
71,51173;        441,4059
71,20461;        441,4231
70,94927;        441,4407
70,77962;        441,4594
70,73724;        441,4782
70,53046;        441,4969
70,36403;        441,5156
70,29702;        441,5333
70,24664;        441,5521
70,25671;        441,5699
70,28595;        441,588
70,34064;        441,6064
70,34564;        441,625
70,31635;        441,6445
70,38607;        441,6637
70,41463;        441,6819
70,38866;        441,7013
70,379;        441,724
70,39497;        441,7446
70,45342;        441,7627
70,53416;        441,782
70,62481;        441,8009
70,66174;        441,8203
70,66692;        441,8391
70,67261;        441,8571
70,68343;        441,8752
70,6935;        441,8933
70,67026;        441,9116
70,63467;        441,9299
70,63321;        441,9469
70,69686;        441,9658
70,7416;        441,9835
70,76802;        442,001
70,76286;        442,0182
70,79964;        442,0363
70,83635;        442,054
70,89235;        442,0715
70,93872;        442,0894
70,95111;        442,1065
70,95263;        442,1252
70,94382;        442,1432
70,99239;        442,1607
71,03193;        442,1791
71,07923;        442,197
71,147;        442,2152
71,20504;        442,2325
71,29697;        442,251
71,43873;        442,2702
71,55361;        442,2881
71,83085;        442,3069
72,22417;        442,326
72,71668;        442,3438
73,47885;        442,363
74,64345;        442,3814
75,3712;        442,3988
77,03986;        442,4168
79,06377;        442,4339
81,38401;        442,4503
82,82185;        442,4669
85,58133;        442,484
88,0084;        442,4999
91,30241;        442,5187
93,21749;        442,5344
96,34631;        442,5522
98,91821;        442,5703
100,065;        442,5886
102,2314;        442,6061
104,4337;        442,6239
106,1926;        442,6417
107,7236;        442,6596
108,4557;        442,6779
109,9389;        442,6953
111,1929;        442,714
112,5652;        442,7328
113,9596;        442,7518
115,2725;        442,7712
116,4542;        442,7903
116,9763;        442,8084
118,2656;        442,8263
119,6857;        442,8437
121,2402;        442,8601
122,043;        442,8787
123,5881;        442,8968
124,9057;        442,9151
126,3853;        442,9329
127,7557;        442,9521
128,8773;        442,9706
129,3239;        442,9882
130,8609;        443,0067
129,9052;        443,0259
128,3718;        443,0445
127,7935;        443,0632
128,4008;        443,083
129,0123;        443,1035
129,0496;        443,1218
128,3812;        443,1418
127,9873;        443,1593
127,9076;        443,1769
128,0166;        443,195
127,8606;        443,2128
127,8354;        443,2306
127,8945;        443,2492
127,8666;        443,2672
127,8288;        443,2853
127,8223;        443,3029
127,8309;        443,3203
127,8257;        443,3378
127,8268;        443,3557
127,8278;        443,3721
127,8159;        443,391
127,785;        443,4086
127,7557;        443,427
127,7047;        443,4446
127,7027;        443,4624
127,7196;        443,4801
127,6904;        443,4976
127,6519;        443,5162
127,6032;        443,534
127,6041;        443,55
127,5985;        443,5674
127,596;        443,5858
127,5905;        443,6047
127,579;        443,6218
127,5354;        443,6397
127,5172;        443,6573
127,5062;        443,6759
127,5171;        443,6943
127,5274;        443,7135
127,5393;        443,7324
127,5489;        443,7512
127,551;        443,7701
127,5457;        443,7886
127,5466;        443,8071
127,5167;        443,8253
127,4961;        443,8431
127,4927;        443,8604
127,4676;        443,8788
127,4721;        443,8978
127,5032;        443,9151
127,5135;        443,9318
127,4957;        443,9494
127,4763;        443,9676
127,4665;        443,9854
127,4558;        444,0027
127,4476;        444,0197
127,4338;        444,0369
127,4428;        444,0557
127,4692;        444,0733
127,5038;        444,0901
127,5055;        444,1089
127,4919;        444,1279
127,4963;        444,1458
127,5017;        444,1638
127,5048;        444,181
127,4977;        444,1981
127,4865;        444,2148
127,5122;        444,2303
127,5223;        444,2479
127,5171;        444,2657
127,5152;        444,2841
127,4958;        444,3034
127,4978;        444,3228
127,506;        444,3416
127,5029;        444,3608
127,4895;        444,3807
127,483;        444,4002
127,4775;        444,4197
127,4898;        444,4386
127,4994;        444,4576
127,4972;        444,4791
127,4994;        444,4986
127,4916;        444,5158
127,4726;        444,5369
127,4501;        444,5552
127,423;        444,5738
127,3902;        444,5921
127,3741;        444,6108
127,372;        444,6296
127,3726;        444,6474
127,3748;        444,6674
127,3816;        444,6891
127,3672;        444,7082
127,36;        444,7276
127,3511;        444,7467
127,3626;        444,7654
127,3636;        444,785
127,3573;        444,8043
127,3475;        444,8258
127,3249;        444,8448
127,3269;        444,8636
127,3284;        444,8818
127,329;        444,8994
127,337;        444,9178
127,3435;        444,9355
127,3404;        444,9535
127,3434;        444,9735
127,3403;        444,9916
127,3418;        445,0099
127,3347;        445,0284
127,3391;        445,0465
127,3277;        445,0648
127,3196;        445,084
127,3245;        445,1046
127,3283;        445,1227
127,3325;        445,1412
127,3391;        445,1598
127,3393;        445,1787
127,326;        445,1973
127,3317;        445,216
127,3379;        445,2358
127,3457;        445,2548
127,348;        445,273
127,3504;        445,2924
127,3533;        445,3118
127,3524;        445,3305
127,3791;        445,349
127,3951;        445,3685
127,4072;        445,3886
127,408;        445,4081
127,4163;        445,4267
127,4282;        445,4442
127,4456;        445,4625
127,4393;        445,4816
127,4371;        445,5002
127,4266;        445,5191
127,4303;        445,5378
127,4376;        445,5567
127,4377;        445,575
127,4298;        445,5921
127,4098;        445,6104
127,4203;        445,6285
127,4368;        445,6469
127,4363;        445,6651
127,4577;        445,6839
127,4658;        445,7015
127,4987;        445,7213
127,5102;        445,7414
127,5295;        445,7614
127,5409;        445,7801
127,5445;        445,7984
127,5392;        445,8172
127,5314;        445,8353
127,5235;        445,852
127,5172;        445,8703
127,5348;        445,8875
127,5565;        445,9061
127,5573;        445,9237
127,5481;        445,9411
127,5564;        445,9587
127,5501;        445,9763
127,5323;        445,9942
127,5179;        446,0128
127,5222;        446,0313
127,5334;        446,0503
127,5414;        446,07
127,5497;        446,0887
127,5524;        446,1069
127,5446;        446,1262
127,5423;        446,1448
127,5492;        446,1625
127,555;        446,1807
127,5558;        446,1969
127,5493;        446,2133
127,5451;        446,2289
127,5473;        446,247
127,5482;        446,2644
127,5387;        446,2809
127,531;        446,2963
127,5415;        446,313
127,5505;        446,329
127,5436;        446,3455
127,5409;        446,3616
127,5341;        446,3776
127,5237;        446,3942
127,5283;        446,4127
127,5457;        446,4308
127,557;        446,4483
127,5552;        446,4657
127,5419;        446,4827
127,5469;        446,502
127,5569;        446,5223
127,5478;        446,5417
127,5395;        446,5597
127,5432;        446,5777
127,5307;        446,5958
127,5101;        446,6158
127,5042;        446,6361
127,5059;        446,6542
127,5126;        446,6714
127,5107;        446,6896
127,4981;        446,7076
127,5098;        446,7252
127,5054;        446,7421
127,4986;        446,7593
127,5202;        446,7767
127,5496;        446,7953
127,5648;        446,8135
127,5815;        446,8323
127,5697;        446,8509
127,5642;        446,8686
127,566;        446,8892
127,5816;        446,908
127,5921;        446,9276
127,5701;        446,9453
127,5621;        446,9635
127,5526;        446,9798
127,5662;        446,9974
127,5745;        447,0143
127,5693;        447,0341
127,5692;        447,0531
127,5577;        447,0714
127,5596;        447,0897
127,5738;        447,1077
127,5885;        447,1257
127,5963;        447,1451
127,5872;        447,1626
127,576;        447,1815
127,5655;        447,1995
127,575;        447,218
127,5905;        447,2359
127,6015;        447,2542
127,6084;        447,2714
127,6131;        447,2893
127,5997;        447,3083
127,5967;        447,3266
127,6023;        447,3446
127,6053;        447,3622
127,6156;        447,3798
127,615;        447,3975
127,5996;        447,4156
127,5852;        447,4336
127,5868;        447,4518
127,5972;        447,4698
127,6003;        447,4874
127,5752;        447,506
127,5811;        447,5234
127,5826;        447,5409
127,5938;        447,5591
127,5858;        447,5761
127,5939;        447,5939
127,5703;        447,6116
127,5624;        447,6299
127,5789;        447,6476
127,5877;        447,6654
127,6005;        447,6836
127,6011;        447,7017
127,5954;        447,7191
127,5967;        447,7364
127,6126;        447,7541
127,6176;        447,7716
127,6248;        447,7887
127,634;        447,807
127,6098;        447,8248
127,61;        447,8433
127,6077;        447,8615
127,6012;        447,8791
127,6006;        447,8956
127,6055;        447,9142
127,5969;        447,9316
127,5901;        447,9487
127,5929;        447,9661
127,6111;        447,9836
127,6111;        448,0023
127,6174;        448,0198
127,6197;        448,0373
127,606;        448,0555
127,588;        448,0728
127,5737;        448,0899
127,5819;        448,1082
127,5789;        448,1268
127,5813;        448,144
127,589;        448,1614
127,608;        448,1795
127,6046;        448,1983
127,6055;        448,2163
127,6062;        448,2342
127,6052;        448,2512
127,5984;        448,2686
127,5959;        448,285
127,6001;        448,301
127,6015;        448,3193
127,6111;        448,3371
127,6106;        448,3538
127,6124;        448,3714
127,6096;        448,3884
127,6291;        448,4059
127,6462;        448,4225
127,6545;        448,4394
127,6321;        448,4565
127,611;        448,4742
127,6083;        448,4914
127,6131;        448,5085
127,6039;        448,5258
127,6104;        448,5414
127,6129;        448,558
127,6134;        448,5742
127,6224;        448,5922
127,6094;        448,6102
127,6135;        448,6289
127,6198;        448,648
127,621;        448,666
127,6231;        448,6833
127,6163;        448,7009
127,6077;        448,7188
127,6195;        448,737
127,6314;        448,7544
127,6306;        448,7724
127,6279;        448,7907
127,6164;        448,808
127,6239;        448,8263
127,6236;        448,8445
127,6188;        448,8624
127,6113;        448,8796
127,6142;        448,8972
127,61;        448,9158
127,6116;        448,9341
127,6187;        448,9524
127,6165;        448,9713
127,6106;        448,9895
127,6165;        449,0075
127,6251;        449,0275
127,6292;        449,046
127,6339;        449,0659
127,6278;        449,0851
127,6208;        449,1026
127,6236;        449,1204
127,6193;        449,1375
127,6141;        449,1559
127,6175;        449,1742
127,6251;        449,1919
127,6344;        449,2103
127,6459;        449,2285
127,6529;        449,2464
127,6485;        449,2642
127,6425;        449,2826
127,6314;        449,3
127,6434;        449,3193
127,6557;        449,3374
127,6686;        449,3548
127,6597;        449,3723
127,6542;        449,3901
127,6542;        449,4069
127,6671;        449,4252
127,67;        449,4416
127,6733;        449,4588
127,6628;        449,4767
127,6561;        449,4944
127,6454;        449,5114
127,6511;        449,5269
127,6428;        449,5445
127,6393;        449,5629
127,6441;        449,5805
127,6445;        449,5981
127,6429;        449,6162
127,6556;        449,6353
127,6547;        449,6518
127,6597;        449,6681
127,6494;        449,6851
127,6465;        449,7028
127,6525;        449,7214
127,6514;        449,7401
127,654;        449,7583
127,662;        449,7775
127,6456;        449,7955
127,6314;        449,8142
127,642;        449,8312
127,651;        449,8477
127,6487;        449,8654
127,6556;        449,8825
127,6611;        449,9003
127,6532;        449,9178
127,6561;        449,9353
127,6506;        449,9529
127,6389;        449,9703
127,6459;        449,9879
127,6383;        450,006
127,637;        450,0238
127,6302;        450,0422
127,6375;        450,0612
127,6445;        450,0795
127,6596;        450,0987
127,6517;        450,1195
127,6553;        450,1372
127,6529;        450,1562
127,6392;        450,1737
127,6349;        450,1918
127,6428;        450,2099
127,6301;        450,2272
127,6425;        450,2431
127,6505;        450,2598
127,6476;        450,2776
127,6466;        450,295
127,6412;        450,313
127,6337;        450,3304
127,6426;        450,3483
127,6472;        450,3662
127,626;        450,3838
127,6191;        450,4011
127,618;        450,4188
127,6122;        450,4363
127,6189;        450,4527
127,6219;        450,4696
127,6237;        450,4865
127,6298;        450,5043
127,6275;        450,5206
127,6272;        450,5375
127,6199;        450,5544
127,6074;        450,5709
127,5804;        450,5885
127,5703;        450,6061
127,5884;        450,6241
127,5857;        450,6423
127,5855;        450,6585
127,5971;        450,6762
127,5952;        450,6945
127,5776;        450,7122
127,576;        450,7306
127,5818;        450,749
127,5792;        450,7674
127,5851;        450,786
127,5967;        450,8046
127,5903;        450,8224
127,5938;        450,8407
127,6025;        450,8603
127,6001;        450,8788
127,6093;        450,8976
127,6135;        450,916
127,6138;        450,9344
127,6165;        450,9522
127,6204;        450,9703
127,626;        450,9883
127,6269;        451,0056
127,6233;        451,0231
127,6289;        451,0411
127,621;        451,0597
127,6337;        451,0771
127,6488;        451,0939
127,6605;        451,1101
127,6698;        451,1275
127,667;        451,1449
127,6537;        451,1629
127,6603;        451,1805
127,6518;        451,1964
127,6423;        451,2143
127,6507;        451,2321
127,6462;        451,251
127,6582;        451,2693
127,6666;        451,2866
127,6686;        451,3054
127,6585;        451,3229
127,6552;        451,3409
127,6413;        451,3601
127,6513;        451,3788
127,6777;        451,3973
127,6686;        451,4153
127,6577;        451,4333
127,6555;        451,4515
127,6461;        451,4698
127,6502;        451,4886
127,652;        451,5067
127,6564;        451,5249
127,6507;        451,5434
127,6502;        451,561
127,6625;        451,5766
127,6695;        451,5945
127,6812;        451,6129
127,69;        451,6311
127,6934;        451,6503
127,687;        451,6685
127,679;        451,6866
127,6771;        451,7062
127,6899;        451,7247
127,7035;        451,7437
127,7067;        451,7616
127,7042;        451,7798
127,71;        451,798
127,7077;        451,8167
127,7068;        451,8347
127,7143;        451,8532
127,7036;        451,8714
127,7002;        451,8899
127,6771;        451,908
127,6538;        451,9255
127,6531;        451,9459
127,6528;        451,9639
127,6715;        451,9829
127,6651;        452,0014
127,6875;        452,0214
127,6987;        452,038
127,6902;        452,0552
127,6977;        452,0737
127,6766;        452,0922
127,6436;        452,1114
127,6383;        452,1295
127,6252;        452,1485
127,5927;        452,1664
127,5805;        452,1846
127,5762;        452,2025
127,5741;        452,2191
127,557;        452,2343
127,5767;        452,2498
127,5929;        452,2668
127,5856;        452,2836
127,5648;        452,2997
127,5465;        452,315
127,5405;        452,3314
127,5193;        452,3492
127,4961;        452,3656
127,5106;        452,3806
127,4889;        452,3965
127,4482;        452,4136
127,4121;        452,4301
127,378;        452,4481
127,351;        452,4659
127,3322;        452,4835
127,3256;        452,4995
127,2788;        452,517
127,3458;        452,5334
127,6169;        452,5525
127,9745;        452,5677
127,9464;        452,5858
128,1015;        452,6046
128,0162;        452,6225
127,9549;        452,6398
128,0537;        452,6587
128,2084;        452,6799
128,2735;        452,6967
128,0054;        452,7152
127,7679;        452,7336
127,5163;        452,7523
127,0035;        452,7725
126,2733;        452,7924
125,5465;        452,8117
124,7701;        452,83
124,4867;        452,8484
123,5342;        452,8668
122,5352;        452,8846
121,4243;        452,9035
120,2293;        452,9218
119,643;        452,9402
117,79;        452,9596
117,1824;        452,9777
115,8441;        452,9959
114,3928;        453,013
112,9889;        453,0312
112,4535;        453,0476
110,9635;        453,0663
109,5162;        453,0877
108,1718;        453,1054
106,9335;        453,1239
105,8038;        453,1431
104,6615;        453,1601
103,5702;        453,1794
102,9634;        453,1984
101,9747;        453,2189
101,1726;        453,2367
100,2164;        453,2545
99,27309;        453,2731
98,35401;        453,2914
97,48111;        453,3099
97,01215;        453,3284
96,24122;        453,347
95,56365;        453,3654
94,99764;        453,3837
94,62195;        453,4016
94,36668;        453,4195
94,33661;        453,4384
94,10096;        453,4563
93,83694;        453,4746
93,55679;        453,4926
93,28337;        453,5103
93,12486;        453,5273
92,73816;        453,5455
92,37961;        453,5634
92,08479;        453,5815
91,82947;        453,5998
91,69709;        453,6173
91,45755;        453,6344
91,15083;        453,6524
90,84924;        453,6701
90,67387;        453,6884
90,60704;        453,7054
90,46743;        453,7227
90,39793;        453,7404
90,36625;        453,7581
90,36231;        453,7759
90,3945;        453,7942
90,46477;        453,8117
90,50809;        453,828
90,60381;        453,8456
90,72323;        453,8635
90,82601;        453,8826
90,90396;        453,901
90,93194;        453,9192
90,90314;        453,9378
90,91717;        453,9561
90,86307;        453,9752
90,88162;        453,993
90,93246;        454,011
91,01016;        454,0293
91,09644;        454,0476
91,22718;        454,0659
91,29944;        454,0844
91,358;        454,103
91,40377;        454,1219
91,45618;        454,1393
91,49229;        454,1565
91,49838;        454,1738
91,47957;        454,1918
91,46378;        454,2086
91,45094;        454,2249
91,49033;        454,2419
91,49446;        454,2574
91,52803;        454,2733
91,6448;        454,2903
91,70744;        454,3064
91,75481;        454,3221
91,8034;        454,3386
91,80376;        454,3551
91,8045;        454,3706
91,76783;        454,3867
91,75022;        454,4032
91,76494;        454,4203
91,74503;        454,4363
91,70728;        454,4521
91,69269;        454,4688
91,6876;        454,4838
91,73009;        454,4998
91,7155;        454,5163
91,7196;        454,5355
91,73255;        454,5514
91,7498;        454,5688
91,80019;        454,5866
91,88213;        454,6049
91,9341;        454,6219
92,00201;        454,6394
92,05994;        454,6568
92,15083;        454,6753
92,22217;        454,6931
92,23267;        454,7109
92,2532;        454,7289
92,25276;        454,7472
92,3008;        454,7658
92,36503;        454,7831
92,47739;        454,8013
92,61288;        454,8201
92,72292;        454,8378
93,02373;        454,8557
93,42839;        454,8742
93,95367;        454,8916
94,26288;        454,9093
94,86658;        454,9259
95,54314;        454,9446
95,89111;        454,9623
97,10593;        454,9803
97,58836;        454,9978
98,57005;        455,0159
99,47814;        455,0333
100,5497;        455,0524
101,7177;        455,0706
102,8586;        455,0894
103,4295;        455,108
104,7409;        455,1264
106,2089;        455,1452
107,6878;        455,1642
109,0477;        455,1827
110,519;        455,2013
111,9043;        455,2197
112,6917;        455,2375
114,2378;        455,2555
115,6632;        455,2737
117,0014;        455,2921
118,3489;        455,3106
119,7122;        455,3289
120,2792;        455,3473
121,4513;        455,3666
122,5946;        455,3848
123,703;        455,4032
124,5949;        455,4227
125,7241;        455,4421
126,6241;        455,459
127,0317;        455,4766
128,1096;        455,4937
128,7648;        455,5119
128,4943;        455,5287
127,8413;        455,5462
126,7259;        455,5634
126,727;        455,5816
127,3168;        455,5998
127,5236;        455,6181
127,3972;        455,6357
127,1431;        455,6537
127,01;        455,6723
126,8527;        455,6913
126,7366;        455,7094
126,709;        455,7269
126,6675;        455,7451
126,5683;        455,7639
126,506;        455,7829
126,51;        455,7998
126,5002;        455,8183
126,469;        455,8362
126,4477;        455,8549
126,43;        455,8727
126,4534;        455,8913
126,6935;        455,9093
127,1683;        455,9267
127,572;        455,9452
127,6215;        455,9623
127,5842;        455,9806
127,5361;        455,9989
127,6014;        456,0163
127,7222;        456,0334
127,7346;        456,052
127,7831;        456,0706
127,7558;        456,0889
127,6881;        456,1075
127,4836;        456,1261
127,3417;        456,1447
127,2691;        456,1632
127,2982;        456,1815
127,0597;        456,1994
127,106;        456,2167
126,7953;        456,2355
126,4746;        456,2535
126,1755;        456,2707
126,0778;        456,2871
125,5398;        456,304
124,8511;        456,3198
124,5677;        456,3362
123,8614;        456,3532
123,1037;        456,3696
122,7814;        456,3861
121,937;        456,4037
121,0659;        456,4209
120,1361;        456,4383
119,7057;        456,4558
118,6861;        456,472
118,163;        456,4885
117,1426;        456,5066
116,0718;        456,5237
114,938;        456,5418
113,8837;        456,561
113,4089;        456,5786
112,4685;        456,5962
111,6025;        456,6143
110,5995;        456,632
109,6318;        456,6506
109,1668;        456,6687
108,2224;        456,6873
107,3441;        456,706
106,5365;        456,7238
105,7543;        456,7424
105,042;        456,7616
104,3861;        456,7795
103,7162;        456,7991
103,1464;        456,819
102,8294;        456,8379
102,3035;        456,8569
101,8358;        456,8772
101,4106;        456,8955
101,0437;        456,9145
100,6717;        456,9339
100,381;        456,9527
100,1121;        456,9722
99,81474;        456,9907
99,62405;        457,0095
99,37539;        457,0279
99,15614;        457,0474
98,99593;        457,0653
98,85399;        457,083
98,76583;        457,1013
98,73087;        457,1194
98,7317;        457,138
98,7446;        457,1565
98,7918;        457,1739
98,90733;        457,1921
98,90166;        457,2095
99,43024;        457,2289
99,64902;        457,248
100,0556;        457,2675
100,5325;        457,2856
101,1343;        457,3039
101,8509;        457,3211
102,68;        457,3389
103,1801;        457,357
104,2114;        457,3754
105,3947;        457,3942
106,4703;        457,4121
107,6793;        457,4299
108,9815;        457,4485
109,7569;        457,4663
111,285;        457,484
112,7767;        457,5014
114,2462;        457,5189
115,0061;        457,5376
116,4971;        457,5548
117,848;        457,5724
119,1398;        457,5908
119,7562;        457,608
120,8587;        457,6259
122,0607;        457,6439
123,2067;        457,662
124,6456;        457,6795
125,3483;        457,6971
126,6776;        457,7153
127,6978;        457,7339
128,473;        457,7528
129,0415;        457,7709
129,1301;        457,789
129,1031;        457,8068
128,3965;        457,8255
127,7215;        457,8438
127,684;        457,8617
127,8769;        457,8801
128,0702;        457,8981
128,2233;        457,9168
128,2999;        457,9353
128,2899;        457,9534
128,209;        457,9726
128,2032;        457,9899
128,1601;        458,0086
128,1425;        458,0262
128,1494;        458,0439
128,1898;        458,0619
128,1794;        458,0783
128,1703;        458,0955
128,1388;        458,1127
128,1068;        458,1305
128,0869;        458,1488
128,0736;        458,1662
128,031;        458,183
128,0337;        458,1985
128,0245;        458,2153
128,0191;        458,2314
127,9696;        458,2487
127,9369;        458,2654
127,9502;        458,2807
127,9242;        458,2975
127,9127;        458,3134
127,9031;        458,3297
127,9056;        458,347
127,8868;        458,3647
127,8674;        458,3829
127,8652;        458,401
127,8746;        458,4198
127,8747;        458,4379
127,8757;        458,4554
127,8786;        458,4746
127,8908;        458,493
127,905;        458,5127
127,9256;        458,5308
127,925;        458,5495
127,9194;        458,5667
127,8957;        458,586
127,9147;        458,6057
127,9143;        458,6256
127,9112;        458,6425
127,9038;        458,6604
127,9381;        458,6789
127,9681;        458,6967
127,9786;        458,7141
127,9669;        458,731
127,9698;        458,7545
127,9928;        458,7726
128,0019;        458,7911
127,9804;        458,8097
127,9719;        458,8273
127,986;        458,8462
127,9868;        458,8654
127,987;        458,8859
127,9617;        458,9069
127,9699;        458,9256
128,0103;        458,9456
128,0264;        458,9643
128,0399;        458,9843
128,026;        459,0031
128,0213;        459,0215
128,0302;        459,0403
128,0406;        459,0594
128,0337;        459,078
128,0187;        459,098
128,0265;        459,119
128,0299;        459,1377
128,0516;        459,1574
128,059;        459,1747
128,0638;        459,1936
128,0531;        459,2126
128,0681;        459,2316
128,0724;        459,252
128,0743;        459,2709
128,083;        459,2891
128,124;        459,3086
128,1792;        459,3281
128,1866;        459,3477
128,1792;        459,3662
128,1861;        459,3869
128,2166;        459,4055
128,2348;        459,4249
128,2002;        459,4431
128,2209;        459,4615
128,2153;        459,4798
128,2167;        459,4985
128,1821;        459,5186
128,1918;        459,5372
128,2003;        459,5554
128,2347;        459,5746
128,2948;        459,5913
128,2931;        459,6099
128,193;        459,6285
128,1155;        459,6475
127,7978;        459,6664
127,324;        459,6855
126,7538;        459,7032
126,0177;        459,7216
125,5553;        459,7393
124,6377;        459,7584
123,6284;        459,7762
122,6615;        459,7951
121,5543;        459,8133
120,3426;        459,83
119,7478;        459,8466
118,4247;        459,864
116,9319;        459,8813
115,1561;        459,8988
114,1598;        459,9156
111,9867;        459,9336
109,8808;        459,9526
107,8742;        459,9707
106,8363;        459,9879
105,9738;        460,0052
102,0377;        460,0233
99,50893;        460,0414
96,90034;        460,059
95,47994;        460,0772
92,90989;        460,0951
90,92271;        460,1133
89,38181;        460,1309
88,68732;        460,1483
87,3745;        460,166
86,45605;        460,1837
85,92042;        460,2005
85,57294;        460,2185
85,43251;        460,2359
85,10359;        460,2534
84,96996;        460,2693
85,02656;        460,2862
85,00633;        460,3021
84,95549;        460,3175
84,85135;        460,3332
84,86394;        460,3516
84,96926;        460,3693
85,05291;        460,3874
85,06601;        460,4056
85,09596;        460,424
85,24599;        460,4423
85,42651;        460,4615
85,63761;        460,479
85,75195;        460,496
85,98951;        460,5126
86,21544;        460,5294
86,34987;        460,5448
86,70377;        460,5612
86,88752;        460,5772
87,28058;        460,5954
87,80562;        460,6134
88,271;        460,6309
88,7192;        460,6486
88,96074;        460,667
89,61759;        460,6847
90,48048;        460,7027
91,35338;        460,7206
91,8647;        460,7382
92,87625;        460,7557
94,06489;        460,7735
95,30651;        460,7908
96,91528;        460,8086
97,81341;        460,8257
99,5248;        460,8427
101,2326;        460,8607
102,2272;        460,8782
104,161;        460,8958
106,0251;        460,9131
107,8457;        460,9316
109,6897;        460,9497
110,6269;        460,9678
112,3603;        460,9865
113,7973;        461,0042
115,4327;        461,0217
117,0949;        461,0396
117,8247;        461,0573
119,1851;        461,076
120,5227;        461,0941
122,0339;        461,1126
123,5925;        461,1304
124,181;        461,148
125,3625;        461,1666
126,3237;        461,1845
127,372;        461,2021
128,6237;        461,2206
128,8497;        461,2379
128,5224;        461,255
127,1932;        461,2726
126,6066;        461,2901
126,9972;        461,3088
127,1861;        461,326
127,2288;        461,344
126,993;        461,3611
126,8692;        461,3789
126,8592;        461,3976
126,7009;        461,4168
126,4497;        461,4348
126,4969;        461,4531
126,5855;        461,4708
126,5663;        461,4881
126,5389;        461,5086
126,5209;        461,5273
126,5016;        461,5472
126,492;        461,5667
126,4905;        461,5867
126,4326;        461,6047
126,3558;        461,6236
126,3204;        461,643
126,3217;        461,6615
126,307;        461,68
126,3052;        461,6986
126,3286;        461,7162
126,3589;        461,7347
126,3924;        461,7524
126,395;        461,7701
126,3904;        461,7893
126,3896;        461,8074
126,3697;        461,8259
126,3722;        461,8431
126,3861;        461,8612
126,3835;        461,8784
126,3334;        461,8962
126,3014;        461,9143
126,3182;        461,932
126,2929;        461,9513
126,2693;        461,9703
126,2747;        461,988
126,2577;        462,0057
126,2546;        462,0234
126,2946;        462,0428
126,2967;        462,061
126,2813;        462,0796
126,2579;        462,0977
126,2678;        462,1164
126,2934;        462,1343
126,2968;        462,1518
126,3195;        462,17
126,3303;        462,1882
126,2906;        462,2055
126,2942;        462,223
126,3169;        462,241
126,3403;        462,2589
126,3519;        462,2772
126,3688;        462,2957
126,3424;        462,3142
126,3281;        462,3322
126,3536;        462,3503
126,3667;        462,3688
126,3906;        462,3873
126,391;        462,4059
126,3906;        462,4237
