85,46549;        250,0674
85,4898;        250,086
85,51448;        250,1049
85,5456;        250,1234
85,5724;        250,1401
85,59834;        250,1574
85,63151;        250,1737
85,64388;        250,1896
85,67824;        250,2069
85,69337;        250,224
85,7335;        250,2402
85,77358;        250,2587
85,81754;        250,2769
85,87685;        250,2968
85,96554;        250,3146
86,0361;        250,3316
86,07993;        250,3489
86,09932;        250,3669
86,15903;        250,3842
86,2113;        250,4018
86,25724;        250,4188
86,33241;        250,4346
86,40516;        250,4525
86,43963;        250,4694
86,44408;        250,4859
86,48757;        250,5033
86,52006;        250,5194
86,56329;        250,5359
86,6474;        250,555
86,72582;        250,5726
86,79357;        250,5892
86,80316;        250,6062
86,85135;        250,6228
86,88313;        250,6396
86,93961;        250,6561
86,99146;        250,6729
86,99159;        250,6889
87,01051;        250,7067
87,00268;        250,7238
86,97716;        250,7405
86,96179;        250,7581
86,9473;        250,7767
86,94073;        250,7953
86,9334;        250,8132
86,92271;        250,8308
86,91935;        250,8481
86,89154;        250,8649
86,85371;        250,8812
86,81993;        250,8978
86,79221;        250,9142
86,77125;        250,9314
86,76251;        250,9471
86,73592;        250,9649
86,6863;        250,9821
86,62547;        250,9987
86,57678;        251,0155
86,55116;        251,0335
86,54359;        251,0513
86,54607;        251,0689
86,54515;        251,0876
86,53318;        251,1074
86,53594;        251,1268
86,52692;        251,1464
86,52586;        251,1659
86,51988;        251,1889
86,48795;        251,2074
86,45194;        251,2259
86,42907;        251,2448
86,4584;        251,2636
86,49239;        251,2806
86,52696;        251,2991
86,51659;        251,3169
86,50494;        251,3357
86,4943;        251,3535
86,47517;        251,3696
86,46806;        251,3863
86,45243;        251,4019
86,44183;        251,4189
86,40087;        251,4352
86,35294;        251,4513
86,34566;        251,4681
86,31866;        251,4849
86,29179;        251,501
86,25089;        251,5184
86,22169;        251,5355
86,21211;        251,5579
86,2028;        251,5735
86,18114;        251,591
86,17771;        251,6081
86,15881;        251,6252
86,11198;        251,6423
86,0638;        251,6602
86,02206;        251,6784
85,98323;        251,6955
85,95859;        251,7132
85,9516;        251,729
85,94433;        251,7453
85,93355;        251,7636
85,90874;        251,7821
85,80423;        251,8
85,57838;        251,818
85,25242;        251,8365
84,85656;        251,8553
84,45675;        251,8742
83,99627;        251,8923
83,53738;        251,9121
83,56881;        251,9313
82,70129;        251,95
82,34171;        251,9685
82,37505;        251,9887
81,84946;        252,009
81,86821;        252,0275
81,63584;        252,0463
81,44652;        252,0651
81,30273;        252,0825
81,19569;        252,1009
81,21136;        252,122
81,32324;        252,1409
81,46532;        252,1625
81,60692;        252,1812
81,71743;        252,1995
81,74647;        252,2176
81,7302;        252,2361
81,70522;        252,2549
81,7019;        252,2737
81,72433;        252,2941
81,70753;        252,3131
81,62657;        252,3322
81,49973;        252,3503
81,30317;        252,3687
81,3276;        252,387
81,15504;        252,405
80,93842;        252,4219
80,66455;        252,4403
80,30855;        252,4569
79,92693;        252,4745
79,52804;        252,4921
79,53251;        252,5114
79,10275;        252,5279
78,65298;        252,5467
78,19065;        252,5644
77,70668;        252,5811
77,20295;        252,5981
77,21297;        252,6143
76,36185;        252,6294
76,40035;        252,6458
76,07023;        252,6628
75,78304;        252,6803
75,51559;        252,6975
75,28722;        252,7144
75,0696;        252,7316
75,07311;        252,7482
74,891;        252,7667
74,71293;        252,7854
74,52444;        252,8043
74,37341;        252,8233
74,22256;        252,8416
74,03751;        252,8607
73,81;        252,8786
73,58679;        252,8963
73,41486;        252,9127
73,40861;        252,9258
73,20728;        252,9425
72,9701;        252,9618
72,75826;        252,9792
72,61192;        252,9976
72,48725;        253,0171
72,37863;        253,0341
72,37385;        253,0518
72,41171;        253,0696
72,41171;        253,0881
72,4949;        253,1083
72,66312;        253,1291
72,87251;        253,1494
72,79571;        253,1689
72,80931;        253,1867
72,74441;        253,2063
72,73625;        253,2244
72,7578;        253,2423
72,77647;        253,2626
72,82139;        253,2805
72,84969;        253,2996
72,84614;        253,3175
72,85815;        253,3367
72,91175;        253,3564
72,99292;        253,3738
73,02552;        253,3931
73,00872;        253,4124
73,02495;        253,4319
73,04338;        253,4503
72,96025;        253,47
73,07361;        253,4877
73,03737;        253,5049
72,94212;        253,523
72,772;        253,5422
72,57021;        253,5619
72,36254;        253,5806
72,14854;        253,5982
71,94837;        253,6158
71,96957;        253,6328
71,65579;        253,6497
71,66585;        253,6675
71,55857;        253,6853
71,48966;        253,703
71,4281;        253,7206
71,30976;        253,7384
71,17628;        253,7551
70,97814;        253,772
70,69031;        253,7896
70,68539;        253,8069
70,35825;        253,8231
70,04457;        253,8403
69,73953;        253,8576
69,72739;        253,8766
68,98831;        253,8938
68,98534;        253,9109
68,60027;        253,9268
68,18608;        253,9442
67,76746;        253,9629
67,32787;        253,98
66,87743;        253,996
66,42538;        254,0102
66,41551;        254,0255
65,98754;        254,0411
65,59587;        254,059
65,2276;        254,0756
64,82619;        254,0918
64,81913;        254,1072
64,47198;        254,1249
64,18187;        254,1424
63,95981;        254,1588
63,77729;        254,1746
63,65297;        254,1907
63,65999;        254,2071
63,59291;        254,2234
63,55214;        254,2406
63,53046;        254,2592
63,49995;        254,2782
63,46443;        254,2947
63,4603;        254,3127
63,46056;        254,3282
63,45596;        254,3446
63,43552;        254,3619
63,39409;        254,379
63,31044;        254,3964
63,17674;        254,4127
62,97966;        254,4292
62,96165;        254,4468
62,71733;        254,4631
62,54079;        254,4805
62,42787;        254,4976
62,31525;        254,5148
62,22361;        254,5313
62,19917;        254,5481
62,10499;        254,5648
62,03661;        254,5825
62,0116;        254,599
62,02999;        254,6178
62,06202;        254,6358
62,10068;        254,6541
62,1353;        254,6752
62,18427;        254,6936
62,26612;        254,712
62,38396;        254,7304
62,38178;        254,7478
62,5079;        254,7653
62,59408;        254,7826
62,66245;        254,7996
62,7269;        254,8161
62,78783;        254,8315
62,79097;        254,8482
62,86379;        254,8654
62,9753;        254,882
63,11995;        254,9014
63,2365;        254,9186
63,33731;        254,9353
63,46059;        254,9518
63,58612;        254,969
63,60001;        254,9864
63,73284;        255,0039
63,8377;        255,0205
63,94139;        255,0386
64,04868;        255,0548
64,15813;        255,072
64,16344;        255,0884
64,27343;        255,1056
64,38947;        255,1215
64,51979;        255,1383
64,64892;        255,1553
64,78104;        255,1723
64,78696;        255,1883
64,91363;        255,2056
65,0136;        255,2244
65,10464;        255,2419
65,20126;        255,2603
65,30852;        255,2791
65,44195;        255,2964
65,56474;        255,3133
65,72392;        255,3298
65,72266;        255,3464
65,87896;        255,3633
66,00997;        255,38
66,1418;        255,3973
66,2637;        255,4152
66,36278;        255,4322
66,35767;        255,4482
66,46742;        255,4645
66,57259;        255,4823
66,67966;        255,4991
66,78639;        255,5169
66,89259;        255,537
66,99205;        255,5541
67,06843;        255,5697
67,1383;        255,5886
67,14147;        255,6071
67,23047;        255,6231
67,31062;        255,6408
67,36629;        255,6579
67,423;        255,6733
67,50253;        255,6916
67,50843;        255,7089
67,58589;        255,7262
67,65569;        255,7443
67,71815;        255,7618
67,77841;        255,7788
67,84225;        255,7956
67,91568;        255,8113
67,92317;        255,828
68,00483;        255,8442
68,08468;        255,8614
68,15588;        255,8784
68,21062;        255,8962
68,26923;        255,9115
68,33157;        255,929
68,31453;        255,9462
68,39482;        255,9624
68,47367;        255,9801
68,54823;        255,9965
68,60963;        256,0124
68,60626;        256,0286
68,65494;        256,0445
68,71772;        256,0616
68,79237;        256,0789
68,85943;        256,0955
68,9102;        256,112
68,91409;        256,1286
68,95197;        256,1452
68,9756;        256,1633
69,01098;        256,1801
69,04427;        256,1976
69,09161;        256,2151
69,13384;        256,2318
69,1569;        256,2495
69,15359;        256,2672
69,17764;        256,285
69,20581;        256,3037
69,22319;        256,32
69,23044;        256,3365
69,24141;        256,3541
69,26295;        256,3734
69,2634;        256,3915
69,33131;        256,4084
69,33475;        256,4274
69,35359;        256,4456
69,36234;        256,4638
69,3681;        256,4826
69,37428;        256,4993
69,39112;        256,5165
69,4095;        256,5338
69,42365;        256,5523
69,44986;        256,5699
69,43635;        256,5876
69,46484;        256,6066
69,52943;        256,6237
69,60408;        256,648
69,67342;        256,6661
69,72923;        256,6848
69,75397;        256,703
69,78844;        256,7221
69,83778;        256,7409
69,89818;        256,7586
69,95862;        256,777
70,00789;        256,7954
70,07717;        256,8142
70,13202;        256,8324
70,17564;        256,8506
70,17684;        256,8689
70,21581;        256,8872
70,2478;        256,9064
70,2823;        256,9258
70,30729;        256,9451
70,33681;        256,9634
70,37539;        256,9798
70,40923;        256,9956
70,44552;        257,0122
70,44203;        257,0278
70,45589;        257,0461
70,45248;        257,063
70,45512;        257,0812
70,46083;        257,1003
70,47712;        257,1169
70,50296;        257,1349
70,53447;        257,157
70,59468;        257,1742
70,65526;        257,1907
70,65314;        257,2063
70,72971;        257,2243
70,79954;        257,2411
70,88764;        257,2574
70,99415;        257,2748
71,09531;        257,2928
71,20753;        257,3094
71,36097;        257,3293
71,36271;        257,3484
71,48158;        257,366
71,61577;        257,3852
71,7831;        257,4029
71,9706;        257,4196
72,11275;        257,4371
72,25393;        257,4548
72,44114;        257,4717
72,43577;        257,4888
72,74562;        257,5056
73,08684;        257,5222
73,35211;        257,5384
73,55573;        257,5528
73,70172;        257,5696
73,68737;        257,5868
73,88428;        257,6044
74,05151;        257,6208
74,11379;        257,6377
74,09599;        257,6538
73,98503;        257,6693
73,98503;        257,6868
73,82501;        257,705
73,61673;        257,7206
73,21152;        257,7372
72,7235;        257,7528
72,14947;        257,7694
72,26628;        257,7867
71,60144;        257,8045
70,93478;        257,8218
69,93363;        257,838
68,78063;        257,8552
67,50102;        257,873
66,32948;        257,8895
66,43782;        257,9069
65,33167;        257,9241
64,29031;        257,9413
63,27666;        257,9578
62,27542;        257,9754
61,18223;        257,9924
60,28274;        258,0092
59,59549;        258,0304
59,66747;        258,0468
58,99697;        258,063
58,43795;        258,0802
57,88817;        258,0967
57,44307;        258,1137
57,2997;        258,1295
57,13532;        258,1465
56,82964;        258,1639
56,53436;        258,1796
56,26122;        258,195
56,04905;        258,2121
55,93105;        258,2289
55,92965;        258,2474
55,98644;        258,2653
56,09237;        258,2843
56,14837;        258,3029
56,20743;        258,3215
56,14363;        258,3415
56,15823;        258,3626
56,0152;        258,3815
56,05421;        258,4004
56,10249;        258,4189
56,04432;        258,4376
56,07137;        258,4572
56,15278;        258,4759
56,20341;        258,4947
56,22535;        258,5145
56,29762;        258,5327
56,39547;        258,5513
56,42967;        258,5708
56,47844;        258,589
56,4857;        258,6089
56,52966;        258,6295
56,58385;        258,649
56,58385;        258,6663
56,63732;        258,6833
56,71064;        258,7002
56,8271;        258,718
56,88533;        258,7344
56,9286;        258,751
56,90009;        258,7674
56,95412;        258,7836
57,02501;        258,801
57,09997;        258,8178
57,12391;        258,8351
57,13447;        258,8528
57,1516;        258,8697
57,12237;        258,8872
57,16953;        258,9043
57,18087;        258,9218
57,19214;        258,9397
57,24712;        258,9557
57,29045;        258,9731
57,26504;        258,9893
57,28501;        259,0056
57,31027;        259,0247
57,37116;        259,0407
57,44909;        259,0588
57,53603;        259,0764
57,57957;        259,0936
57,62574;        259,1097
57,61591;        259,1286
57,60063;        259,1472
57,62043;        259,165
57,64795;        259,1819
57,71755;        259,1992
57,78388;        259,2166
57,82143;        259,2337
57,84279;        259,2515
57,83028;        259,2679
57,84938;        259,2847
57,85484;        259,3012
57,88176;        259,3186
57,92247;        259,3354
57,94508;        259,3539
57,97038;        259,3708
57,97669;        259,3897
57,97051;        259,4088
58,00045;        259,4265
58,00115;        259,4428
58,00703;        259,4588
58,03076;        259,476
58,05958;        259,494
58,0717;        259,5097
58,06784;        259,5272
58,06827;        259,5476
58,05624;        259,5656
58,05177;        259,5827
58,06275;        259,601
58,07584;        259,6193
58,10504;        259,6364
58,12211;        259,6535
58,11277;        259,6711
58,11778;        259,6877
58,11354;        259,7042
58,10629;        259,7206
58,14066;        259,7374
58,19455;        259,7549
58,28519;        259,7701
58,27086;        259,7877
58,37688;        259,8062
58,52707;        259,8233
58,71997;        259,8412
58,95903;        259,8599
59,22945;        259,8762
59,52836;        259,8959
59,94552;        259,9142
60,54521;        259,9328
61,30597;        259,9514
62,04922;        259,9694
62,00634;        259,9875
62,75941;        260,0052
63,5626;        260,0237
64,40399;        260,0394
65,38213;        260,0577
66,36998;        260,0764
67,30492;        260,094
68,27038;        260,1114
69,29964;        260,1306
70,44215;        260,149
70,38434;        260,1667
71,58661;        260,1853
72,7561;        260,2025
73,90254;        260,2197
74,93817;        260,2364
75,95577;        260,2537
76,79665;        260,27
76,72421;        260,287
77,42125;        260,3041
78,11923;        260,3219
78,6317;        260,3404
79,22077;        260,3578
79,66678;        260,3753
80,05821;        260,3924
80,33633;        260,4102
80,66689;        260,4282
80,50816;        260,4449
80,76437;        260,4609
81,07388;        260,4773
81,30609;        260,4932
81,39732;        260,5098
81,27567;        260,527
81,21074;        260,545
81,4959;        260,5623
81,96146;        260,5795
82,13032;        260,5965
82,03106;        260,6159
81,99019;        260,6356
82,10403;        260,6539
82,26527;        260,6717
82,26241;        260,6891
82,35514;        260,706
82,34892;        260,7221
82,32311;        260,7385
82,33984;        260,7548
82,38563;        260,7715
82,41743;        260,7885
82,40623;        260,8049
82,46547;        260,8242
82,51572;        260,8423
82,55929;        260,8596
82,59978;        260,876
82,63065;        260,8933
82,66482;        260,9113
82,68297;        260,9289
82,66284;        260,9463
82,63248;        260,9641
82,57194;        260,9797
82,49606;        260,996
82,44937;        261,013
82,43241;        261,0288
82,43905;        261,0456
82,4616;        261,0642
82,51187;        261,0818
82,56313;        261,0991
82,56808;        261,1159
82,52348;        261,1328
82,47684;        261,1505
82,47945;        261,1677
82,46664;        261,1855
82,50496;        261,2047
82,5625;        261,2221
82,62748;        261,2405
82,6623;        261,2588
82,70539;        261,2757
82,7989;        261,2922
82,80875;        261,3075
82,8329;        261,3242
82,85178;        261,3405
82,78115;        261,3563
82,81743;        261,3733
82,83978;        261,3902
82,84188;        261,4067
82,79429;        261,4247
82,74648;        261,4405
82,72275;        261,4573
82,6983;        261,4734
82,70288;        261,4903
82,71293;        261,5064
82,72861;        261,5232
82,72363;        261,5395
82,71221;        261,5569
82,68577;        261,5736
82,6703;        261,5909
82,66986;        261,6089
82,67061;        261,6284
82,65607;        261,6473
82,64889;        261,6652
82,64752;        261,6826
82,6479;        261,7001
82,63074;        261,7167
82,61124;        261,7329
82,61353;        261,7485
82,59544;        261,7641
82,5796;        261,781
82,57693;        261,7967
82,592;        261,8155
82,61703;        261,8328
82,6441;        261,8521
82,65238;        261,8703
82,65753;        261,8891
82,65866;        261,9067
82,65812;        261,9238
82,6745;        261,9423
82,64072;        261,9631
82,65353;        261,9819
82,67136;        261,9999
82,65878;        262,0167
82,6398;        262,0342
82,64355;        262,0526
82,62615;        262,0716
82,59423;        262,0907
82,58752;        262,1149
82,59126;        262,1331
82,5984;        262,152
82,58052;        262,17
82,57336;        262,1875
82,54969;        262,2063
82,54633;        262,2237
82,56254;        262,2402
82,57705;        262,2577
82,59463;        262,2743
82,60788;        262,292
82,60294;        262,3089
82,60941;        262,3254
82,59327;        262,3433
82,57885;        262,3609
82,56583;        262,3789
82,56461;        262,398
82,58385;        262,4156
82,59583;        262,4347
82,59071;        262,4538
82,58505;        262,4733
82,58582;        262,4908
82,58934;        262,5084
82,58887;        262,5263
82,58235;        262,544
82,57625;        262,5618
82,58494;        262,5796
82,58395;        262,596
82,62436;        262,6148
82,65735;        262,6313
82,65089;        262,6489
82,65771;        262,6664
82,65239;        262,6843
82,65326;        262,7039
82,66107;        262,7218
82,66691;        262,7394
82,66536;        262,7572
82,65524;        262,7745
82,6673;        262,792
82,67928;        262,808
82,68689;        262,8251
82,7051;        262,842
82,72496;        262,86
82,74429;        262,878
82,74945;        262,8968
82,73538;        262,9144
82,73046;        262,9319
82,73826;        262,9503
82,74062;        262,9688
82,73628;        262,9893
82,73305;        263,0096
82,743;        263,0288
82,7292;        263,0476
82,73522;        263,0653
82,67449;        263,084
82,74983;        263,1024
82,75907;        263,1215
82,74445;        263,1412
82,71262;        263,1606
82,70168;        263,1782
82,705;        263,1962
82,72711;        263,2156
82,7296;        263,2334
82,72851;        263,2507
82,718;        263,2681
82,71542;        263,2878
82,73661;        263,3067
82,74882;        263,3242
82,75216;        263,3405
82,75316;        263,3594
82,74299;        263,3753
82,73492;        263,3917
82,73481;        263,4117
82,74728;        263,4301
82,74747;        263,4483
82,77711;        263,4669
82,73888;        263,4869
82,75515;        263,5046
82,77358;        263,5218
82,73145;        263,54
82,54749;        263,5576
82,27012;        263,576
81,84889;        263,5936
81,45723;        263,6127
81,47291;        263,6304
81,34048;        263,6482
81,28992;        263,6662
81,09989;        263,6833
80,84968;        263,7014
80,42378;        263,7189
80,07982;        263,7368
79,72514;        263,7545
79,41729;        263,7723
79,16674;        263,7907
79,20313;        263,8087
78,97379;        263,8276
78,75726;        263,8474
78,51724;        263,8668
78,2443;        263,8846
77,90585;        263,9023
77,40474;        263,9198
77,06925;        263,9372
76,72934;        263,9547
76,21614;        263,9723
75,6156;        263,9907
75,77547;        264,0077
75,13043;        264,0242
74,49458;        264,041
73,65915;        264,0576
72,92025;        264,0743
72,06834;        264,0909
72,18967;        264,1078
71,23716;        264,1236
70,177;        264,1405
68,90577;        264,1566
67,65223;        264,173
66,37582;        264,1899
66,49342;        264,2074
65,25722;        264,2228
64,00757;        264,2383
62,92642;        264,2549
62,05466;        264,2743
61,26361;        264,2929
60,42703;        264,3097
60,41709;        264,3264
59,62806;        264,3434
58,98584;        264,3617
58,53184;        264,3796
58,15314;        264,3974
57,76084;        264,4149
57,37701;        264,433
57,05992;        264,4507
56,81911;        264,4697
56,6409;        264,4886
56,60475;        264,5065
56,46617;        264,5243
56,36688;        264,5406
56,31121;        264,5589
56,24972;        264,5766
56,2097;        264,5929
56,21589;        264,6097
56,17064;        264,6264
56,21728;        264,6433
56,25412;        264,6608
56,31853;        264,6765
56,37298;        264,6921
56,44781;        264,7096
56,41098;        264,7249
56,43111;        264,7418
56,45176;        264,7601
56,48388;        264,7775
56,5039;        264,7952
56,54337;        264,8133
56,58884;        264,8324
56,60051;        264,8502
56,63272;        264,8697
56,59713;        264,8885
56,59881;        264,9061
56,60233;        264,923
56,63415;        264,9411
56,70219;        264,958
56,72357;        264,9757
56,72063;        264,9923
56,75014;        265,0098
56,73603;        265,0279
56,76851;        265,0452
56,80094;        265,0634
56,831;        265,0795
56,86091;        265,0953
56,87231;        265,1118
56,86631;        265,1291
56,90711;        265,1487
56,91186;        265,167
56,92096;        265,1864
56,92017;        265,2063
56,89854;        265,2252
56,89934;        265,2443
56,91293;        265,2652
56,91464;        265,2845
56,89506;        265,3029
56,87422;        265,3209
56,86588;        265,3384
56,87772;        265,357
56,87677;        265,3756
56,89091;        265,3954
56,93763;        265,4148
56,97894;        265,4341
57,01349;        265,4534
57,0675;        265,4712
57,12241;        265,4895
57,11497;        265,5079
57,1288;        265,5299
57,1012;        265,5471
57,09263;        265,5655
57,09768;        265,5848
57,11779;        265,6023
57,14788;        265,621
57,18452;        265,6397
57,22107;        265,6573
57,20205;        265,6769
57,2392;        265,695
57,28034;        265,7141
57,28034;        265,731
57,40385;        265,7502
57,40385;        265,7687
57,48885;        265,7866
57,57314;        265,8038
57,53469;        265,8227
57,60971;        265,8407
57,68715;        265,8585
57,74323;        265,8764
57,79431;        265,8933
57,79431;        265,9112
57,67567;        265,9299
57,47576;        265,9468
57,48417;        265,9649
57,50329;        265,9808
57,57894;        265,9973
57,6312;        266,0125
57,59727;        266,0285
57,68469;        266,0442
57,78011;        266,0604
57,87085;        266,0777
57,92735;        266,091
57,9094;        266,1067
57,94511;        266,1248
57,99643;        266,1397
58,04798;        266,1556
58,08954;        266,1723
58,08865;        266,1883
58,14695;        266,2063
58,20213;        266,2228
58,25299;        266,2388
58,30207;        266,2549
58,37268;        266,2712
58,37461;        266,2874
58,50112;        266,3035
58,61465;        266,3195
58,68864;        266,3364
58,73834;        266,3533
58,73217;        266,369
58,77592;        266,3873
58,82959;        266,4045
58,89595;        266,4209
59,02665;        266,4377
59,15471;        266,4546
59,33009;        266,4727
59,6185;        266,4899
59,52377;        266,5075
59,8166;        266,5264
60,17219;        266,5438
60,60831;        266,5614
61,06507;        266,5801
61,59923;        266,5966
62,1173;        266,6146
62,5687;        266,6334
63,04536;        266,6513
63,03923;        266,6681
63,51721;        266,686
64,05569;        266,7027
64,70325;        266,7194
65,3511;        266,7354
65,98811;        266,7516
65,99527;        266,7677
66,73738;        266,7839
67,59814;        266,8003
68,55882;        266,8193
69,5554;        266,8372
70,44534;        266,8553
71,24726;        266,8742
72,09058;        266,8926
72,97066;        266,9107
73,79597;        266,9304
74,43011;        266,9504
74,91891;        266,9707
74,89024;        266,9891
75,38878;        267,0063
75,9732;        267,024
76,53516;        267,0421
77,00272;        267,0615
77,46677;        267,0803
77,90551;        267,0991
78,3754;        267,1177
78,81046;        267,1353
79,23412;        267,1557
79,61085;        267,1733
79,99477;        267,1932
80,37776;        267,2113
80,78042;        267,2289
80,79298;        267,2464
81,14263;        267,2634
81,46619;        267,2798
81,8231;        267,2969
82,31676;        267,3134
82,36787;        267,3286
82,79675;        267,345
83,20065;        267,3611
83,58554;        267,3779
83,9531;        267,3906
83,95792;        267,4048
84,35157;        267,4225
84,72445;        267,4386
85,03418;        267,456
85,32187;        267,4736
85,49457;        267,4919
85,43607;        267,5103
85,4084;        267,5288
85,25711;        267,5464
85,33226;        267,565
85,42311;        267,583
85,39285;        267,604
85,31567;        267,6216
85,275;        267,6382
85,25985;        267,6559
85,24278;        267,6732
85,22278;        267,6898
85,2248;        267,7076
85,22341;        267,7253
85,21638;        267,7415
85,18369;        267,7582
85,13103;        267,7758
85,05631;        267,7935
84,96891;        267,8095
84,95951;        267,826
84,92038;        267,8428
84,91129;        267,8575
84,90785;        267,873
84,91071;        267,8891
84,96043;        267,9093
84,96339;        267,9255
84,99621;        267,9429
85,00079;        267,9598
84,98902;        267,9761
84,96925;        267,9941
84,96217;        268,0097
84,95767;        268,027
84,96906;        268,044
84,94782;        268,061
84,92362;        268,0775
84,91087;        268,0948
84,91501;        268,1109
84,92581;        268,1268
84,92973;        268,1441
84,93905;        268,1591
84,97279;        268,1746
85,00642;        268,1909
85,00625;        268,2058
85,02257;        268,2218
85,01677;        268,238
84,99097;        268,2553
84,9662;        268,2734
84,96812;        268,291
84,94608;        268,3106
84,94642;        268,3275
84,94098;        268,3452
84,95166;        268,3619
84,95802;        268,3788
84,97847;        268,396
85,01705;        268,4141
85,02515;        268,4334
84,98008;        268,4518
84,9415;        268,4691
84,9366;        268,4865
84,91207;        268,5043
84,89555;        268,5222
84,87554;        268,5393
84,84928;        268,5559
84,84267;        268,5711
84,83613;        268,5878
84,82951;        268,6056
84,84795;        268,6223
84,87059;        268,6392
84,88254;        268,6541
84,88254;        268,6701
84,87939;        268,6857
84,87939;        268,7015
84,87939;        268,7168
84,87939;        268,7322
84,83528;        268,7484
84,82645;        268,7646
84,82645;        268,7802
84,82645;        268,7959
84,78976;        268,8161
84,77757;        268,8341
84,77473;        268,8517
84,77473;        268,8695
84,78518;        268,8884
84,80094;        268,9065
84,81293;        268,9246
84,82516;        268,9424
84,84064;        268,9609
84,84692;        268,9796
84,85563;        268,9972
84,86764;        269,0146
84,88987;        269,0322
84,90992;        269,05
84,90992;        269,0667
84,92462;        269,0854
84,84887;        269,1033
84,8253;        269,1214
84,81918;        269,1398
84,83316;        269,1578
84,85596;        269,1757
84,86365;        269,1921
84,86572;        269,2079
84,79951;        269,2237
84,72725;        269,2392
84,69912;        269,2553
84,68265;        269,2717
84,68265;        269,2875
84,67999;        269,3039
84,69616;        269,3201
84,74249;        269,3385
84,75546;        269,356
84,74353;        269,3747
84,70614;        269,3943
84,69367;        269,4116
84,69973;        269,4289
84,71638;        269,4465
84,7461;        269,4639
84,7733;        269,4822
84,73787;        269,4988
84,72198;        269,5166
84,71291;        269,5334
84,65289;        269,5519
84,5443;        269,5698
84,39356;        269,5901
84,39629;        269,6082
84,24279;        269,6262
84,07986;        269,6455
83,92019;        269,6651
83,74358;        269,6833
83,54366;        269,7007
83,33608;        269,7199
83,14507;        269,7362
82,97668;        269,7528
82,97668;        269,7689
82,77582;        269,7848
82,5432;        269,801
82,29697;        269,8191
82,08054;        269,8356
81,86894;        269,8517
81,88367;        269,8675
81,64174;        269,8851
81,35245;        269,9012
81,00988;        269,9182
80,67749;        269,9341
80,32861;        269,9507
80,34357;        269,9678
80,01762;        269,985
79,71985;        270,0015
79,3932;        270,0183
79,12982;        270,0363
78,81999;        270,0541
78,49277;        270,0704
78,17415;        270,0888
78,22008;        270,1061
77,92586;        270,1231
77,57729;        270,1407
77,17127;        270,1579
76,77021;        270,175
76,38057;        270,1922
75,95454;        270,2092
75,97552;        270,2279
75,535;        270,2464
75,12691;        270,2655
74,70029;        270,2844
74,23437;        270,3064
73,73335;        270,3258
73,24708;        270,3455
72,81772;        270,3631
72,41292;        270,3826
71,9377;        270,3999
71,39159;        270,4161
70,83229;        270,433
70,31;        270,4491
70,33609;        270,4657
69,85574;        270,4825
69,37762;        270,5007
68,8695;        270,5175
68,42477;        270,5338
68,0138;        270,5507
67,84122;        270,5688
67,67811;        270,5857
67,36311;        270,6024
67,07149;        270,6197
66,78652;        270,6362
66,5604;        270,6531
66,33947;        270,6701
66,34314;        270,6874
66,17479;        270,7042
66,04791;        270,7233
65,92054;        270,7391
65,81033;        270,7556
65,7298;        270,7729
65,72401;        270,7884
65,62741;        270,805
65,51093;        270,8213
65,39014;        270,8385
65,24429;        270,8554
65,05785;        270,873
64,83406;        270,89
64,83202;        270,9072
64,57824;        270,9243
64,31223;        270,9419
64,04294;        270,958
63,78706;        270,9747
63,8375;        270,9909
63,47668;        271,0068
63,05661;        271,0228
62,54435;        271,0383
62,03876;        271,0552
61,54275;        271,0715
61,58045;        271,0881
61,12156;        271,1047
60,69114;        271,1204
60,22116;        271,1364
59,78342;        271,1527
59,31272;        271,169
59,32875;        271,1862
58,80173;        271,2031
58,30597;        271,2186
57,86325;        271,2351
57,49656;        271,2517
57,17031;        271,2701
57,2006;        271,2883
56,88451;        271,3066
56,60238;        271,3263
56,38866;        271,3446
56,21711;        271,3636
56,05518;        271,3824
55,92722;        271,4002
55,82806;        271,4172
55,74082;        271,435
55,66922;        271,4515
55,67813;        271,4674
55,61718;        271,4851
55,55833;        271,5009
55,48147;        271,5189
55,40131;        271,5364
55,31578;        271,5529
55,2462;        271,5692
55,25085;        271,5875
55,18905;        271,6057
55,13925;        271,6243
55,03317;        271,6417
54,91528;        271,6604
54,84935;        271,6793
54,82466;        271,6972
54,79938;        271,7153
54,80259;        271,7349
54,79086;        271,7522
54,7856;        271,7683
54,74577;        271,7844
54,72459;        271,801
54,69356;        271,8173
54,65225;        271,8325
54,60583;        271,8498
54,61712;        271,8672
54,53176;        271,8846
54,40065;        271,9017
54,26051;        271,9185
54,15246;        271,9358
54,05871;        271,953
53,96301;        271,969
53,97474;        271,9867
53,88725;        272,0027
53,76186;        272,0188
53,67018;        272,0349
53,61199;        272,0528
53,5385;        272,0686
53,5344;        272,0852
53,5029;        272,1015
53,49013;        272,1197
53,44403;        272,1365
53,38484;        272,1524
53,31332;        272,1702
53,32296;        272,1882
53,24245;        272,2064
53,14581;        272,2249
53,05725;        272,2448
52,96132;        272,2637
52,82351;        272,2816
52,67992;        272,3014
52,55448;        272,3195
52,43288;        272,3379
52,31781;        272,3617
52,17969;        272,3794
52,0673;        272,3962
51,96758;        272,4154
51,87717;        272,4343
51,82991;        272,453
51,81774;        272,4711
51,81361;        272,4883
51,82165;        272,5071
51,86296;        272,524
51,93904;        272,5436
51,996;        272,5619
52,04593;        272,579
52,04713;        272,5976
52,11796;        272,6171
52,18618;        272,6345
52,31118;        272,6528
52,38395;        272,669
52,38395;        272,6849
52,46794;        272,7008
52,54275;        272,7172
52,64325;        272,7326
52,73314;        272,7484
52,72502;        272,7662
52,79995;        272,7851
52,86294;        272,8009
52,9081;        272,8183
52,96064;        272,8341
53,03445;        272,85
53,02681;        272,8659
53,10926;        272,8832
53,20124;        272,8982
53,29992;        272,9133
53,4181;        272,9297
53,41463;        272,9464
53,57823;        272,9641
53,74219;        272,9804
53,91553;        272,9978
54,10446;        273,0199
54,34414;        273,0385
54,63568;        273,058
54,97589;        273,0767
55,33334;        273,0938
55,7286;        273,1103
55,69983;        273,1277
56,11775;        273,1461
56,57456;        273,1628
57,13243;        273,1789
57,81468;        273,1953
58,47617;        273,2114
59,1522;        273,2281
59,13108;        273,2437
59,81095;        273,2606
60,4922;        273,2775
61,17383;        273,2946
61,92089;        273,3116
61,92089;        273,3283
62,64481;        273,3446
63,31211;        273,3614
63,96137;        273,3772
64,61363;        273,3926
64,60759;        273,4076
65,33973;        273,4252
66,17891;        273,4418
67,12104;        273,4567
68,12768;        273,4734
69,19263;        273,4908
69,19453;        273,506
70,27858;        273,5252
71,44746;        273,5426
72,7935;        273,5607
74,26344;        273,5772
75,70956;        273,594
76,93359;        273,6099
76,86829;        273,6269
78,0639;        273,643
79,0204;        273,6606
79,95809;        273,6775
80,81909;        273,6943
81,65016;        273,7116
81,95256;        273,7283
81,82772;        273,746
81,71472;        273,7642
82,49587;        273,7815
83,02139;        273,8005
82,72511;        273,8177
82,35674;        273,8345
82,5241;        273,8517
82,51608;        273,8675
82,77011;        273,884
82,74084;        273,9005
82,65717;        273,9176
82,64571;        273,9348
82,68266;        273,9509
82,74919;        273,9687
82,75723;        273,985
82,80065;        274,0041
82,81928;        274,023
82,81628;        274,0411
82,80695;        274,0596
82,81272;        274,0776
82,81531;        274,0961
82,85036;        274,1147
82,90244;        274,1358
82,97778;        274,158
83,05083;        274,1779
83,11545;        274,196
83,17737;        274,2137
83,23445;        274,2319
83,28411;        274,2507
83,3279;        274,2686
83,32788;        274,2872
83,386;        274,3057
83,43233;        274,3257
83,46397;        274,3443
83,46941;        274,3625
83,46021;        274,388
83,46283;        274,4054
83,47003;        274,4259
83,49059;        274,444
83,51943;        274,4625
83,54299;        274,4817
83,56593;        274,5025
83,58551;        274,5223
83,6076;        274,5415
83,62469;        274,5594
83,63329;        274,5745
83,63427;        274,5903
83,63767;        274,6062
83,6375;        274,6222
83,65136;        274,6382
83,66878;        274,6547
83,69846;        274,6725
83,72798;        274,6887
83,71896;        274,7046
83,74087;        274,7217
83,75304;        274,7388
83,73276;        274,7552
83,70377;        274,7718
83,69763;        274,7915
83,70258;        274,8084
83,73553;        274,8254
83,73147;        274,84
83,71907;        274,859
83,73663;        274,8745
83,73293;        274,891
83,747;        274,9089
83,7581;        274,9282
83,75942;        274,9463
83,77218;        274,9638
83,80042;        274,9814
83,8225;        274,9978
83,82026;        275,0152
83,79922;        275,0339
83,79319;        275,0532
83,80869;        275,0712
83,8228;        275,0908
83,80387;        275,1091
83,80299;        275,1261
83,81144;        275,1441
83,82382;        275,1615
83,83145;        275,1781
83,83238;        275,1943
83,82811;        275,2117
83,8119;        275,2299
83,81313;        275,2462
83,81427;        275,2634
83,81661;        275,2798
83,80734;        275,2953
83,80009;        275,312
83,80357;        275,3291
83,80869;        275,3457
83,80446;        275,3656
83,78139;        275,3835
83,76833;        275,4046
83,7683;        275,4232
83,7712;        275,4426
83,76662;        275,462
83,7579;        275,4803
83,73615;        275,4998
83,71761;        275,5193
83,70519;        275,5378
83,68357;        275,5572
83,63663;        275,5757
83,62398;        275,5961
83,63535;        275,6151
83,63515;        275,6356
83,63618;        275,6548
83,64066;        275,6755
83,63705;        275,6951
83,65939;        275,7147
83,68587;        275,7329
83,71194;        275,7508
83,73648;        275,7692
83,73648;        275,7843
83,74543;        275,8022
83,76369;        275,8202
83,79809;        275,8371
83,82077;        275,8536
83,82862;        275,8723
83,83801;        275,8923
83,84939;        275,9106
83,8397;        275,9281
83,85127;        275,947
83,87217;        275,9653
83,89535;        275,9821
83,77386;        275,9999
83,42234;        276,0168
83,05046;        276,0359
82,76503;        276,054
82,45323;        276,0711
82,49289;        276,0871
82,0281;        276,1046
81,3634;        276,1214
80,57174;        276,1377
79,74265;        276,153
78,94661;        276,1696
78,97396;        276,1866
78,25956;        276,2034
77,58074;        276,2193
76,92852;        276,2356
76,2515;        276,2526
75,59592;        276,2691
75,6189;        276,2865
75,00207;        276,3021
74,43737;        276,3192
73,80785;        276,3377
73,16431;        276,3552
72,56931;        276,3709
72,57661;        276,3875
72,00584;        276,4048
71,39998;        276,4211
70,73329;        276,4374
70,05243;        276,4529
69,37744;        276,4696
69,40215;        276,4879
68,7178;        276,5055
68,05904;        276,5219
67,40983;        276,5385
66,82423;        276,5545
66,21477;        276,571
66,24161;        276,5876
65,59016;        276,6048
64,97324;        276,6202
64,34573;        276,6371
63,73709;        276,6528
63,05962;        276,6693
63,10693;        276,6858
62,48636;        276,703
61,89996;        276,7195
61,37691;        276,7362
60,82606;        276,753
60,23682;        276,7682
60,33572;        276,7853
59,76973;        276,8023
59,15843;        276,818
58,60207;        276,8335
58,07411;        276,8503
57,48933;        276,8685
57,56599;        276,8873
57,00628;        276,9051
56,49801;        276,9216
56,01381;        276,9395
55,60021;        276,9574
55,19725;        276,9759
54,79817;        276,9933
54,35641;        277,0103
54,38704;        277,0273
53,9658;        277,0447
53,54705;        277,0626
53,2325;        277,0811
52,92139;        277,0978
52,62714;        277,1145
52,34552;        277,1308
52,08063;        277,1489
52,09185;        277,1658
51,87516;        277,1829
51,692;        277,1998
51,46759;        277,2167
51,24389;        277,2353
51,06742;        277,2523
51,06878;        277,2676
50,95095;        277,2871
50,86389;        277,3041
50,78999;        277,3217
50,72548;        277,3393
50,65395;        277,3558
50,57957;        277,3733
50,49374;        277,3898
50,4986;        277,4063
50,42506;        277,4224
50,34958;        277,4395
50,27616;        277,4557
50,21849;        277,4715
50,21503;        277,4877
50,16998;        277,5051
50,14983;        277,5212
50,15259;        277,5384
50,15411;        277,5552
50,16759;        277,5717
50,16273;        277,5886
50,16923;        277,6053
50,16891;        277,621
50,16562;        277,6362
50,15186;        277,6519
50,16264;        277,6679
50,14535;        277,6848
50,14073;        277,7005
50,17966;        277,7169
50,1556;        277,7338
50,24768;        277,7522
50,27275;        277,7703
50,2612;        277,788
50,26186;        277,8051
50,26358;        277,8245
50,28496;        277,842
50,32853;        277,8604
50,33377;        277,8775
50,3273;        277,8938
50,41586;        277,9938
50,27469;        278,0092
50,29071;        278,0252
50,29335;        278,0409
50,26788;        278,0557
50,23159;        278,0756
50,21809;        278,0958
50,20374;        278,1123
50,18652;        278,1278
50,18138;        278,1448
50,18254;        278,1612
50,17909;        278,1773
50,17842;        278,193
50,16918;        278,2097
50,17043;        278,2267
50,1921;        278,2441
50,19029;        278,2603
50,20907;        278,277
50,23226;        278,2939
50,26445;        278,3114
50,30367;        278,3287
50,33153;        278,3473
50,37897;        278,3635
50,38763;        278,3807
50,43407;        278,3984
50,45161;        278,4146
50,45409;        278,4305
50,44277;        278,4478
50,43482;        278,4658
50,43736;        278,4831
50,43217;        278,5005
50,43607;        278,5193
50,44455;        278,5354
50,47049;        278,5523
50,48008;        278,569
50,47911;        278,5849
50,4807;        278,6012
50,51186;        278,6194
50,535;        278,6352
50,53361;        278,6508
50,52987;        278,6667
50,51176;        278,6833
50,49457;        278,7032
50,4954;        278,7198
50,48355;        278,7361
50,4855;        278,7538
50,48549;        278,7722
50,47975;        278,7919
50,47954;        278,8094
50,47349;        278,8266
50,47903;        278,8438
50,47783;        278,8602
50,49004;        278,8774
50,5174;        278,894
50,52852;        278,912
50,53693;        278,9291
50,53813;        278,9464
50,54004;        278,9634
50,53682;        278,981
50,55583;        278,9986
50,60349;        279,0153
50,72513;        279,0323
50,85625;        279,0491
51,02275;        279,0658
51,31993;        279,083
51,26483;        279,1011
51,64825;        279,1204
52,14029;        279,1386
52,78701;        279,1547
53,72815;        279,1712
54,692;        279,1882
55,6693;        279,2064
56,72878;        279,2237
56,67533;        279,2412
57,66701;        279,2584
58,80423;        279,2755
60,05957;        279,2921
61,45559;        279,3106
62,93473;        279,3293
64,22028;        279,3495
65,33141;        279,3691
66,53824;        279,3881
67,83032;        279,4067
69,26671;        279,4265
70,74467;        279,4459
72,13644;        279,4654
73,28704;        279,4844
74,35824;        279,5023
74,2802;        279,5196
75,29469;        279,5379
76,36385;        279,5536
77,32285;        279,5729
77,32285;        279,5891
78,88982;        279,6071
79,67529;        279,6241
80,36916;        279,6441
81,05282;        279,662
81,00227;        279,6792
81,50291;        279,6971
81,87389;        279,7137
82,26466;        279,7311
82,6315;        279,75
82,9385;        279,7676
83,17648;        279,7849
83,16014;        279,8013
83,41188;        279,818
83,67757;        279,8344
83,95918;        279,8513
84,24419;        279,8688
84,525;        279,8861
84,78809;        279,902
84,76972;        279,9202
84,99467;        279,937
85,22668;        279,9526
85,43341;        279,9694
85,58879;        279,9862
85,67783;        280,0023
85,65056;        280,0204
85,7244;        280,0393
85,86132;        280,0555
85,96225;        280,0734
85,97629;        280,0897
85,96782;        280,1077
86,00361;        280,1247
85,99878;        280,1422
86,03105;        280,1597
86,05199;        280,1768
86,08269;        280,1939
86,11181;        280,2107
86,13466;        280,229
86,15256;        280,2455
86,16125;        280,2621
86,22456;        280,2797
86,28879;        280,2965
86,36282;        280,3137
86,40477;        280,3326
86,46808;        280,351
86,53339;        280,3692
86,61763;        280,3878
86,70361;        280,4052
86,69878;        280,422
86,75303;        280,4393
86,74802;        280,457
86,72317;        280,4746
86,72952;        280,4921
86,71053;        280,5098
86,68288;        280,5274
86,7123;        280,5445
86,77065;        280,5627
86,75317;        280,5808
86,81612;        280,5985
86,81145;        280,6145
86,87061;        280,6311
86,9885;        280,649
87,086;        280,6664
87,06083;        280,6827
86,98502;        280,7003
86,96149;        280,7171
87,05604;        280,7352
87,14527;        280,7533
87,2392;        280,7712
87,36623;        280,7896
87,41714;        280,8061
87,31111;        280,8228
87,33925;        280,8398
87,01303;        280,8558
86,24174;        280,872
85,44482;        280,8892
84,66288;        280,9071
83,80305;        280,9246
82,78899;        280,9445
82,87811;        280,9615
81,72462;        280,9789
80,2963;        280,9939
78,56869;        281,0107
76,90641;        281,0276
77,21129;        281,0435
75,51701;        281,0609
74,14824;        281,0785
72,94877;        281,0947
71,58757;        281,1106
70,38584;        281,1268
69,30093;        281,1438
69,38429;        281,1613
68,23674;        281,1785
67,18088;        281,1953
66,2177;        281,2111
65,47875;        281,2278
64,90271;        281,2446
64,40836;        281,2635
64,41962;        281,2809
64,01818;        281,2984
63,59135;        281,3159
63,17282;        281,3333
62,81883;        281,3513
62,52756;        281,369
62,28279;        281,3863
62,0471;        281,4025
62,04959;        281,4197
61,87419;        281,4358
61,72923;        281,4535
61,59051;        281,4694
61,46833;        281,4861
61,36501;        281,5025
61,35456;        281,5199
61,28846;        281,5353
61,24142;        281,5519
61,23376;        281,5689
61,22011;        281,5864
61,21327;        281,6021
61,19123;        281,6188
61,14451;        281,6343
61,08684;        281,6524
61,04078;        281,67
60,97296;        281,6876
60,92911;        281,7047
60,92296;        281,7214
60,84925;        281,7375
60,79666;        281,7534
60,77774;        281,7743
60,7424;        281,791
60,72768;        281,8054
60,72514;        281,8211
60,71474;        281,839
60,68429;        281,8561
60,6801;        281,8752
60,66795;        281,8919
60,59722;        281,9094
60,53005;        281,926
60,47044;        281,9423
60,50121;        281,9579
60,41791;        281,9731
60,35054;        281,9889
60,31071;        282,0055
60,3124;        282,0218
60,25304;        282,0388
60,21347;        282,0562
60,16296;        282,0741
60,15048;        282,0904
60,15092;        282,1067
60,14925;        282,1219
60,16536;        282,1396
60,24333;        282,1565
60,30981;        282,1761
60,37322;        282,193
60,45496;        282,2118
60,52634;        282,2306
60,57127;        282,2491
60,59401;        282,2665
60,62803;        282,2846
60,70925;        282,306
60,70925;        282,3228
60,7738;        282,3401
60,83039;        282,3566
60,89125;        282,3744
60,93353;        282,3932
60,99002;        282,4113
61,06426;        282,4292
61,16727;        282,446
61,13768;        282,4621
61,26244;        282,4791
61,4018;        282,495
61,57142;        282,5115
61,7059;        282,5285
61,86761;        282,546
62,07804;        282,5621
62,03743;        282,5813
62,25797;        282,5997
62,49984;        282,6161
62,68306;        282,6324
62,86163;        282,649
63,0537;        282,6673
63,2454;        282,6833
63,23682;        282,7005
63,41689;        282,7196
63,5606;        282,7362
63,66478;        282,7534
63,7913;        282,7703
63,93557;        282,7879
64,10056;        282,8044
64,09551;        282,8218
64,21931;        282,839
64,32957;        282,855
64,45205;        282,8722
64,56213;        282,8902
64,64759;        282,907
64,73338;        282,9233
64,72488;        282,9392
64,82131;        282,9556
64,91391;        282,9729
64,99364;        282,9905
65,06211;        283,0069
65,09489;        283,0237
65,07387;        283,0399
65,09969;        283,0565
65,15707;        283,0745
65,25378;        283,0908
65,35616;        283,1097
65,45439;        283,1271
65,53947;        283,1454
65,62373;        283,1644
65,70955;        283,1835
65,69418;        283,2013
65,77398;        283,22
65,8707;        283,2367
65,96721;        283,2522
66,04219;        283,2694
66,11775;        283,2854
66,10676;        283,3018
66,19566;        283,3182
66,29916;        283,3346
66,39676;        283,3513
66,50238;        283,3684
66,59667;        283,3861
66,68299;        283,403
66,67752;        283,4195
66,76263;        283,4351
66,85186;        283,452
66,9425;        283,4686
67,04863;        283,4859
67,05061;        283,5024
67,13236;        283,5193
67,19682;        283,5352
67,26965;        283,5525
67,35601;        283,5711
67,41932;        283,5872
67,48037;        283,6042
67,48037;        283,6203
67,55473;        283,6372
67,62171;        283,6539
67,68618;        283,6737
67,75517;        283,6909
67,82494;        283,7082
67,87724;        283,7241
67,87776;        283,7418
67,92397;        283,7585
67,97843;        283,7745
68,02814;        283,791
68,07713;        283,8073
68,11329;        283,8242
68,11405;        283,8403
68,16212;        283,8568
68,22235;        283,8733
68,27451;        283,8902
68,32474;        283,9068
68,35019;        283,9227
68,35017;        283,9406
68,36652;        283,9576
68,36272;        283,9733
68,35992;        283,9899
68,37778;        284,0078
68,37328;        284,0244
68,38416;        284,0418
68,39997;        284,0605
68,41562;        284,0793
68,42207;        284,097
68,43263;        284,1152
68,44518;        284,1335
68,45997;        284,1518
68,46809;        284,1716
68,46145;        284,1904
68,45515;        284,2098
68,43531;        284,2271
68,43178;        284,2439
68,43644;        284,2607
68,45797;        284,2764
68,47186;        284,292
68,45739;        284,3089
68,43933;        284,3235
68,43933;        284,3396
68,42628;        284,3541
68,42885;        284,3704
68,44387;        284,3867
68,43557;        284,4064
68,40046;        284,4268
68,37638;        284,4442
68,37095;        284,4618
68,35279;        284,4789
68,3404;        284,4971
68,32889;        284,5141
68,32646;        284,5315
68,32614;        284,5483
68,33885;        284,5647
68,33327;        284,5822
68,3315;        284,5985
68,3284;        284,6149
68,3284;        284,6302
68,36636;        284,6476
68,38372;        284,6647
68,38055;        284,6819
68,38175;        284,6996
68,36166;        284,7169
68,32576;        284,7334
68,31319;        284,7497
68,36248;        284,7667
68,40704;        284,7835
68,40495;        284,8
68,42121;        284,8165
68,41588;        284,8345
68,38504;        284,8517
68,36044;        284,8698
68,36388;        284,8883
68,4088;        284,9066
68,46015;        284,9253
68,46291;        284,9454
68,44815;        284,9639
68,46536;        284,9835
68,49268;        285,004
68,52574;        285,0225
68,52033;        285,0411
68,55332;        285,0597
68,56966;        285,0781
68,57626;        285,097
68,58801;        285,117
68,58843;        285,1372
68,58201;        285,1554
68,60312;        285,1739
68,63366;        285,1941
68,66965;        285,2131
68,66127;        285,233
68,65869;        285,2518
68,65259;        285,2718
68,64098;        285,2905
68,6804;        285,3097
68,74452;        285,3294
68,77882;        285,3475
68,75341;        285,3671
68,60769;        285,3857
68,37365;        285,4042
68,33607;        285,421
68,10582;        285,4399
67,90362;        285,457
67,71593;        285,4743
67,58944;        285,4931
67,48277;        285,5125
67,41672;        285,5301
67,40585;        285,5474
67,53816;        285,5659
67,7234;        285,5845
67,91244;        285,6029
67,8975;        285,6215
68,08575;        285,6399
68,22898;        285,6585
68,38267;        285,6763
68,59253;        285,6939
68,76576;        285,7118
68,92876;        285,7294
69,09286;        285,7474
69,09854;        285,7641
69,27837;        285,7811
69,38747;        285,7976
69,42091;        285,8142
69,27173;        285,8309
69,0313;        285,8478
68,75935;        285,8644
68,81766;        285,8811
68,48023;        285,8975
68,03873;        285,9169
67,49935;        285,9349
66,75793;        285,9525
65,93349;        285,9703
65,05133;        285,988
64,10471;        286,0057
64,15997;        286,0222
63,17585;        286,0397
62,15058;        286,0572
61,0751;        286,0746
60,18115;        286,0924
59,25216;        286,1112
58,4261;        286,1294
57,66847;        286,1462
57,30161;        286,1627
57,04272;        286,1799
56,26732;        286,1962
55,39885;        286,2119
54,71778;        286,2289
54,12055;        286,2467
53,5534;        286,2628
53,62834;        286,2785
53,07803;        286,2951
52,55958;        286,3123
52,16914;        286,3295
51,80309;        286,3463
51,43895;        286,3635
51,0568;        286,3857
51,0555;        286,4015
50,72364;        286,4179
50,4786;        286,4339
50,29824;        286,4505
50,24208;        286,4673
50,27715;        286,4816
50,29085;        286,498
50,29814;        286,5147
50,30843;        286,5305
50,29402;        286,5477
50,25182;        286,5639
50,25346;        286,5805
50,16091;        286,5986
50,06075;        286,6157
50,01685;        286,6329
50,00529;        286,6488
49,98536;        286,6647
49,9631;        286,6818
49,98571;        286,6982
50,05521;        286,7143
50,14664;        286,731
50,20032;        286,7492
50,27188;        286,766
50,36833;        286,7827
50,32927;        286,7992
50,42974;        286,8154
50,54797;        286,8332
50,73105;        286,851
50,89724;        286,869
51,03423;        286,8879
51,18766;        286,9067
51,33559;        286,9244
51,33559;        286,9415
51,45625;        286,9596
51,56454;        286,9775
51,66158;        286,9957
51,78242;        287,0129
51,90669;        287,0312
51,9844;        287,0471
52,09743;        287,0634
52,26335;        287,0819
52,17659;        287,0991
52,30293;        287,116
52,48424;        287,1325
52,61919;        287,1499
52,74503;        287,1664
52,89433;        287,1842
52,85205;        287,2004
52,99294;        287,2177
53,12011;        287,2339
53,31493;        287,2509
53,50073;        287,2679
53,73773;        287,2867
54,00994;        287,3039
54,00994;        287,3201
54,25184;        287,3384
54,45445;        287,3543
54,69792;        287,3727
54,67594;        287,3895
54,8734;        287,4065
55,05566;        287,4232
55,1885;        287,4403
55,29251;        287,4583
55,39412;        287,4748
55,39412;        287,4907
55,4518;        287,5071
55,43629;        287,5235
55,4234;        287,5402
55,44984;        287,5584
55,52112;        287,5756
55,67991;        287,5921
55,91024;        287,6094
56,22947;        287,6267
56,60984;        287,6435
56,61847;        287,6606
57,0596;        287,6765
57,4939;        287,6933
57,88236;        287,7128
58,27053;        287,7304
58,76374;        287,7503
59,43557;        287,7699
60,27422;        287,7906
61,15975;        287,8108
62,0886;        287,8303
63,04433;        287,8503
64,01001;        287,8698
64,92648;        287,8898
65,76586;        287,9094
66,54822;        287,9288
67,39632;        287,9482
68,2804;        287,9668
69,24021;        287,9847
69,26629;        288,0015
70,21862;        288,017
71,10979;        288,0347
71,81665;        288,0508
72,28674;        288,0672
72,56888;        288,0837
72,57265;        288,1005
72,82931;        288,1175
73,10435;        288,1338
73,31793;        288,1505
73,47887;        288,1677
73,57925;        288,1844
73,60245;        288,2019
73,70824;        288,2191
73,71006;        288,2354
73,53089;        288,2513
73,24451;        288,2698
72,96071;        288,2878
72,68272;        288,306
72,68179;        288,3225
72,39694;        288,3398
72,03575;        288,3571
71,61446;        288,3726
71,19955;        288,3896
70,80775;        288,4068
70,79134;        288,4224
70,45192;        288,4391
70,21289;        288,4555
70,12851;        288,4721
70,17587;        288,489
70,28895;        288,5073
70,42392;        288,5234
70,30988;        288,5401
70,54583;        288,5561
71,0659;        288,5723
71,61958;        288,5892
72,09985;        288,6053
71,97209;        288,6215
72,36943;        288,6387
72,97544;        288,6561
73,71561;        288,6724
74,69995;        288,6895
75,87469;        288,7078
77,27984;        288,7245
78,5771;        288,7425
78,46246;        288,7603
79,44697;        288,7781
80,34454;        288,7945
81,22334;        288,8117
81,95903;        288,8294
82,25708;        288,8468
81,69007;        288,8643
83,84856;        288,8829
83,60495;        288,9006
85,0984;        288,9194
84,63563;        288,9349
83,87663;        288,952
84,16671;        288,9684
84,54568;        288,9846
84,14794;        289,0011
83,79056;        289,0193
83,22021;        289,0352
82,82133;        289,0515
82,5844;        289,0674
82,38651;        289,0844
82,20097;        289,102
81,96317;        289,1193
81,77369;        289,1351
81,64455;        289,1516
81,60349;        289,1683
81,52758;        289,1844
81,42;        289,201
81,16589;        289,2174
80,98326;        289,233
80,81367;        289,2491
80,29367;        289,2668
80,12747;        289,2824
79,95011;        289,2985
79,43611;        289,3148
79,22379;        289,3315
78,76143;        289,3483
78,38324;        289,3644
78,29252;        289,3812
78,08894;        289,3974
78,08743;        289,4142
78,17643;        289,4316
78,29792;        289,4494
78,38904;        289,4677
78,46013;        289,4845
78,47044;        289,501
78,48736;        289,518
78,50591;        289,534
78,4775;        289,5501
78,554;        289,5673
78,65453;        289,5842
78,76156;        289,6007
78,87553;        289,6171
78,95087;        289,6336
78,98051;        289,6549
78,98051;        289,6716
79,00948;        289,6887
79,19373;        289,706
79,50319;        289,7239
79,6125;        289,7413
79,92491;        289,7585
80,1622;        289,7761
80,38658;        289,7939
80,48342;        289,8108
80,68429;        289,8283
80,86194;        289,8444
80,94696;        289,8608
81,08074;        289,878
81,19573;        289,8942
81,25417;        289,9103
81,39552;        289,9269
81,62625;        289,9445
81,70129;        289,9608
81,99786;        289,9788
82,30644;        289,9959
82,5313;        290,0114
82,7174;        290,0276
82,8691;        290,0438
82,87093;        290,0609
83,02403;        290,0778
83,14761;        290,0941
83,21071;        290,1109
83,263;        290,1278
83,33325;        290,1432
83,37525;        290,1599
83,44695;        290,1757
83,50293;        290,1939
83,5192;        290,2116
83,58011;        290,2288
83,63033;        290,2461
83,64323;        290,2627
83,6888;        290,2805
83,68996;        290,2971
83,63451;        290,3128
83,52948;        290,3296
83,3868;        290,3456
83,38135;        290,3618
83,34025;        290,3785
83,43047;        290,394
83,53746;        290,4102
83,67146;        290,4265
83,73289;        290,4434
83,7487;        290,4607
83,74486;        290,4773
83,7037;        290,4933
83,58321;        290,5102
83,39429;        290,5261
83,21453;        290,5429
83,17989;        290,5595
83,09214;        290,576
83,02441;        290,5926
82,93642;        290,6095
82,88109;        290,6275
82,8746;        290,6447
82,8089;        290,6618
82,73289;        290,6795
82,56931;        290,6976
82,38237;        290,7168
82,21317;        290,7344
82,12791;        290,7526
81,86566;        290,7723
81,50574;        290,791
81,18317;        290,8092
80,92812;        290,8268
80,68005;        290,8441
80,5834;        290,8604
80,29681;        290,8767
80,06561;        290,8941
79,97947;        290,9116
79,8178;        290,9296
79,67605;        290,9467
79,61878;        290,9631
79,52798;        290,98
79,41594;        290,9961
79,33905;        291,0119
79,18886;        291,0294
79,04379;        291,0454
78,96356;        291,0618
78,86879;        291,0773
78,7905;        291,0938
78,72392;        291,1106
78,59275;        291,1279
78,47162;        291,1438
78,45566;        291,1591
78,39387;        291,1754
78,39387;        291,1912
78,27413;        291,2084
78,12592;        291,2245
78,02816;        291,2419
77,9967;        291,2582
77,9069;        291,2746
77,82175;        291,29
77,7504;        291,3065
77,72967;        291,3224
77,75149;        291,3383
77,77459;        291,3546
77,76598;        291,3712
77,77969;        291,3876
77,77622;        291,4051
77,80268;        291,4205
77,86313;        291,4377
77,9446;        291,4534
77,98106;        291,47
78,05253;        291,4872
78,19285;        291,5049
78,2505;        291,5236
78,30647;        291,5417
78,42467;        291,5591
78,48732;        291,576
78,61036;        291,5935
79,1879;        291,6109
79,57018;        291,6282
79,77641;        291,6453
80,01349;        291,6633
80,14574;        291,6808
80,18624;        291,6973
79,87249;        291,7141
79,14686;        291,7313
78,62162;        291,7477
78,20109;        291,7666
77,75067;        291,7824
77,91716;        291,7993
77,47375;        291,8154
76,89194;        291,833
76,32481;        291,8509
75,95908;        291,867
75,33293;        291,8834
75,40751;        291,8997
74,48122;        291,9156
73,46471;        291,9322
72,65616;        291,9497
72,0423;        291,9658
71,39145;        291,9816
71,61633;        291,9986
70,81223;        292,0158
69,78555;        292,0323
69,02798;        292,0484
68,39114;        292,0662
67,86055;        292,0829
68,02398;        292,0991
67,42259;        292,115
66,77049;        292,1328
66,58583;        292,1495
66,51289;        292,1658
66,32919;        292,1835
66,28567;        292,2003
66,2771;        292,2171
66,59933;        292,2334
67,0028;        292,2507
67,31051;        292,2679
67,48886;        292,2847
67,45272;        292,3007
67,09105;        292,317
66,46402;        292,3343
65,86349;        292,3519
65,28477;        292,3696
64,7483;        292,3878
64,70963;        292,4033
64,26493;        292,4211
63,86864;        292,4372
63,52874;        292,4533
63,53984;        292,4707
63,67235;        292,4886
64,01983;        292,5054
63,99471;        292,522
64,67439;        292,5399
65,61494;        292,5572
66,67804;        292,5748
67,66109;        292,5933
68,52866;        292,6105
69,40083;        292,6284
69,93773;        292,6453
70,40918;        292,6608
71,48431;        292,6774
72,69588;        292,694
73,85909;        292,7112
74,78075;        292,7307
75,60658;        292,7484
76,47849;        292,7657
77,34654;        292,7835
77,33379;        292,8006
78,08646;        292,8172
78,58435;        292,8342
79,11566;        292,8515
79,51497;        292,87
79,785;        292,8863
79,81302;        292,9025
79,82263;        292,9194
79,59362;        292,9355
79,11452;        292,9522
78,59703;        292,9697
78,24412;        292,9868
77,87389;        293,0057
77,88318;        293,023
77,1323;        293,0409
75,43846;        293,0579
73,26857;        293,0736
71,62246;        293,0906
70,53412;        293,1082
69,02135;        293,1259
67,08916;        293,1421
67,14989;        293,1591
65,35331;        293,1756
63,97707;        293,1937
62,66924;        293,209
61,88436;        293,2266
61,25774;        293,2428
61,48704;        293,2594
60,86064;        293,2764
60,37325;        293,2939
59,6765;        293,3104
59,27733;        293,3271
58,88975;        293,3441
59,1024;        293,3611
58,7195;        293,3779
58,12156;        293,3947
57,78341;        293,413
57,41911;        293,4296
57,07697;        293,4479
56,74977;        293,466
56,3811;        293,4829
56,36956;        293,5006
55,81678;        293,5201
55,23026;        293,5375
54,7528;        293,5559
54,43706;        293,5732
54,2888;        293,5901
54,17763;        293,6061
54,12302;        293,6215
53,99137;        293,6393
53,88049;        293,6557
53,76033;        293,6737
53,68433;        293,6904
53,6271;        293,7072
53,58651;        293,7245
53,53165;        293,7416
53,45871;        293,759
53,5253;        293,7765
53,48013;        293,7953
53,45487;        293,8153
53,44803;        293,8334
53,44907;        293,8511
53,38723;        293,871
53,32385;        293,8903
53,28899;        293,9086
53,24068;        293,9259
53,16111;        293,9439
53,11716;        293,9612
53,08339;        293,9803
53,04496;        293,9991
52,98428;        294,0157
52,95498;        294,0324
53,00488;        294,0504
53,06887;        294,0678
53,15482;        294,0856
53,1701;        294,1042
53,14886;        294,1209
53,16874;        294,1384
53,18313;        294,1551
53,17363;        294,1736
53,14126;        294,1927
53,13435;        294,2103
53,15123;        294,2295
53,15614;        294,2481
53,13453;        294,2661
53,12198;        294,2838
53,10353;        294,302
53,10726;        294,3197
53,15383;        294,3372
53,20946;        294,356
53,20942;        294,3757
53,22806;        294,3957
53,22722;        294,4142
53,24333;        294,4326
53,28471;        294,4511
53,28329;        294,4695
53,28152;        294,4884
53,26899;        294,509
53,24563;        294,5279
53,23603;        294,5453
53,22963;        294,5637
53,24702;        294,5815
53,2676;        294,5998
53,30649;        294,6192
53,34498;        294,6367
53,35502;        294,6544
53,35782;        294,6723
53,3528;        294,6901
53,33895;        294,708
53,36107;        294,7255
53,356;        294,7418
53,35831;        294,7592
53,37502;        294,7747
53,4125;        294,7918
53,45378;        294,809
53,46532;        294,8264
53,51871;        294,8429
53,49681;        294,8605
53,55537;        294,8778
53,59705;        294,8954
53,63437;        294,9128
53,64935;        294,9303
53,66403;        294,9481
53,66218;        294,9654
53,70586;        294,9842
53,67712;        295,0025
53,73815;        295,0197
53,8209;        295,0352
53,93008;        295,0522
54,02136;        295,0692
54,10651;        295,0871
54,26982;        295,1041
54,15631;        295,1216
54,31163;        295,1389
54,56157;        295,1564
54,938;        295,1736
55,2981;        295,1917
55,66428;        295,2094
56,11375;        295,2274
56,69271;        295,2443
57,36396;        295,2625
57,42119;        295,2809
58,16394;        295,3004
58,96787;        295,3185
59,79269;        295,3361
60,6388;        295,354
61,49676;        295,372
62,50558;        295,3904
63,54927;        295,409
64,58295;        295,4262
65,61729;        295,4443
66,44607;        295,4619
66,49253;        295,4797
67,15499;        295,4967
67,67768;        295,5142
68,12756;        295,5321
68,48511;        295,5504
68,75228;        295,5675
68,93641;        295,5857
69,0154;        295,6035
69,00158;        295,6198
69,05123;        295,6372
69,08342;        295,6555
69,10531;        295,6733
69,15618;        295,6906
69,23071;        295,7089
69,2272;        295,7248
69,32237;        295,7412
69,44832;        295,7596
69,59925;        295,7772
69,77311;        295,7953
69,9463;        295,8123
70,09101;        295,8314
70,23234;        295,8506
70,357;        295,8694
70,46141;        295,889
70,54415;        295,9073
70,61229;        295,926
70,67234;        295,9429
70,67234;        295,9594
70,7123;        295,9766
70,74434;        295,9948
70,76424;        296,0128
70,77774;        296,0311
70,79466;        296,0492
70,81712;        296,0664
70,85384;        296,0838
70,84796;        296,1012
70,87642;        296,1192
70,92067;        296,1364
70,93916;        296,1539
70,9194;        296,1717
70,94675;        296,1891
70,9456;        296,2058
70,93007;        296,2217
70,94081;        296,2411
70,96114;        296,2609
70,9679;        296,2798
70,95512;        296,2981
70,93023;        296,3172
70,89328;        296,3356
70,87373;        296,3563
70,84699;        296,378
70,85176;        296,3969
70,86964;        296,4165
70,90128;        296,4346
70,93555;        296,4518
70,99705;        296,4691
71,07587;        296,4881
71,14927;        296,5089
71,22936;        296,5282
71,37324;        296,546
71,51721;        296,5645
71,67992;        296,5825
71,67652;        296,6008
71,83295;        296,6198
72,01714;        296,6383
72,17191;        296,6564
72,30605;        296,675
72,4505;        296,6945
72,60491;        296,7125
72,71781;        296,7308
72,79414;        296,7501
72,84193;        296,7698
72,87743;        296,7881
72,90824;        296,8076
72,94782;        296,825
72,97857;        296,8422
72,97934;        296,8612
73,01295;        296,8802
73,06611;        296,8981
73,12751;        296,9153
73,17794;        296,9332
73,2123;        296,9525
73,24442;        296,9706
73,27307;        296,9892
73,31191;        297,0072
73,34943;        297,0247
73,3494;        297,0421
73,39431;        297,06
73,45571;        297,0778
73,51795;        297,0945
73,5747;        297,1096
73,63136;        297,1265
73,67666;        297,1451
73,69652;        297,1615
73,70071;        297,1798
73,69761;        297,1983
73,69906;        297,2169
73,69923;        297,2355
73,70009;        297,2549
73,69239;        297,2759
73,68382;        297,2959
73,6781;        297,3142
73,67068;        297,3344
73,66109;        297,3531
73,67715;        297,3695
73,69435;        297,3859
73,68618;        297,4016
73,6918;        297,4179
73,68019;        297,4338
73,65555;        297,4499
73,62646;        297,4661
73,64503;        297,4826
73,60728;        297,4997
73,57593;        297,5149
73,55199;        297,5319
73,48948;        297,5481
73,3429;        297,565
73,17622;        297,5818
73,13395;        297,5993
73,02543;        297,6156
73,0081;        297,6317
72,99133;        297,6484
72,99209;        297,6656
73,03413;        297,6819
72,99883;        297,6986
73,00226;        297,715
73,03111;        297,7331
73,06232;        297,7499
73,16097;        297,7659
73,30212;        297,7828
73,27852;        297,8002
73,43405;        297,82
73,61694;        297,8382
73,83738;        297,8569
74,00938;        297,8753
74,08586;        297,8932
74,10658;        297,9115
74,09354;        297,9293
74,06092;        297,9471
73,97882;        297,964
73,86227;        297,9828
73,86501;        298,0005
73,66376;        298,0186
73,27551;        298,0342
72,75729;        298,0506
72,25718;        298,0685
71,79082;        298,0854
71,79062;        298,1011
71,32704;        298,1185
70,88757;        298,1349
70,49104;        298,1509
70,11749;        298,1689
69,78973;        298,187
69,47147;        298,2036
69,44848;        298,2203
69,18102;        298,239
69,02519;        298,2554
68,96025;        298,2738
68,98461;        298,2929
69,09146;        298,3119
69,25013;        298,3316
69,32533;        298,3527
69,39437;        298,3748
69,44497;        298,3931
69,4687;        298,4113
69,42747;        298,4297
69,36654;        298,4487
69,30114;        298,4664
69,22614;        298,4863
69,12203;        298,5063
68,97598;        298,5262
68,83631;        298,5444
68,71159;        298,5624
68,70451;        298,5819
68,56871;        298,6025
68,46617;        298,6209
68,41948;        298,6393
68,34361;        298,6642
68,28415;        298,6849
68,2468;        298,7042
68,20586;        298,723
68,20541;        298,7403
68,13174;        298,7553
68,0723;        298,7709
68,02026;        298,789
67,98631;        298,8042
67,98631;        298,8201
67,98425;        298,8371
67,97765;        298,8534
67,96898;        298,87
67,94096;        298,8869
67,92015;        298,9037
67,92015;        298,9201
67,88773;        298,9369
67,88773;        298,9526
67,88773;        298,9688
67,88773;        298,9849
67,91701;        299,0013
68,01741;        299,0171
68,03163;        299,0321
67,98786;        299,0487
67,98786;        299,0668
68,36342;        299,0855
68,34848;        299,1083
68,25347;        299,126
68,34167;        299,1438
68,30616;        299,1603
68,51322;        299,1786
68,81616;        299,1957
69,12744;        299,2126
69,88096;        299,2284
70,9012;        299,2451
71,83787;        299,2623
71,6852;        299,2782
72,33288;        299,2943
73,08015;        299,3106
73,74716;        299,3281
74,18085;        299,3441
74,11945;        299,3604
74,30466;        299,377
74,26517;        299,3933
74,32584;        299,41
74,37056;        299,4264
74,35345;        299,443
74,34564;        299,4593
74,30029;        299,4756
74,27097;        299,492
74,29227;        299,5084
74,26537;        299,5244
74,26952;        299,5406
74,2347;        299,5551
74,25806;        299,5713
74,30513;        299,5903
74,35425;        299,6069
74,39052;        299,6251
74,38663;        299,642
74,36544;        299,6593
74,37939;        299,6752
74,42625;        299,6901
74,55374;        299,7073
74,5892;        299,724
74,53442;        299,7421
74,53442;        299,7587
74,43485;        299,7736
74,33163;        299,7909
74,26769;        299,8083
74,26347;        299,8262
74,25178;        299,8452
74,23332;        299,8664
74,25318;        299,8886
74,34927;        299,9139
74,40876;        299,9369
74,42147;        299,9576
74,3869;        299,9767
74,36401;        299,9934
74,41493;        300,0114
74,47301;        300,0293
74,51698;        300,0465
74,54919;        300,0645
74,56958;        300,0817
74,59325;        300,1012
74,61783;        300,1212
74,63436;        300,142
74,63826;        300,1623
74,64684;        300,1801
74,64863;        300,2009
74,65099;        300,2189
74,6673;        300,2374
74,7058;        300,2537
74,73424;        300,2723
74,7402;        300,2887
74,71445;        300,3076
74,68501;        300,3268
74,68021;        300,3437
74,68313;        300,3629
74,68406;        300,3817
74,69376;        300,3999
74,70731;        300,417
74,69852;        300,4351
74,67509;        300,4521
74,6464;        300,4704
74,61823;        300,4876
74,60394;        300,5049
74,59943;        300,5227
74,5976;        300,5381
74,59864;        300,5538
74,6067;        300,5713
74,60545;        300,5889
74,57338;        300,6083
74,5296;        300,6265
74,4809;        300,6433
74,48339;        300,6597
74,45409;        300,6781
74,44325;        300,6959
74,45485;        300,7142
74,47401;        300,7318
74,48975;        300,7496
74,48953;        300,7679
74,49215;        300,7861
74,46296;        300,8037
74,46296;        300,8195
74,43459;        300,8368
74,4069;        300,8543
74,39514;        300,8716
74,39626;        300,8885
74,38839;        300,907
74,38839;        300,9237
74,37728;        300,9416
74,38865;        300,9607
74,3879;        300,9775
74,3841;        300,9948
74,37064;        301,0135
74,34357;        301,0312
74,3126;        301,0511
74,28436;        301,0696
74,24986;        301,0878
74,22721;        301,1066
74,22721;        301,1233
74,19203;        301,1407
74,15179;        301,1595
74,11794;        301,1769
74,10276;        301,1938
74,09394;        301,2114
74,09375;        301,2292
74,08981;        301,2464
74,0648;        301,2657
74,06724;        301,2838
74,06354;        301,3014
74,05384;        301,3191
74,04548;        301,3366
74,03197;        301,3556
74,02323;        301,3717
74,01928;        301,3916
74,00832;        301,408
74,00832;        301,4226
74,00409;        301,4399
73,99261;        301,4571
73,96456;        301,4742
73,92936;        301,4911
73,90591;        301,5086
73,89739;        301,5234
73,89739;        301,539
73,89419;        301,5546
73,89648;        301,5733
73,8953;        301,5912
73,87049;        301,6081
73,8466;        301,6248
73,84834;        301,6414
73,84393;        301,6585
73,85461;        301,6736
73,85312;        301,6899
73,85089;        301,7076
73,84731;        301,7247
73,82886;        301,7423
73,82726;        301,7599
73,82468;        301,7764
73,80193;        301,7938
73,78163;        301,8118
73,7591;        301,8299
73,73897;        301,848
73,71601;        301,8652
73,66979;        301,8815
73,67212;        301,8991
73,61095;        301,9176
73,55736;        301,9353
73,50168;        301,9533
73,41502;        301,9707
73,30869;        301,9889
73,20417;        302,0063
73,12254;        302,0238
73,03986;        302,042
73,04839;        302,0598
72,98221;        302,0764
72,9035;        302,0936
72,78211;        302,111
72,62322;        302,1274
72,45213;        302,1445
72,44797;        302,1607
72,27411;        302,1786
72,08;        302,1967
71,86455;        302,2124
71,64468;        302,2288
71,4561;        302,2445
71,46194;        302,2608
71,28413;        302,2774
71,1182;        302,2934
70,95819;        302,3107
70,84211;        302,3284
70,7699;        302,3445
70,78217;        302,3613
70,71981;        302,3777
70,70351;        302,3942
70,72025;        302,4117
70,7419;        302,4276
70,7419;        302,443
70,75589;        302,4593
70,7747;        302,4753
70,79655;        302,4921
70,77857;        302,5101
70,80069;        302,5255
70,80937;        302,5414
70,78702;        302,5576
70,77366;        302,5732
70,77614;        302,5904
70,74606;        302,6071
70,69255;        302,6233
70,69238;        302,6412
70,61797;        302,6571
70,52678;        302,673
70,41793;        302,688
70,30533;        302,7072
70,30994;        302,7212
70,19011;        302,7385
70,05286;        302,7542
69,90025;        302,7716
69,89799;        302,7867
69,607;        302,8043
69,60563;        302,8201
69,42842;        302,8385
69,26088;        302,8554
69,09404;        302,8744
68,89035;        302,893
68,63943;        302,9121
68,29852;        302,9305
67,86589;        302,9496
67,43699;        302,9691
67,04031;        302,9886
66,63043;        303,0088
66,20144;        303,0281
65,70603;        303,0464
65,20135;        303,0647
64,75752;        303,0828
64,75752;        303,0995
64,29938;        303,1165
63,73761;        303,1355
63,13235;        303,1536
62,51422;        303,1714
61,94097;        303,1912
61,30193;        303,2097
60,62311;        303,2281
59,92436;        303,2462
59,20781;        303,2641
59,35405;        303,2817
58,75276;        303,2997
58,25826;        303,3173
57,66592;        303,3358
57,29883;        303,3531
56,76913;        303,3711
56,27208;        303,3897
55,81105;        303,4081
55,38166;        303,4265
54,94965;        303,4439
54,97369;        303,4615
54,58797;        303,4799
54,26267;        303,4975
53,95354;        303,5154
53,66705;        303,5332
53,42358;        303,5501
53,17137;        303,5688
52,93493;        303,5854
52,92175;        303,6017
52,71099;        303,6188
52,52689;        303,6355
52,3945;        303,6536
52,3198;        303,6703
52,25766;        303,6892
52,26364;        303,707
52,30197;        303,7234
52,27328;        303,7396
52,27622;        303,7544
52,30292;        303,7742
52,37358;        303,7915
52,42518;        303,8096
52,48164;        303,8266
52,53119;        303,8449
52,58536;        303,8629
52,66064;        303,8815
52,65856;        303,8995
52,74983;        303,9176
52,81713;        303,9355
52,86274;        303,9524
52,90292;        303,9688
52,9253;        303,9871
52,96362;        304,0042
52,9462;        304,0213
52,97716;        304,0392
53,00375;        304,0567
53,04458;        304,0742
53,13052;        304,0905
53,21162;        304,108
53,26579;        304,1241
53,25289;        304,139
53,32773;        304,1558
53,4246;        304,1716
53,53374;        304,1896
53,66026;        304,2076
53,79568;        304,2245
53,91054;        304,2414
53,87574;        304,2585
53,88017;        304,2739
53,80507;        304,2912
53,58041;        304,3095
53,34662;        304,3279
53,13992;        304,3449
52,98392;        304,3642
52,87285;        304,3853
52,76901;        304,4044
52,69995;        304,4237
52,6935;        304,442
52,67859;        304,4606
52,6847;        304,4797
52,62672;        304,4984
52,54201;        304,5158
52,46386;        304,5333
52,36153;        304,552
52,25824;        304,5689
52,08359;        304,586
51,86392;        304,6046
51,87844;        304,6213
51,65522;        304,6386
51,46185;        304,6567
51,298;        304,6728
51,15945;        304,6904
51,06068;        304,7089
50,96346;        304,7255
50,88375;        304,7419
50,90683;        304,7607
50,88861;        304,7785
50,90535;        304,7957
50,93365;        304,8132
50,96518;        304,8307
50,98744;        304,8486
50,9945;        304,8669
51,00398;        304,8885
51,06452;        304,9069
51,1401;        304,9255
51,14324;        304,9416
51,21873;        304,958
51,28601;        304,975
51,34164;        304,9926
51,40872;        305,0097
51,45071;        305,0267
51,49205;        305,043
51,5045;        305,0595
51,58533;        305,0765
51,6902;        305,0935
51,76877;        305,1101
51,81429;        305,1263
51,85087;        305,1426
51,8539;        305,1605
51,88028;        305,1784
51,88459;        305,1938
51,91445;        305,2109
51,98038;        305,2287
52,03545;        305,2459
52,11138;        305,2619
52,12292;        305,2784
52,17593;        305,2946
52,20788;        305,3107
52,19823;        305,3287
52,15566;        305,3468
52,11353;        305,3652
52,02694;        305,3846
51,99902;        305,4035
52,01472;        305,4216
52,00076;        305,4453
52,06871;        305,4623
52,07693;        305,4805
52,09024;        305,4965
52,00932;        305,5127
51,92662;        305,5293
51,85852;        305,5474
51,80806;        305,5623
51,8074;        305,578
51,80163;        305,5944
51,80921;        305,6115
51,84575;        305,6294
51,88619;        305,6459
51,91719;        305,6628
51,97768;        305,6831
52,00687;        305,701
52,04809;        305,7195
52,04996;        305,7375
52,0671;        305,7563
52,04111;        305,7752
52,01767;        305,7931
52,09068;        305,8145
52,19673;        305,8345
52,27856;        305,8528
52,32459;        305,8729
52,42442;        305,8918
52,49708;        305,9096
52,53874;        305,9278
52,45889;        305,947
52,32614;        305,9643
52,20056;        305,9823
52,06405;        306,001
52,07049;        306,0205
51,90667;        306,0397
51,72079;        306,0569
51,54701;        306,0738
51,36883;        306,0914
51,21077;        306,1087
51,06067;        306,1259
50,87542;        306,1433
50,89879;        306,16
50,68848;        306,1781
50,48915;        306,1968
50,31251;        306,2146
50,10175;        306,2312
49,91393;        306,2494
49,73336;        306,2684
49,60125;        306,2866
49,47487;        306,3034
49,36808;        306,3223
49,38031;        306,3405
49,31312;        306,3586
49,27004;        306,3759
49,22964;        306,3946
49,17127;        306,4115
49,11812;        306,43
49,11969;        306,4472
49,15616;        306,4638
49,14854;        306,4803
49,18271;        306,4962
49,21363;        306,5115
49,2236;        306,5284
49,23651;        306,5461
49,27549;        306,5619
49,26988;        306,5779
49,3201;        306,5944
49,39041;        306,6106
49,49321;        306,6257
49,4871;        306,6428
49,62726;        306,6605
49,77598;        306,6786
49,9172;        306,6965
50,0433;        306,7163
50,15229;        306,7344
50,17896;        306,754
50,22789;        306,7729
50,20604;        306,7905
50,18236;        306,8085
50,14998;        306,8279
50,14664;        306,8467
50,08209;        306,8662
50,11435;        306,8846
50,11706;        306,9037
50,10905;        306,923
50,12973;        306,9414
50,05854;        306,9604
50,08339;        306,9793
50,12617;        306,9983
50,22909;        307,0165
50,37313;        307,0352
50,59492;        307,0519
50,75959;        307,071
50,96098;        307,0899
51,23695;        307,1075
51,59996;        307,1269
51,95924;        307,1453
52,28183;        307,163
52,24675;        307,1819
52,57291;        307,1991
52,87938;        307,2168
53,13767;        307,235
53,35617;        307,2537
53,46029;        307,2746
53,4934;        307,2924
53,51256;        307,3102
53,54198;        307,3281
53,54766;        307,3458
53,47537;        307,3639
53,46244;        307,3815
53,37957;        307,3985
53,30289;        307,415
53,25299;        307,4312
53,28972;        307,4493
53,24656;        307,4661
53,15077;        307,4844
53,02329;        307,5015
52,92183;        307,518
52,80003;        307,5347
52,6604;        307,5509
52,66333;        307,5679
52,46252;        307,5848
52,45662;        307,6006
52,35703;        307,6173
52,27117;        307,6341
52,22619;        307,6513
52,20494;        307,6712
52,18784;        307,6899
52,17443;        307,7073
52,1675;        307,7265
52,16021;        307,7453
52,16222;        307,7622
52,16777;        307,7791
52,18081;        307,7966
52,18887;        307,8129
52,18134;        307,8295
52,12542;        307,8454
52,12734;        307,8609
52,05885;        307,8778
51,97124;        307,8934
51,8593;        307,9109
51,74207;        307,928
51,64619;        307,945
51,57024;        307,9619
51,59841;        307,98
51,58287;        307,9966
51,59455;        308,0117
51,62022;        308,0283
51,63191;        308,0443
51,64495;        308,0608
51,64828;        308,0779
51,61343;        308,0942
51,56258;        308,1104
51,53418;        308,1269
51,49765;        308,1445
51,50564;        308,1603
51,4674;        308,1768
51,42862;        308,1989
51,40323;        308,2157
51,40536;        308,2315
51,41365;        308,2481
51,42711;        308,264
51,42141;        308,2812
51,41949;        308,2991
51,41061;        308,3153
51,40331;        308,3314
51,39678;        308,3481
51,40133;        308,3638
51,40883;        308,3796
51,42111;        308,3955
51,43999;        308,4111
51,46489;        308,4282
51,50011;        308,4445
51,50277;        308,4599
51,55013;        308,4765
51,57718;        308,4919
51,60413;        308,5083
51,62645;        308,5248
51,63176;        308,5408
51,64975;        308,5571
51,65275;        308,5736
51,66698;        308,5898
51,69992;        308,6069
51,74864;        308,624
51,75002;        308,6407
51,80127;        308,6578
51,84565;        308,6746
51,87651;        308,6913
51,89898;        308,709
51,93252;        308,7269
51,98134;        308,744
51,98024;        308,7599
52,06082;        308,7769
52,1402;        308,7932
52,24065;        308,8102
52,32935;        308,8277
52,42117;        308,8437
52,4068;        308,8594
52,48553;        308,8742
52,578;        308,8912
52,66799;        308,9077
52,75721;        308,9232
52,75721;        308,9365
52,84996;        308,9517
52,91477;        308,9685
52,96059;        308,9856
52,95561;        309,0005
53,00428;        309,0197
53,05869;        309,0371
53,11999;        309,053
53,16993;        309,0728
53,20893;        309,0897
53,24091;        309,1058
53,2591;        309,1223
53,26113;        309,1392
53,28963;        309,1553
53,31941;        309,1713
53,34417;        309,1866
53,34701;        309,2026
53,36943;        309,219
53,39803;        309,2358
53,42441;        309,2521
53,43515;        309,2689
53,45351;        309,2859
53,46729;        309,3028
53,47168;        309,3189
53,47896;        309,3362
53,47491;        309,3523
53,47608;        309,368
53,48062;        309,3848
53,47201;        309,4002
53,49069;        309,418
53,52628;        309,434
53,55491;        309,451
53,56378;        309,4677
53,5764;        309,4836
53,59985;        309,5016
53,60809;        309,5185
53,64181;        309,5352
53,67269;        309,5569
53,67917;        309,5762
53,66198;        309,5962
53,6395;        309,6142
53,62273;        309,6335
53,60817;        309,6531
53,62379;        309,6712
53,64304;        309,6891
53,66247;        309,7064
53,67204;        309,7246
53,672;        309,7414
53,67129;        309,7575
53,66782;        309,7711
53,66596;        309,7889
53,67714;        309,804
53,66597;        309,8204
53,6975;        309,8364
53,78598;        309,8529
53,88962;        309,8705
54,05933;        309,8862
54,21359;        309,9027
54,20002;        309,9189
54,30904;        309,9358
54,41386;        309,9531
54,57935;        309,9695
54,75716;        309,9859
55,06301;        310,0012
54,90873;        310,0177
55,30578;        310,0336
55,74844;        310,0504
56,30226;        310,0675
56,98807;        310,0844
57,74244;        310,1023
57,72409;        310,1194
58,62174;        310,1349
59,70079;        310,1523
60,88896;        310,1694
61,91877;        310,1867
62,92109;        310,2029
62,83351;        310,2195
63,70813;        310,2352
64,65343;        310,2519
65,63242;        310,2686
66,47711;        310,285
67,11575;        310,3023
67,08182;        310,3196
67,52872;        310,3377
67,90488;        310,3559
68,25026;        310,3692
68,49368;        310,3856
68,66853;        310,4014
68,62108;        310,4182
68,74159;        310,4339
68,91103;        310,4509
69,10588;        310,4695
69,3518;        310,486
69,66099;        310,5035
70,07443;        310,5232
70,0201;        310,5408
70,47915;        310,5579
70,81879;        310,576
71,36932;        310,593
72,06046;        310,6119
72,80052;        310,6309
73,32116;        310,6474
73,76521;        310,6642
74,18989;        310,6821
74,15847;        310,7005
74,5584;        310,7184
74,34129;        310,7357
73,73353;        310,7534
73,69405;        310,7707
73,85537;        310,7875
74,08703;        310,804
74,1246;        310,8206
74,20598;        310,8381
74,2392;        310,8552
74,16499;        310,8719
74,06568;        310,8904
74,01283;        310,9097
74,02077;        310,9288
74,08654;        310,9475
74,12928;        310,9659
74,1785;        310,9839
74,19176;        311,0016
74,20302;        311,022
74,20354;        311,0405
74,18704;        311,0602
74,18314;        311,0765
74,19481;        311,0941
74,19572;        311,1114
74,19246;        311,1281
74,18078;        311,1446
74,18435;        311,1608
74,13918;        311,1786
74,08569;        311,1962
74,30007;        311,2962
74,3446;        311,3117
74,38519;        311,3266
74,38708;        311,3419
74,37994;        311,3591
74,39019;        311,3801
74,42099;        311,4011
74,45353;        311,4189
74,49468;        311,4356
74,54002;        311,4527
74,53999;        311,4695
74,54899;        311,487
74,51699;        311,5043
74,49805;        311,5222
74,49714;        311,5396
74,50576;        311,5563
74,49519;        311,5728
74,49135;        311,5901
74,48669;        311,6063
74,48878;        311,6233
74,50871;        311,6411
74,51527;        311,6571
74,51322;        311,6728
74,51094;        311,6901
74,51544;        311,7072
74,53396;        311,7231
74,55795;        311,7397
74,56152;        311,7581
74,56576;        311,7749
74,58337;        311,7917
74,58104;        311,8083
74,58811;        311,8269
74,59329;        311,8437
74,58869;        311,8606
74,58559;        311,877
74,59872;        311,8926
74,58931;        311,9093
74,65398;        311,9255
74,82659;        311,9422
74,97557;        311,9586
75,09865;        311,9756
75,30558;        311,9913
75,3441;        312,0078
75,60658;        312,0242
75,75925;        312,0403
75,75186;        312,0576
75,66014;        312,0734
75,60415;        312,0906
75,5951;        312,1068
75,5111;        312,124
75,49693;        312,1406
75,4628;        312,156
74,90997;        312,1724
74,90997;        312,1888
73,68148;        312,2067
72,78992;        312,2238
72,85863;        312,2418
73,84872;        312,259
73,79114;        312,2749
73,97768;        312,292
74,03805;        312,3099
74,57704;        312,3282
74,71452;        312,3461
74,67152;        312,3632
74,88021;        312,3807
75,20984;        312,3983
75,52296;        312,4163
75,57454;        312,4332
75,53474;        312,4514
75,53291;        312,47
75,37821;        312,4878
