208,3046
208,3326
208,3494
208,368
208,3854
208,4025
208,4205
208,4385
208,4545
208,4716
208,4883
208,5051
208,5216
208,539
208,5557
208,5735
208,5903
208,6076
208,6245
208,6408
208,6581
208,6759
208,6933
208,7114
208,7287
208,7453
208,7626
208,7796
208,7969
208,8152
208,8327
208,8523
208,8716
208,8885
208,907
208,9244
208,9427
208,9594
208,9771
208,9923
209,0065
209,0258
209,0447
209,0625
209,0799
209,0966
209,1143
209,1315
209,1504
209,1666
209,183
209,2007
209,219
209,2394
209,2588
209,2775
209,2969
209,3158
209,3344
209,3537
209,3749
209,3955
209,4159
209,4361
209,455
209,475
209,4938
209,5141
209,5326
209,552
209,5728
209,5922
209,6109
209,6314
209,6513
209,6708
209,6899
209,7099
209,7299
209,7496
209,768
209,7868
209,8055
209,8234
209,8418
209,8599
209,8761
209,8926
209,9101
209,9274
209,9445
209,9623
209,9796
209,9959
210,0134
210,0314
210,0509
210,0694
210,0894
210,1077
210,1268
210,1464
210,1636
210,1828
210,2027
210,2222
210,2409
210,26
210,2764
210,2933
210,3098
210,3259
210,3441
210,3623
210,3816
210,3978
210,4162
210,4333
210,4498
210,468
210,486
210,5038
210,5221
210,5398
210,5573
210,5723
210,5878
210,6035
210,6191
210,6337
210,6513
210,6692
210,6869
210,7067
210,7256
210,7434
210,7623
210,7799
210,7965
210,8131
210,8304
210,8483
210,8646
210,8812
210,8981
210,9153
210,933
210,9498
210,9676
210,9858
211,0037
211,0211
211,0405
211,059
211,0782
211,0962
211,1143
211,1331
211,1517
211,1727
211,1919
211,212
211,2294
211,2584
211,2767
211,2953
211,3144
211,3336
211,354
211,3758
211,3948
211,4146
211,4346
211,4539
211,4724
211,4928
211,5112
211,5294
211,5466
211,5639
211,5789
211,5944
211,6105
211,6264
211,6438
211,6619
211,6782
211,6952
211,7123
211,7283
211,7451
211,7634
211,7814
211,7986
211,8162
211,8344
211,8509
211,8692
211,8852
211,9012
211,9212
211,9429
211,9601
211,9768
211,9949
212,0119
212,029
212,0466
212,0619
212,079
212,0964
212,1137
212,1318
212,1505
212,1691
212,188
212,2082
212,2282
212,2452
212,2644
212,2831
212,3009
212,3186
212,3387
212,3588
212,3793
212,3979
212,4166
212,437
212,4595
212,4788
212,4967
212,5133
212,5323
212,5513
212,5706
212,5886
212,6058
212,6217
212,6372
212,6535
212,6694
212,6885
212,7044
212,7204
212,7376
212,7548
212,7711
212,7881
212,804
212,8204
212,8369
212,8526
212,8706
212,8889
212,9057
212,9264
212,9443
212,9627
212,9804
212,9975
213,0134
213,029
213,0467
213,0634
213,08
213,0961
213,1129
213,1311
213,1503
213,1687
213,1857
213,2029
213,2211
213,2394
213,2573
213,2778
213,2969
213,3144
213,3338
213,3516
213,3712
213,3899
213,4111
213,4325
213,4522
213,4707
213,4881
213,5065
213,5244
213,5426
213,5619
213,5825
213,6011
213,6209
213,6401
213,6609
213,6779
213,6958
213,715
213,7334
213,7497
213,7657
213,7833
213,8013
213,8184
213,8345
213,8517
213,8685
213,8862
213,9041
213,9223
213,9428
213,962
213,9816
213,9993
214,0165
214,033
214,0504
214,0673
214,0848
214,103
214,1201
214,1366
214,1525
214,1691
214,1853
214,2017
214,2182
214,2343
214,2509
214,267
214,2832
214,3003
214,317
214,3334
214,3495
214,3658
214,3832
214,4015
214,4191
214,436
214,4536
214,4713
214,4893
214,5064
214,5226
214,5396
214,5553
214,573
214,589
214,6075
214,6241
214,6406
214,659
214,6753
214,6924
214,7099
214,7269
214,7454
214,7643
214,7835
214,8029
214,8208
214,8404
214,8615
214,8806
214,8993
214,9182
214,9356
214,9547
214,9745
214,9928
215,0109
215,0289
215,049
215,0677
215,088
215,1066
215,127
215,1447
215,1642
215,1841
215,2017
215,2195
215,2348
215,2526
215,2698
215,2865
215,303
215,3205
215,337
215,3534
215,3713
215,3891
215,4048
215,4211
215,4379
215,4541
215,4704
215,4877
215,5042
215,5206
215,5368
215,5545
215,5713
215,588
215,6051
215,6217
215,6374
215,6545
215,673
215,6895
215,7049
215,7206
215,7364
215,7565
215,7745
215,7917
215,8092
215,828
215,8451
215,8631
215,8816
215,898
215,9139
215,9306
215,9463
215,9628
215,9793
215,9949
216,0174
216,033
216,049
216,0642
216,0812
216,0977
216,1143
216,1318
216,1469
216,1628
216,1806
216,1971
216,2139
216,231
216,248
216,2651
216,2823
216,2983
216,3141
216,3308
216,3472
216,3635
216,3795
216,3955
216,4121
216,4303
216,4487
216,4648
216,4824
216,4984
216,5144
216,5304
216,5462
216,5629
216,5802
216,5959
216,6117
216,6302
216,6461
216,6634
216,6817
216,6981
216,7146
216,7307
216,7481
216,7649
216,7818
216,7997
216,817
216,8355
216,8534
216,871
216,8882
216,9052
216,9234
216,9402
216,957
216,9734
216,9899
217,0053
217,0215
217,0386
217,054
217,071
217,0874
217,1031
217,119
217,1344
217,1516
217,167
217,1845
217,2012
217,2168
217,2336
217,2498
217,2663
217,2832
217,2992
217,3158
217,3331
217,3498
217,3675
217,3877
217,4039
217,4206
217,4364
217,4532
217,4699
217,4865
217,502
217,5176
217,5327
217,5508
217,5691
217,5863
217,6045
217,6225
217,6417
217,659
217,6756
217,6931
217,7111
217,7283
217,7442
217,7615
217,777
217,7926
217,8095
217,8269
217,8438
217,8609
217,877
217,8931
217,9098
217,9256
217,9432
217,9599
217,9754
217,9924
218,0087
218,0257
218,042
218,0592
218,0751
218,0912
218,1078
218,1248
218,1438
218,1618
218,1783
218,1953
218,2126
218,2296
218,2462
218,2625
218,2792
218,2959
218,3136
218,3304
218,3469
218,364
218,3821
218,3988
218,4151
218,4321
218,4486
218,4644
218,4844
218,5018
218,52
218,5372
218,5547
218,5709
218,5891
218,6099
218,6286
218,6445
218,6618
218,6794
218,6966
218,7141
218,7346
218,7526
218,771
218,7911
218,8092
218,8277
218,8465
218,8645
218,8831
218,9009
218,9199
218,939
218,9593
218,9767
218,993
219,0095
219,0262
219,0423
219,0594
219,0758
219,0935
219,1116
219,1297
219,1478
219,1644
219,18
219,1947
219,2116
219,2278
219,2451
219,2632
219,2803
219,2947
219,3107
219,3273
219,343
219,3614
219,3801
219,3971
219,414
219,4323
219,4505
219,4678
219,4851
219,5014
219,5178
219,5335
219,5519
219,5685
219,5843
219,601
219,6158
219,6339
219,651
219,6665
219,6824
219,6989
219,7144
219,7318
219,7481
219,7651
219,7827
219,7997
219,8165
219,8328
219,8476
219,8648
219,8815
219,8967
219,9127
219,9288
219,946
219,9632
219,9803
219,9971
220,0137
220,0308
220,0464
220,0629
220,0801
220,0964
220,1183
220,1352
220,1516
220,1677
220,1841
220,2003
220,2163
220,233
220,2495
220,2647
220,2845
220,3022
220,3205
220,339
220,3573
220,3755
220,397
220,4152
220,4331
220,4524
220,4712
220,4881
220,508
220,5277
220,5474
220,5661
220,5843
220,602
220,6207
220,6405
220,6593
220,6758
220,6941
220,7129
220,7326
220,7496
220,7657
220,7837
220,801
220,8183
220,8353
220,852
220,869
220,8861
220,9025
220,9188
220,9353
220,9521
220,9687
220,9869
221,0029
221,0197
221,0363
221,0538
221,07
221,0867
221,1036
221,1192
221,1351
221,1519
221,1684
221,1844
221,2023
221,2193
221,2359
221,2551
221,2743
221,2925
221,3093
221,328
221,345
221,3635
221,3802
221,3972
221,4151
221,4315
221,4489
221,4693
221,4849
221,5011
221,5162
221,5318
221,5483
221,5645
221,5816
221,5973
221,6127
221,6285
221,6473
221,6625
221,6799
221,6953
221,7128
221,7302
221,7457
221,7626
221,7804
221,798
221,8141
221,831
221,8466
221,8627
221,8798
221,8959
221,9134
221,9324
221,9499
221,9668
221,986
222,0089
222,0265
222,0438
222,0602
222,0759
222,0917
222,1086
222,1249
222,1413
222,1575
222,1735
222,1895
222,2048
222,2249
222,2444
222,2628
222,28
222,2966
222,3146
222,3339
222,3518
222,3696
222,3887
222,4049
222,4229
222,4401
222,4559
222,4717
222,4879
222,503
222,5191
222,5345
222,5506
222,5668
222,5829
222,5994
222,6148
222,6313
222,6497
222,6666
222,6825
222,6995
222,7148
222,7308
222,7469
222,7632
222,7801
222,7974
222,8164
222,8332
222,8509
222,8681
222,8845
222,9021
222,9208
222,9373
222,9542
222,9725
222,9885
223,0053
223,0218
223,0377
223,0538
223,07
223,0872
223,1041
223,1211
223,1396
223,1575
223,1755
223,1933
223,2121
223,2298
223,2468
223,264
223,2834
223,3026
223,3215
223,3392
223,3561
223,3739
223,3913
223,4108
223,4296
223,4491
223,4675
223,4865
223,5088
223,5273
223,5464
223,5661
223,5829
223,6011
223,6172
223,634
223,6517
223,6683
223,6839
223,7008
223,7177
223,7346
223,7509
223,7671
223,7845
223,8018
223,8192
223,8359
223,8531
223,8701
223,887
223,9032
223,9205
223,9394
223,9538
223,9695
223,9876
224,0071
224,023
224,0381
224,0542
224,0712
224,0883
224,1088
224,1271
224,145
224,162
224,179
224,1952
224,2121
224,2308
224,2474
224,2635
224,2799
224,2946
224,3121
224,3313
224,3486
224,3643
224,3811
224,3972
224,4129
224,4289
224,4449
224,4619
224,4786
224,4944
224,5109
224,5277
224,5439
224,5618
224,5784
224,5951
224,6121
224,6301
224,6466
224,6639
224,6807
224,6958
224,7119
224,729
224,7456
224,7636
224,7807
224,7979
224,815
224,8329
224,8504
224,8673
224,8843
224,9019
224,9183
224,9344
224,9512
224,9665
224,9827
224,9986
225,0148
225,0316
225,0484
225,066
225,0849
225,1031
225,1223
225,1406
225,1581
225,1781
225,1969
225,2162
225,2349
225,2535
225,2728
225,2914
225,3093
225,328
225,3474
225,3652
225,3827
225,4021
225,4213
225,4419
225,4602
225,4781
225,4948
225,5119
225,5287
225,5462
225,5681
225,5846
225,6002
225,6157
225,6309
225,6468
225,663
225,678
225,692
225,7082
225,7249
225,7435
225,7606
225,7772
225,7939
225,8103
225,8257
225,8428
225,8586
225,8743
225,8924
225,9095
225,927
225,944
225,9615
225,9791
225,9961
226,0137
226,0306
226,0473
226,0657
226,0816
226,0978
226,1142
226,1302
226,1467
226,1621
226,1791
226,194
226,2086
226,2246
226,2415
226,2579
226,2741
226,2911
226,3075
226,3236
226,3404
226,3547
226,3705
226,3868
226,4034
226,4209
226,4372
226,4533
226,4698
226,4856
226,502
226,5168
226,533
226,5499
226,5662
226,583
226,5987
226,6154
226,632
226,6497
226,6668
226,6843
226,7009
226,7166
226,733
226,7495
226,7646
226,7808
226,798
226,8156
226,8337
226,8516
226,8683
226,8847
226,902
226,9221
226,941
226,9579
226,9757
226,9936
227,0112
227,0292
227,0472
227,0665
227,0858
227,1044
227,1228
227,1413
227,1589
227,1762
227,194
227,2123
227,2319
227,2501
227,2673
227,285
227,3039
227,3223
227,341
227,3595
227,3765
227,3947
227,4126
227,4318
227,4508
227,4698
227,4888
227,5068
227,5254
227,5444
227,5639
227,5822
227,6008
227,6187
227,6357
227,6532
227,6698
227,6853
227,7027
227,7187
227,7344
227,7516
227,769
227,7869
227,8056
227,8232
227,8415
227,8592
227,8758
227,892
227,9095
227,9267
227,9437
227,9608
227,9753
227,9901
228,0042
228,0213
228,0379
228,055
228,0732
228,0903
228,1066
228,1228
228,1393
228,1553
228,172
228,188
228,2055
228,2227
228,241
228,2572
228,2745
228,2902
228,3069
228,3229
228,3396
228,3552
228,3722
228,3884
228,405
228,4217
228,4375
228,4536
228,47
228,4861
228,5032
228,521
228,5374
228,5525
228,5687
228,5846
228,6008
228,6182
228,6337
228,6502
228,6655
228,6817
228,6979
228,7136
228,7307
228,7486
228,7664
228,7843
228,8023
228,8215
228,8397
228,8577
228,8745
228,8926
228,9123
228,9308
228,9473
228,9629
228,981
228,9976
229,015
229,032
229,049
229,0648
229,0813
229,0984
229,1145
229,1318
229,1482
229,1637
229,1821
229,1986
229,2157
229,2334
229,2496
229,2667
229,2834
229,3019
229,3207
229,3382
229,3551
229,3725
229,3882
229,4048
229,4216
229,4368
229,4538
229,47
229,4854
229,5016
229,5181
229,5342
229,5508
229,567
229,5852
229,6052
229,6228
229,6422
229,6602
229,6781
229,6962
229,7147
229,7347
229,7535
229,7726
229,7941
229,8146
229,8333
229,8514
229,8701
229,8879
229,9065
229,9251
229,9449
229,9614
229,9808
229,9992
230,0175
230,0366
230,057
230,0765
230,0943
230,1125
230,1316
230,149
230,169
230,1902
230,2103
230,2279
230,2452
230,2625
230,2796
230,2956
230,3127
230,3295
230,3447
230,3605
230,3767
230,3925
230,4092
230,4236
230,4404
230,4576
230,4735
230,4901
230,5066
230,521
230,5363
230,5526
230,5704
230,5883
230,6064
230,6236
230,6405
230,6601
230,6777
230,6967
230,7147
230,7331
230,7496
230,7664
230,7831
230,799
230,8163
230,8333
230,8511
230,8671
230,8844
230,9008
230,9175
230,934
230,9503
230,9666
230,9821
230,999
231,0183
231,0365
231,0537
231,0723
231,0909
231,1083
231,1276
231,1463
231,1666
231,1859
231,2057
231,2251
231,2435
231,2608
231,2796
231,2993
231,3182
231,3368
231,3576
231,3773
231,3968
231,4156
231,4353
231,4544
231,4744
231,4948
231,5112
231,5287
231,547
231,5642
231,5823
231,6004
231,6184
231,6381
231,6572
231,6745
231,6923
231,7104
231,7277
231,7468
231,766
231,7844
231,8029
231,8209
231,8386
231,8559
231,8744
231,8928
231,9113
231,9301
231,9493
231,9676
231,987
232,0059
232,0242
232,0432
232,0616
232,0793
232,0957
232,1147
232,1324
232,1505
232,1681
232,186
232,2041
232,2222
232,2402
232,257
232,2762
232,296
232,3145
232,332
232,3502
232,3689
232,3866
232,4078
232,4257
232,4436
232,4615
232,4793
232,4969
232,5146
232,5342
232,553
232,5722
232,5905
232,6093
232,628
232,6476
232,6647
232,6844
232,7049
232,7225
232,7395
232,7571
232,7747
232,7926
232,8108
232,8288
232,8449
232,8619
232,8785
232,892
232,9069
232,9228
232,9384
232,9547
232,9703
232,9861
233,0014
233,0186
233,0354
233,0515
233,0707
233,0901
233,107
233,1231
233,1397
233,1557
233,1727
233,1879
233,2036
233,2197
233,2362
233,2521
233,2682
233,2848
233,3004
233,3166
233,3332
233,3508
233,367
233,384
233,4015
233,4176
233,4336
233,4503
233,4683
233,4853
233,5026
233,5219
233,539
233,5564
233,5741
233,5926
233,6114
233,6286
233,6456
233,6635
233,6802
233,6967
233,7139
233,7313
233,7491
233,7661
233,7835
233,8009
233,8193
233,8383
233,8574
233,8774
233,8966
233,9171
233,9371
233,9566
233,9754
233,9934
234,0126
234,0299
234,0468
234,0641
234,0807
234,0983
234,1156
234,134
234,1524
234,1718
234,1932
234,2132
234,2319
234,2521
234,2717
234,2915
234,3118
234,3306
234,3505
234,3701
234,3887
234,4081
234,4256
234,4447
234,4628
234,4813
234,4989
234,5164
234,5337
234,5519
234,5708
234,5889
234,6056
234,6233
234,6405
234,6567
234,6731
234,6913
234,71
234,7283
234,7452
234,7632
234,7811
234,7974
234,8145
234,831
234,8482
234,865
234,8823
234,9016
234,9213
234,939
234,9568
234,9745
234,9921
235,0092
235,0255
235,0421
235,0601
235,0781
235,0951
235,1126
235,1301
235,1467
235,1629
235,1799
235,1967
235,2138
235,2323
235,252
235,2712
235,2892
235,3069
235,3251
235,3436
235,3627
235,3827
235,401
235,42
235,4384
235,4551
235,4743
235,4946
235,5123
235,5289
235,5461
235,564
235,5808
235,5986
235,6161
235,635
235,6534
235,6713
235,6894
235,7071
235,7249
235,7425
235,7605
235,78
235,7995
235,8179
235,8362
235,8559
235,8737
235,893
235,9115
235,9305
235,9489
235,9675
235,9855
236,0032
236,021
236,0379
236,0555
236,0727
236,0896
236,1073
236,1252
236,1438
236,1635
236,1827
236,2014
236,2214
236,2391
236,2565
236,2753
236,2938
236,3112
236,3298
236,3476
236,3657
236,3833
236,4009
236,417
236,4323
236,45
236,4672
236,4835
236,5
236,5168
236,533
236,55
236,5677
236,5834
236,6002
236,6161
236,6326
236,6488
236,664
236,6802
236,6977
236,7131
236,7304
236,7456
236,7613
236,7771
236,793
236,8088
236,8261
236,8443
236,8616
236,8776
236,8944
236,9116
236,9275
236,9431
236,9601
236,9762
236,9916
237,0091
237,0271
237,0439
237,0596
237,0753
237,0919
237,1088
237,1249
237,141
237,1567
237,1739
237,1918
237,21
237,2274
237,2448
237,2623
237,2814
237,298
237,3148
237,3335
237,3504
237,3671
237,3835
237,3998
237,4165
237,4332
237,4512
237,4694
237,4854
237,501
237,5189
237,5349
237,5524
237,5691
237,5852
237,6017
237,6188
237,6343
237,651
237,6671
237,683
237,6991
237,7144
237,7317
237,749
237,7654
237,7845
237,8007
237,8168
237,8322
237,8491
237,8654
237,8804
237,8958
237,9113
237,9267
237,9443
237,9618
237,98
237,9982
238,016
238,0345
238,0522
238,0706
238,0883
238,1069
238,1255
238,1436
238,1628
238,1827
238,2017
238,2201
238,2372
238,2558
238,2732
238,2929
238,3132
238,3303
238,3473
238,3674
238,3842
238,4025
238,4223
238,441
238,4593
238,4779
238,497
238,5152
238,5339
238,5513
238,5686
238,5865
238,6034
238,6229
238,6414
238,659
238,676
238,6937
238,7121
238,7314
238,75
238,7681
238,7885
238,8088
238,8285
238,8475
238,8658
238,8831
238,9017
238,9204
238,9395
238,9559
238,9733
238,9904
239,0071
239,0244
239,0426
239,0595
239,0765
239,0929
239,1107
239,1292
239,1471
239,1642
239,183
239,2001
239,2165
239,2333
239,2517
239,2696
239,2883
239,307
239,325
239,3444
239,3625
239,3814
250,0674
250,086
250,1049
250,1234
250,1401
250,1574
250,1737
250,1896
250,2069
250,224
250,2402
250,2587
250,2769
250,2968
250,3146
250,3316
250,3489
250,3669
250,3842
250,4018
250,4188
250,4346
250,4525
250,4694
250,4859
250,5033
250,5194
250,5359
250,555
250,5726
250,5892
250,6062
250,6228
250,6396
250,6561
250,6729
250,6889
250,7067
250,7238
250,7405
250,7581
250,7767
250,7953
250,8132
250,8308
250,8481
250,8649
250,8812
250,8978
250,9142
250,9314
250,9471
250,9649
250,9821
250,9987
251,0155
251,0335
251,0513
251,0689
251,0876
251,1074
251,1268
251,1464
251,1659
251,1889
251,2074
251,2259
251,2448
251,2636
251,2806
251,2991
251,3169
251,3357
251,3535
251,3696
251,3863
251,4019
251,4189
251,4352
251,4513
251,4681
251,4849
251,501
251,5184
251,5355
251,5579
251,5735
251,591
251,6081
251,6252
251,6423
251,6602
251,6784
251,6955
251,7132
251,729
251,7453
251,7636
251,7821
251,8
251,818
251,8365
251,8553
251,8742
251,8923
251,9121
251,9313
251,95
251,9685
251,9887
252,009
252,0275
252,0463
252,0651
252,0825
252,1009
252,122
252,1409
252,1625
252,1812
252,1995
252,2176
252,2361
252,2549
252,2737
252,2941
252,3131
252,3322
252,3503
252,3687
252,387
252,405
252,4219
252,4403
252,4569
252,4745
252,4921
252,5114
252,5279
252,5467
252,5644
252,5811
252,5981
252,6143
252,6294
252,6458
252,6628
252,6803
252,6975
252,7144
252,7316
252,7482
252,7667
252,7854
252,8043
252,8233
252,8416
252,8607
252,8786
252,8963
252,9127
252,9258
252,9425
252,9618
252,9792
252,9976
253,0171
253,0341
253,0518
253,0696
253,0881
253,1083
253,1291
253,1494
253,1689
253,1867
253,2063
253,2244
253,2423
253,2626
253,2805
253,2996
253,3175
253,3367
253,3564
253,3738
253,3931
253,4124
253,4319
253,4503
253,47
253,4877
253,5049
253,523
253,5422
253,5619
253,5806
253,5982
253,6158
253,6328
253,6497
253,6675
253,6853
253,703
253,7206
253,7384
253,7551
253,772
253,7896
253,8069
253,8231
253,8403
253,8576
253,8766
253,8938
253,9109
253,9268
253,9442
253,9629
253,98
253,996
254,0102
254,0255
254,0411
254,059
254,0756
254,0918
254,1072
254,1249
254,1424
254,1588
254,1746
254,1907
254,2071
254,2234
254,2406
254,2592
254,2782
254,2947
254,3127
254,3282
254,3446
254,3619
254,379
254,3964
254,4127
254,4292
254,4468
254,4631
254,4805
254,4976
254,5148
254,5313
254,5481
254,5648
254,5825
254,599
254,6178
254,6358
254,6541
254,6752
254,6936
254,712
254,7304
254,7478
254,7653
254,7826
254,7996
254,8161
254,8315
254,8482
254,8654
254,882
254,9014
254,9186
254,9353
254,9518
254,969
254,9864
255,0039
255,0205
255,0386
255,0548
255,072
255,0884
255,1056
255,1215
255,1383
255,1553
255,1723
255,1883
255,2056
255,2244
255,2419
255,2603
255,2791
255,2964
255,3133
255,3298
255,3464
255,3633
255,38
255,3973
255,4152
255,4322
255,4482
255,4645
255,4823
255,4991
255,5169
255,537
255,5541
255,5697
255,5886
255,6071
255,6231
255,6408
255,6579
255,6733
255,6916
255,7089
255,7262
255,7443
255,7618
255,7788
255,7956
255,8113
255,828
255,8442
255,8614
255,8784
255,8962
255,9115
255,929
255,9462
255,9624
255,9801
255,9965
256,0124
256,0286
256,0445
256,0616
256,0789
256,0955
256,112
256,1286
256,1452
256,1633
256,1801
256,1976
256,2151
256,2318
256,2495
256,2672
256,285
256,3037
256,32
256,3365
256,3541
256,3734
256,3915
256,4084
256,4274
256,4456
256,4638
256,4826
256,4993
256,5165
256,5338
256,5523
256,5699
256,5876
256,6066
256,6237
256,648
256,6661
256,6848
256,703
256,7221
256,7409
256,7586
256,777
256,7954
256,8142
256,8324
256,8506
256,8689
256,8872
256,9064
256,9258
256,9451
256,9634
256,9798
256,9956
257,0122
257,0278
257,0461
257,063
257,0812
257,1003
257,1169
257,1349
257,157
257,1742
257,1907
257,2063
257,2243
257,2411
257,2574
257,2748
257,2928
257,3094
257,3293
257,3484
257,366
257,3852
257,4029
257,4196
257,4371
257,4548
257,4717
257,4888
257,5056
257,5222
257,5384
257,5528
257,5696
257,5868
257,6044
257,6208
257,6377
257,6538
257,6693
257,6868
257,705
257,7206
257,7372
257,7528
257,7694
257,7867
257,8045
257,8218
257,838
257,8552
257,873
257,8895
257,9069
257,9241
257,9413
257,9578
257,9754
257,9924
258,0092
258,0304
258,0468
258,063
258,0802
258,0967
258,1137
258,1295
258,1465
258,1639
258,1796
258,195
258,2121
258,2289
258,2474
258,2653
258,2843
258,3029
258,3215
258,3415
258,3626
258,3815
258,4004
258,4189
258,4376
258,4572
258,4759
258,4947
258,5145
258,5327
258,5513
258,5708
258,589
258,6089
258,6295
258,649
258,6663
258,6833
258,7002
258,718
258,7344
258,751
258,7674
258,7836
258,801
258,8178
258,8351
258,8528
258,8697
258,8872
258,9043
258,9218
258,9397
258,9557
258,9731
258,9893
259,0056
259,0247
259,0407
259,0588
259,0764
259,0936
259,1097
259,1286
259,1472
259,165
259,1819
259,1992
259,2166
259,2337
259,2515
259,2679
259,2847
259,3012
259,3186
259,3354
259,3539
259,3708
259,3897
259,4088
259,4265
259,4428
259,4588
259,476
259,494
259,5097
259,5272
259,5476
259,5656
259,5827
259,601
259,6193
259,6364
259,6535
259,6711
259,6877
259,7042
259,7206
259,7374
259,7549
259,7701
259,7877
259,8062
259,8233
259,8412
259,8599
259,8762
259,8959
259,9142
259,9328
259,9514
259,9694
259,9875
260,0052
260,0237
260,0394
260,0577
260,0764
260,094
260,1114
260,1306
260,149
260,1667
260,1853
260,2025
260,2197
260,2364
260,2537
260,27
260,287
260,3041
260,3219
260,3404
260,3578
260,3753
260,3924
260,4102
260,4282
260,4449
260,4609
260,4773
260,4932
260,5098
260,527
260,545
260,5623
260,5795
260,5965
260,6159
260,6356
260,6539
260,6717
260,6891
260,706
260,7221
260,7385
260,7548
260,7715
260,7885
260,8049
260,8242
260,8423
260,8596
260,876
260,8933
260,9113
260,9289
260,9463
260,9641
260,9797
260,996
261,013
261,0288
261,0456
261,0642
261,0818
261,0991
261,1159
261,1328
261,1505
261,1677
261,1855
261,2047
261,2221
261,2405
261,2588
261,2757
261,2922
261,3075
261,3242
261,3405
261,3563
261,3733
261,3902
261,4067
261,4247
261,4405
261,4573
261,4734
261,4903
261,5064
261,5232
261,5395
261,5569
261,5736
261,5909
261,6089
261,6284
261,6473
261,6652
261,6826
261,7001
261,7167
261,7329
261,7485
261,7641
261,781
261,7967
261,8155
261,8328
261,8521
261,8703
261,8891
261,9067
261,9238
261,9423
261,9631
261,9819
261,9999
262,0167
262,0342
262,0526
262,0716
262,0907
262,1149
262,1331
262,152
262,17
262,1875
262,2063
262,2237
262,2402
262,2577
262,2743
262,292
262,3089
262,3254
262,3433
262,3609
262,3789
262,398
262,4156
262,4347
262,4538
262,4733
262,4908
262,5084
262,5263
262,544
262,5618
262,5796
262,596
262,6148
262,6313
262,6489
262,6664
262,6843
262,7039
262,7218
262,7394
262,7572
262,7745
262,792
262,808
262,8251
262,842
262,86
262,878
262,8968
262,9144
262,9319
262,9503
262,9688
262,9893
263,0096
263,0288
263,0476
263,0653
263,084
263,1024
263,1215
263,1412
263,1606
263,1782
263,1962
263,2156
263,2334
263,2507
263,2681
263,2878
263,3067
263,3242
263,3405
263,3594
263,3753
263,3917
263,4117
263,4301
263,4483
263,4669
263,4869
263,5046
263,5218
263,54
263,5576
263,576
263,5936
263,6127
263,6304
263,6482
263,6662
263,6833
263,7014
263,7189
263,7368
263,7545
263,7723
263,7907
263,8087
263,8276
263,8474
263,8668
263,8846
263,9023
263,9198
263,9372
263,9547
263,9723
263,9907
264,0077
264,0242
264,041
264,0576
264,0743
264,0909
264,1078
264,1236
264,1405
264,1566
264,173
264,1899
264,2074
264,2228
264,2383
264,2549
264,2743
264,2929
264,3097
264,3264
264,3434
264,3617
264,3796
264,3974
264,4149
264,433
264,4507
264,4697
264,4886
264,5065
264,5243
264,5406
264,5589
264,5766
264,5929
264,6097
264,6264
264,6433
264,6608
264,6765
264,6921
264,7096
264,7249
264,7418
264,7601
264,7775
264,7952
264,8133
264,8324
264,8502
264,8697
264,8885
264,9061
264,923
264,9411
264,958
264,9757
264,9923
265,0098
265,0279
265,0452
265,0634
265,0795
265,0953
265,1118
265,1291
265,1487
265,167
265,1864
265,2063
265,2252
265,2443
265,2652
265,2845
265,3029
265,3209
265,3384
265,357
265,3756
265,3954
265,4148
265,4341
265,4534
265,4712
265,4895
265,5079
265,5299
265,5471
265,5655
265,5848
265,6023
265,621
265,6397
265,6573
265,6769
265,695
265,7141
265,731
265,7502
265,7687
265,7866
265,8038
265,8227
265,8407
265,8585
265,8764
265,8933
265,9112
265,9299
265,9468
265,9649
265,9808
265,9973
266,0125
266,0285
266,0442
266,0604
266,0777
266,091
266,1067
266,1248
266,1397
266,1556
266,1723
266,1883
266,2063
266,2228
266,2388
266,2549
266,2712
266,2874
266,3035
266,3195
266,3364
266,3533
266,369
266,3873
266,4045
266,4209
266,4377
266,4546
266,4727
266,4899
266,5075
266,5264
266,5438
266,5614
266,5801
266,5966
266,6146
266,6334
266,6513
266,6681
266,686
266,7027
266,7194
266,7354
266,7516
266,7677
266,7839
266,8003
266,8193
266,8372
266,8553
266,8742
266,8926
266,9107
266,9304
266,9504
266,9707
266,9891
267,0063
267,024
267,0421
267,0615
267,0803
267,0991
267,1177
267,1353
267,1557
267,1733
267,1932
267,2113
267,2289
267,2464
267,2634
267,2798
267,2969
267,3134
267,3286
267,345
267,3611
267,3779
267,3906
267,4048
267,4225
267,4386
267,456
267,4736
267,4919
267,5103
267,5288
267,5464
267,565
267,583
267,604
267,6216
267,6382
267,6559
267,6732
267,6898
267,7076
267,7253
267,7415
267,7582
267,7758
267,7935
267,8095
267,826
267,8428
267,8575
267,873
267,8891
267,9093
267,9255
267,9429
267,9598
267,9761
267,9941
268,0097
268,027
268,044
268,061
268,0775
268,0948
268,1109
268,1268
268,1441
268,1591
268,1746
268,1909
268,2058
268,2218
268,238
268,2553
268,2734
268,291
268,3106
268,3275
268,3452
268,3619
268,3788
268,396
268,4141
268,4334
268,4518
268,4691
268,4865
268,5043
268,5222
268,5393
268,5559
268,5711
268,5878
268,6056
268,6223
268,6392
268,6541
268,6701
268,6857
268,7015
268,7168
268,7322
268,7484
268,7646
268,7802
268,7959
268,8161
268,8341
268,8517
268,8695
268,8884
268,9065
268,9246
268,9424
268,9609
268,9796
268,9972
269,0146
269,0322
269,05
269,0667
269,0854
269,1033
269,1214
269,1398
269,1578
269,1757
269,1921
269,2079
269,2237
269,2392
269,2553
269,2717
269,2875
269,3039
269,3201
269,3385
269,356
269,3747
269,3943
269,4116
269,4289
269,4465
269,4639
269,4822
269,4988
269,5166
269,5334
269,5519
269,5698
269,5901
269,6082
269,6262
269,6455
269,6651
269,6833
269,7007
269,7199
269,7362
269,7528
269,7689
269,7848
269,801
269,8191
269,8356
269,8517
269,8675
269,8851
269,9012
269,9182
269,9341
269,9507
269,9678
269,985
270,0015
270,0183
270,0363
270,0541
270,0704
270,0888
270,1061
270,1231
270,1407
270,1579
270,175
270,1922
270,2092
270,2279
270,2464
270,2655
270,2844
270,3064
270,3258
270,3455
270,3631
270,3826
270,3999
270,4161
270,433
270,4491
270,4657
270,4825
270,5007
270,5175
270,5338
270,5507
270,5688
270,5857
270,6024
270,6197
270,6362
270,6531
270,6701
270,6874
270,7042
270,7233
270,7391
270,7556
270,7729
270,7884
270,805
270,8213
270,8385
270,8554
270,873
270,89
270,9072
270,9243
270,9419
270,958
270,9747
270,9909
271,0068
271,0228
271,0383
271,0552
271,0715
271,0881
271,1047
271,1204
271,1364
271,1527
271,169
271,1862
271,2031
271,2186
271,2351
271,2517
271,2701
271,2883
271,3066
271,3263
271,3446
271,3636
271,3824
271,4002
271,4172
271,435
271,4515
271,4674
271,4851
271,5009
271,5189
271,5364
271,5529
271,5692
271,5875
271,6057
271,6243
271,6417
271,6604
271,6793
271,6972
271,7153
271,7349
271,7522
271,7683
271,7844
271,801
271,8173
271,8325
271,8498
271,8672
271,8846
271,9017
271,9185
271,9358
271,953
271,969
271,9867
272,0027
272,0188
272,0349
272,0528
272,0686
272,0852
272,1015
272,1197
272,1365
272,1524
272,1702
272,1882
272,2064
272,2249
272,2448
272,2637
272,2816
272,3014
272,3195
272,3379
272,3617
272,3794
272,3962
272,4154
272,4343
272,453
272,4711
272,4883
272,5071
272,524
272,5436
272,5619
272,579
272,5976
272,6171
272,6345
272,6528
272,669
272,6849
272,7008
272,7172
272,7326
272,7484
272,7662
272,7851
272,8009
272,8183
272,8341
272,85
272,8659
272,8832
272,8982
272,9133
272,9297
272,9464
272,9641
272,9804
272,9978
273,0199
273,0385
273,058
273,0767
273,0938
273,1103
273,1277
273,1461
273,1628
273,1789
273,1953
273,2114
273,2281
273,2437
273,2606
273,2775
273,2946
273,3116
273,3283
273,3446
273,3614
273,3772
273,3926
273,4076
273,4252
273,4418
273,4567
273,4734
273,4908
273,506
273,5252
273,5426
273,5607
273,5772
273,594
273,6099
273,6269
273,643
273,6606
273,6775
273,6943
273,7116
273,7283
273,746
273,7642
273,7815
273,8005
273,8177
273,8345
273,8517
273,8675
273,884
273,9005
273,9176
273,9348
273,9509
273,9687
273,985
274,0041
274,023
274,0411
274,0596
274,0776
274,0961
274,1147
274,1358
274,158
274,1779
274,196
274,2137
274,2319
274,2507
274,2686
274,2872
274,3057
274,3257
274,3443
274,3625
274,388
274,4054
274,4259
274,444
274,4625
274,4817
274,5025
274,5223
274,5415
274,5594
274,5745
274,5903
274,6062
274,6222
274,6382
274,6547
274,6725
274,6887
274,7046
274,7217
274,7388
274,7552
274,7718
274,7915
274,8084
274,8254
274,84
274,859
274,8745
274,891
274,9089
274,9282
274,9463
274,9638
274,9814
274,9978
275,0152
275,0339
275,0532
275,0712
275,0908
275,1091
275,1261
275,1441
275,1615
275,1781
275,1943
275,2117
275,2299
275,2462
275,2634
275,2798
275,2953
275,312
275,3291
275,3457
275,3656
275,3835
275,4046
275,4232
275,4426
275,462
275,4803
275,4998
275,5193
275,5378
275,5572
275,5757
275,5961
275,6151
275,6356
275,6548
275,6755
275,6951
275,7147
275,7329
275,7508
275,7692
275,7843
275,8022
275,8202
275,8371
275,8536
275,8723
275,8923
275,9106
275,9281
275,947
275,9653
275,9821
275,9999
276,0168
276,0359
276,054
276,0711
276,0871
276,1046
276,1214
276,1377
276,153
276,1696
276,1866
276,2034
276,2193
276,2356
276,2526
276,2691
276,2865
276,3021
276,3192
276,3377
276,3552
276,3709
276,3875
276,4048
276,4211
276,4374
276,4529
276,4696
276,4879
276,5055
276,5219
276,5385
276,5545
276,571
276,5876
276,6048
276,6202
276,6371
276,6528
276,6693
276,6858
276,703
276,7195
276,7362
276,753
276,7682
276,7853
276,8023
276,818
276,8335
276,8503
276,8685
276,8873
276,9051
276,9216
276,9395
276,9574
276,9759
276,9933
277,0103
277,0273
277,0447
277,0626
277,0811
277,0978
277,1145
277,1308
277,1489
277,1658
277,1829
277,1998
277,2167
277,2353
277,2523
277,2676
277,2871
277,3041
277,3217
277,3393
277,3558
277,3733
277,3898
277,4063
277,4224
277,4395
277,4557
277,4715
277,4877
277,5051
277,5212
277,5384
277,5552
277,5717
277,5886
277,6053
277,621
277,6362
277,6519
277,6679
277,6848
277,7005
277,7169
277,7338
277,7522
277,7703
277,788
277,8051
277,8245
277,842
277,8604
277,8775
277,8938
277,9938
278,0092
278,0252
278,0409
278,0557
278,0756
278,0958
278,1123
278,1278
278,1448
278,1612
278,1773
278,193
278,2097
278,2267
278,2441
278,2603
278,277
278,2939
278,3114
278,3287
278,3473
278,3635
278,3807
278,3984
278,4146
278,4305
278,4478
278,4658
278,4831
278,5005
278,5193
278,5354
278,5523
278,569
278,5849
278,6012
278,6194
278,6352
278,6508
278,6667
278,6833
278,7032
278,7198
278,7361
278,7538
278,7722
278,7919
278,8094
278,8266
278,8438
278,8602
278,8774
278,894
278,912
278,9291
278,9464
278,9634
278,981
278,9986
279,0153
279,0323
279,0491
279,0658
279,083
279,1011
279,1204
279,1386
279,1547
279,1712
279,1882
279,2064
279,2237
279,2412
279,2584
279,2755
279,2921
279,3106
279,3293
279,3495
279,3691
279,3881
279,4067
279,4265
279,4459
279,4654
279,4844
279,5023
279,5196
279,5379
279,5536
279,5729
279,5891
279,6071
279,6241
279,6441
279,662
279,6792
279,6971
279,7137
279,7311
279,75
279,7676
279,7849
279,8013
279,818
279,8344
279,8513
279,8688
279,8861
279,902
279,9202
279,937
279,9526
279,9694
279,9862
280,0023
280,0204
280,0393
280,0555
280,0734
280,0897
280,1077
280,1247
280,1422
280,1597
280,1768
280,1939
280,2107
280,229
280,2455
280,2621
280,2797
280,2965
280,3137
280,3326
280,351
280,3692
280,3878
280,4052
280,422
280,4393
280,457
280,4746
280,4921
280,5098
280,5274
280,5445
280,5627
280,5808
280,5985
280,6145
280,6311
280,649
280,6664
280,6827
280,7003
280,7171
280,7352
280,7533
280,7712
280,7896
280,8061
280,8228
280,8398
280,8558
280,872
280,8892
280,9071
280,9246
280,9445
280,9615
280,9789
280,9939
281,0107
281,0276
281,0435
281,0609
281,0785
281,0947
281,1106
281,1268
281,1438
281,1613
281,1785
281,1953
281,2111
281,2278
281,2446
281,2635
281,2809
281,2984
281,3159
281,3333
281,3513
281,369
281,3863
281,4025
281,4197
281,4358
281,4535
281,4694
281,4861
281,5025
281,5199
281,5353
281,5519
281,5689
281,5864
281,6021
281,6188
281,6343
281,6524
281,67
281,6876
281,7047
281,7214
281,7375
281,7534
281,7743
281,791
281,8054
281,8211
281,839
281,8561
281,8752
281,8919
281,9094
281,926
281,9423
281,9579
281,9731
281,9889
282,0055
282,0218
282,0388
282,0562
282,0741
282,0904
282,1067
282,1219
282,1396
282,1565
282,1761
282,193
282,2118
282,2306
282,2491
282,2665
282,2846
282,306
282,3228
282,3401
282,3566
282,3744
282,3932
282,4113
282,4292
282,446
282,4621
282,4791
282,495
282,5115
282,5285
282,546
282,5621
282,5813
282,5997
282,6161
282,6324
282,649
282,6673
282,6833
282,7005
282,7196
282,7362
282,7534
282,7703
282,7879
282,8044
282,8218
282,839
282,855
282,8722
282,8902
282,907
282,9233
282,9392
282,9556
282,9729
282,9905
283,0069
283,0237
283,0399
283,0565
283,0745
283,0908
283,1097
283,1271
283,1454
283,1644
283,1835
283,2013
283,22
283,2367
283,2522
283,2694
283,2854
283,3018
283,3182
283,3346
283,3513
283,3684
283,3861
283,403
283,4195
283,4351
283,452
283,4686
283,4859
283,5024
283,5193
283,5352
283,5525
283,5711
283,5872
283,6042
283,6203
283,6372
283,6539
283,6737
283,6909
283,7082
283,7241
283,7418
283,7585
283,7745
283,791
283,8073
283,8242
283,8403
283,8568
283,8733
283,8902
283,9068
283,9227
283,9406
283,9576
283,9733
283,9899
284,0078
284,0244
284,0418
284,0605
284,0793
284,097
284,1152
284,1335
284,1518
284,1716
284,1904
284,2098
284,2271
284,2439
284,2607
284,2764
284,292
284,3089
284,3235
284,3396
284,3541
284,3704
284,3867
284,4064
284,4268
284,4442
284,4618
284,4789
284,4971
284,5141
284,5315
284,5483
284,5647
284,5822
284,5985
284,6149
284,6302
284,6476
284,6647
284,6819
284,6996
284,7169
284,7334
284,7497
284,7667
284,7835
284,8
284,8165
284,8345
284,8517
284,8698
284,8883
284,9066
284,9253
284,9454
284,9639
284,9835
285,004
285,0225
285,0411
285,0597
285,0781
285,097
285,117
285,1372
285,1554
285,1739
285,1941
285,2131
285,233
285,2518
285,2718
285,2905
285,3097
285,3294
285,3475
285,3671
285,3857
285,4042
285,421
285,4399
285,457
285,4743
285,4931
285,5125
285,5301
285,5474
285,5659
285,5845
285,6029
285,6215
285,6399
285,6585
285,6763
285,6939
285,7118
285,7294
285,7474
285,7641
285,7811
285,7976
285,8142
285,8309
285,8478
285,8644
285,8811
285,8975
285,9169
285,9349
285,9525
285,9703
285,988
286,0057
286,0222
286,0397
286,0572
286,0746
286,0924
286,1112
286,1294
286,1462
286,1627
286,1799
286,1962
286,2119
286,2289
286,2467
286,2628
286,2785
286,2951
286,3123
286,3295
286,3463
286,3635
286,3857
286,4015
286,4179
286,4339
286,4505
286,4673
286,4816
286,498
286,5147
286,5305
286,5477
286,5639
286,5805
286,5986
286,6157
286,6329
286,6488
286,6647
286,6818
286,6982
286,7143
286,731
286,7492
286,766
286,7827
286,7992
286,8154
286,8332
286,851
286,869
286,8879
286,9067
286,9244
286,9415
286,9596
286,9775
286,9957
287,0129
287,0312
287,0471
287,0634
287,0819
287,0991
287,116
287,1325
287,1499
287,1664
287,1842
287,2004
287,2177
287,2339
287,2509
287,2679
287,2867
287,3039
287,3201
287,3384
287,3543
287,3727
287,3895
287,4065
287,4232
287,4403
287,4583
287,4748
287,4907
287,5071
287,5235
287,5402
287,5584
287,5756
287,5921
287,6094
287,6267
287,6435
287,6606
287,6765
287,6933
287,7128
287,7304
287,7503
287,7699
287,7906
287,8108
287,8303
287,8503
287,8698
287,8898
287,9094
287,9288
287,9482
287,9668
287,9847
288,0015
288,017
288,0347
288,0508
288,0672
288,0837
288,1005
288,1175
288,1338
288,1505
288,1677
288,1844
288,2019
288,2191
288,2354
288,2513
288,2698
288,2878
288,306
288,3225
288,3398
288,3571
288,3726
288,3896
288,4068
288,4224
288,4391
288,4555
288,4721
288,489
288,5073
288,5234
288,5401
288,5561
288,5723
288,5892
288,6053
288,6215
288,6387
288,6561
288,6724
288,6895
288,7078
288,7245
288,7425
288,7603
288,7781
288,7945
288,8117
288,8294
288,8468
288,8643
288,8829
288,9006
288,9194
288,9349
288,952
288,9684
288,9846
289,0011
289,0193
289,0352
289,0515
289,0674
289,0844
289,102
289,1193
289,1351
289,1516
289,1683
289,1844
289,201
289,2174
289,233
289,2491
289,2668
289,2824
289,2985
289,3148
289,3315
289,3483
289,3644
289,3812
289,3974
289,4142
289,4316
289,4494
289,4677
289,4845
289,501
289,518
289,534
289,5501
289,5673
289,5842
289,6007
289,6171
289,6336
289,6549
289,6716
289,6887
289,706
289,7239
289,7413
289,7585
289,7761
289,7939
289,8108
289,8283
289,8444
289,8608
289,878
289,8942
289,9103
289,9269
289,9445
289,9608
289,9788
289,9959
290,0114
290,0276
290,0438
290,0609
290,0778
290,0941
290,1109
290,1278
290,1432
290,1599
290,1757
290,1939
290,2116
290,2288
290,2461
290,2627
290,2805
290,2971
290,3128
290,3296
290,3456
290,3618
290,3785
290,394
290,4102
290,4265
290,4434
290,4607
290,4773
290,4933
290,5102
290,5261
290,5429
290,5595
290,576
290,5926
290,6095
290,6275
290,6447
290,6618
290,6795
290,6976
290,7168
290,7344
290,7526
290,7723
290,791
290,8092
290,8268
290,8441
290,8604
290,8767
290,8941
290,9116
290,9296
290,9467
290,9631
290,98
290,9961
291,0119
291,0294
291,0454
291,0618
291,0773
291,0938
291,1106
291,1279
291,1438
291,1591
291,1754
291,1912
291,2084
291,2245
291,2419
291,2582
291,2746
291,29
291,3065
291,3224
291,3383
291,3546
291,3712
291,3876
291,4051
291,4205
291,4377
291,4534
291,47
291,4872
291,5049
291,5236
291,5417
291,5591
291,576
291,5935
291,6109
291,6282
291,6453
291,6633
291,6808
291,6973
291,7141
291,7313
291,7477
291,7666
291,7824
291,7993
291,8154
291,833
291,8509
291,867
291,8834
291,8997
291,9156
291,9322
291,9497
291,9658
291,9816
291,9986
292,0158
292,0323
292,0484
292,0662
292,0829
292,0991
292,115
292,1328
292,1495
292,1658
292,1835
292,2003
292,2171
292,2334
292,2507
292,2679
292,2847
292,3007
292,317
292,3343
292,3519
292,3696
292,3878
292,4033
292,4211
292,4372
292,4533
292,4707
292,4886
292,5054
292,522
292,5399
292,5572
292,5748
292,5933
292,6105
292,6284
292,6453
292,6608
292,6774
292,694
292,7112
292,7307
292,7484
292,7657
292,7835
292,8006
292,8172
292,8342
292,8515
292,87
292,8863
292,9025
292,9194
292,9355
292,9522
292,9697
292,9868
293,0057
293,023
293,0409
293,0579
293,0736
293,0906
293,1082
293,1259
293,1421
293,1591
293,1756
293,1937
293,209
293,2266
293,2428
293,2594
293,2764
293,2939
293,3104
293,3271
293,3441
293,3611
293,3779
293,3947
293,413
293,4296
293,4479
293,466
293,4829
293,5006
293,5201
293,5375
293,5559
293,5732
293,5901
293,6061
293,6215
293,6393
293,6557
293,6737
293,6904
293,7072
293,7245
293,7416
293,759
293,7765
293,7953
293,8153
293,8334
293,8511
293,871
293,8903
293,9086
293,9259
293,9439
293,9612
293,9803
293,9991
294,0157
294,0324
294,0504
294,0678
294,0856
294,1042
294,1209
294,1384
294,1551
294,1736
294,1927
294,2103
294,2295
294,2481
294,2661
294,2838
294,302
294,3197
294,3372
294,356
294,3757
294,3957
294,4142
294,4326
294,4511
294,4695
294,4884
294,509
294,5279
294,5453
294,5637
294,5815
294,5998
294,6192
294,6367
294,6544
294,6723
294,6901
294,708
294,7255
294,7418
294,7592
294,7747
294,7918
294,809
294,8264
294,8429
294,8605
294,8778
294,8954
294,9128
294,9303
294,9481
294,9654
294,9842
295,0025
295,0197
295,0352
295,0522
295,0692
295,0871
295,1041
295,1216
295,1389
295,1564
295,1736
295,1917
295,2094
295,2274
295,2443
295,2625
295,2809
295,3004
295,3185
295,3361
295,354
295,372
295,3904
295,409
295,4262
295,4443
295,4619
295,4797
295,4967
295,5142
295,5321
295,5504
295,5675
295,5857
295,6035
295,6198
295,6372
295,6555
295,6733
295,6906
295,7089
295,7248
295,7412
295,7596
295,7772
295,7953
295,8123
295,8314
295,8506
295,8694
295,889
295,9073
295,926
295,9429
295,9594
295,9766
295,9948
296,0128
296,0311
296,0492
296,0664
296,0838
296,1012
296,1192
296,1364
296,1539
296,1717
296,1891
296,2058
296,2217
296,2411
296,2609
296,2798
296,2981
296,3172
296,3356
296,3563
296,378
296,3969
296,4165
296,4346
296,4518
296,4691
296,4881
296,5089
296,5282
296,546
296,5645
296,5825
296,6008
296,6198
296,6383
296,6564
296,675
296,6945
296,7125
296,7308
296,7501
296,7698
296,7881
296,8076
296,825
296,8422
296,8612
296,8802
296,8981
296,9153
296,9332
296,9525
296,9706
296,9892
297,0072
297,0247
297,0421
297,06
297,0778
297,0945
297,1096
297,1265
297,1451
297,1615
297,1798
297,1983
297,2169
297,2355
297,2549
297,2759
297,2959
297,3142
297,3344
297,3531
297,3695
297,3859
297,4016
297,4179
297,4338
297,4499
297,4661
297,4826
297,4997
297,5149
297,5319
297,5481
297,565
297,5818
297,5993
297,6156
297,6317
297,6484
297,6656
297,6819
297,6986
297,715
297,7331
297,7499
297,7659
297,7828
297,8002
297,82
297,8382
297,8569
297,8753
297,8932
297,9115
297,9293
297,9471
297,964
297,9828
298,0005
298,0186
298,0342
298,0506
298,0685
298,0854
298,1011
298,1185
298,1349
298,1509
298,1689
298,187
298,2036
298,2203
298,239
298,2554
298,2738
298,2929
298,3119
298,3316
298,3527
298,3748
298,3931
298,4113
298,4297
298,4487
298,4664
298,4863
298,5063
298,5262
298,5444
298,5624
298,5819
298,6025
298,6209
298,6393
298,6642
298,6849
298,7042
298,723
298,7403
298,7553
298,7709
298,789
298,8042
298,8201
298,8371
298,8534
298,87
298,8869
298,9037
298,9201
298,9369
298,9526
298,9688
298,9849
299,0013
299,0171
299,0321
299,0487
299,0668
299,0855
299,1083
299,126
299,1438
299,1603
299,1786
299,1957
299,2126
299,2284
299,2451
299,2623
299,2782
299,2943
299,3106
299,3281
299,3441
299,3604
299,377
299,3933
299,41
299,4264
299,443
299,4593
299,4756
299,492
299,5084
299,5244
299,5406
299,5551
299,5713
299,5903
299,6069
299,6251
299,642
299,6593
299,6752
299,6901
299,7073
299,724
299,7421
299,7587
299,7736
299,7909
299,8083
299,8262
299,8452
299,8664
299,8886
299,9139
299,9369
299,9576
299,9767
299,9934
300,0114
300,0293
300,0465
300,0645
300,0817
300,1012
300,1212
300,142
300,1623
300,1801
300,2009
300,2189
300,2374
300,2537
300,2723
300,2887
300,3076
300,3268
300,3437
300,3629
300,3817
300,3999
300,417
300,4351
300,4521
300,4704
300,4876
300,5049
300,5227
300,5381
300,5538
300,5713
300,5889
300,6083
300,6265
300,6433
300,6597
300,6781
300,6959
300,7142
300,7318
300,7496
300,7679
300,7861
300,8037
300,8195
300,8368
300,8543
300,8716
300,8885
300,907
300,9237
300,9416
300,9607
300,9775
300,9948
301,0135
301,0312
301,0511
301,0696
301,0878
301,1066
301,1233
301,1407
301,1595
301,1769
301,1938
301,2114
301,2292
301,2464
301,2657
301,2838
301,3014
301,3191
301,3366
301,3556
301,3717
301,3916
301,408
301,4226
301,4399
301,4571
301,4742
301,4911
301,5086
301,5234
301,539
301,5546
301,5733
301,5912
301,6081
301,6248
301,6414
301,6585
301,6736
301,6899
301,7076
301,7247
301,7423
301,7599
301,7764
301,7938
301,8118
301,8299
301,848
301,8652
301,8815
301,8991
301,9176
301,9353
301,9533
301,9707
301,9889
302,0063
302,0238
302,042
302,0598
302,0764
302,0936
302,111
302,1274
302,1445
302,1607
302,1786
302,1967
302,2124
302,2288
302,2445
302,2608
302,2774
302,2934
302,3107
302,3284
302,3445
302,3613
302,3777
302,3942
302,4117
302,4276
302,443
302,4593
302,4753
302,4921
302,5101
302,5255
302,5414
302,5576
302,5732
302,5904
302,6071
302,6233
302,6412
302,6571
302,673
302,688
302,7072
302,7212
302,7385
302,7542
302,7716
302,7867
302,8043
302,8201
302,8385
302,8554
302,8744
302,893
302,9121
302,9305
302,9496
302,9691
302,9886
303,0088
303,0281
303,0464
303,0647
303,0828
303,0995
303,1165
303,1355
303,1536
303,1714
303,1912
303,2097
303,2281
303,2462
303,2641
303,2817
303,2997
303,3173
303,3358
303,3531
303,3711
303,3897
303,4081
303,4265
303,4439
303,4615
303,4799
303,4975
303,5154
303,5332
303,5501
303,5688
303,5854
303,6017
303,6188
303,6355
303,6536
303,6703
303,6892
303,707
303,7234
303,7396
303,7544
303,7742
303,7915
303,8096
303,8266
303,8449
303,8629
303,8815
303,8995
303,9176
303,9355
303,9524
303,9688
303,9871
304,0042
304,0213
304,0392
304,0567
304,0742
304,0905
304,108
304,1241
304,139
304,1558
304,1716
304,1896
304,2076
304,2245
304,2414
304,2585
304,2739
304,2912
304,3095
304,3279
304,3449
304,3642
304,3853
304,4044
304,4237
304,442
304,4606
304,4797
304,4984
304,5158
304,5333
304,552
304,5689
304,586
304,6046
304,6213
304,6386
304,6567
304,6728
304,6904
304,7089
304,7255
304,7419
304,7607
304,7785
304,7957
304,8132
304,8307
304,8486
304,8669
304,8885
304,9069
304,9255
304,9416
304,958
304,975
304,9926
305,0097
305,0267
305,043
305,0595
305,0765
305,0935
305,1101
305,1263
305,1426
305,1605
305,1784
305,1938
305,2109
305,2287
305,2459
305,2619
305,2784
305,2946
305,3107
305,3287
305,3468
305,3652
305,3846
305,4035
305,4216
305,4453
305,4623
305,4805
305,4965
305,5127
305,5293
305,5474
305,5623
305,578
305,5944
305,6115
305,6294
305,6459
305,6628
305,6831
305,701
305,7195
305,7375
305,7563
305,7752
305,7931
305,8145
305,8345
305,8528
305,8729
305,8918
305,9096
305,9278
305,947
305,9643
305,9823
306,001
306,0205
306,0397
306,0569
306,0738
306,0914
306,1087
306,1259
306,1433
306,16
306,1781
306,1968
306,2146
306,2312
306,2494
306,2684
306,2866
306,3034
306,3223
306,3405
306,3586
306,3759
306,3946
306,4115
306,43
306,4472
306,4638
306,4803
306,4962
306,5115
306,5284
306,5461
306,5619
306,5779
306,5944
306,6106
306,6257
306,6428
306,6605
306,6786
306,6965
306,7163
306,7344
306,754
306,7729
306,7905
306,8085
306,8279
306,8467
306,8662
306,8846
306,9037
306,923
306,9414
306,9604
306,9793
306,9983
307,0165
307,0352
307,0519
307,071
307,0899
307,1075
307,1269
307,1453
307,163
307,1819
307,1991
307,2168
307,235
307,2537
307,2746
307,2924
307,3102
307,3281
307,3458
307,3639
307,3815
307,3985
307,415
307,4312
307,4493
307,4661
307,4844
307,5015
307,518
307,5347
307,5509
307,5679
307,5848
307,6006
307,6173
307,6341
307,6513
307,6712
307,6899
307,7073
307,7265
307,7453
307,7622
307,7791
307,7966
307,8129
307,8295
307,8454
307,8609
307,8778
307,8934
307,9109
307,928
307,945
307,9619
307,98
307,9966
308,0117
308,0283
308,0443
308,0608
308,0779
308,0942
308,1104
308,1269
308,1445
308,1603
308,1768
308,1989
308,2157
308,2315
308,2481
308,264
308,2812
308,2991
308,3153
308,3314
308,3481
308,3638
308,3796
308,3955
308,4111
308,4282
308,4445
308,4599
308,4765
308,4919
308,5083
308,5248
308,5408
308,5571
308,5736
308,5898
308,6069
308,624
308,6407
308,6578
308,6746
308,6913
308,709
308,7269
308,744
308,7599
308,7769
308,7932
308,8102
308,8277
308,8437
308,8594
308,8742
308,8912
308,9077
308,9232
308,9365
308,9517
308,9685
308,9856
309,0005
309,0197
309,0371
309,053
309,0728
309,0897
309,1058
309,1223
309,1392
309,1553
309,1713
309,1866
309,2026
309,219
309,2358
309,2521
309,2689
309,2859
309,3028
309,3189
309,3362
309,3523
309,368
309,3848
309,4002
309,418
309,434
309,451
309,4677
309,4836
309,5016
309,5185
309,5352
309,5569
309,5762
309,5962
309,6142
309,6335
309,6531
309,6712
309,6891
309,7064
309,7246
309,7414
309,7575
309,7711
309,7889
309,804
309,8204
309,8364
309,8529
309,8705
309,8862
309,9027
309,9189
309,9358
309,9531
309,9695
309,9859
310,0012
310,0177
310,0336
310,0504
310,0675
310,0844
310,1023
310,1194
310,1349
310,1523
310,1694
310,1867
310,2029
310,2195
310,2352
310,2519
310,2686
310,285
310,3023
310,3196
310,3377
310,3559
310,3692
310,3856
310,4014
310,4182
310,4339
310,4509
310,4695
310,486
310,5035
310,5232
310,5408
310,5579
310,576
310,593
310,6119
310,6309
310,6474
310,6642
310,6821
310,7005
310,7184
310,7357
310,7534
310,7707
310,7875
310,804
310,8206
310,8381
310,8552
310,8719
310,8904
310,9097
310,9288
310,9475
310,9659
310,9839
311,0016
311,022
311,0405
311,0602
311,0765
311,0941
311,1114
311,1281
311,1446
311,1608
311,1786
311,1962
311,2962
311,3117
311,3266
311,3419
311,3591
311,3801
311,4011
311,4189
311,4356
311,4527
311,4695
311,487
311,5043
311,5222
311,5396
311,5563
311,5728
311,5901
311,6063
311,6233
311,6411
311,6571
311,6728
311,6901
311,7072
311,7231
311,7397
311,7581
311,7749
311,7917
311,8083
311,8269
311,8437
311,8606
311,877
311,8926
311,9093
311,9255
311,9422
311,9586
311,9756
311,9913
312,0078
312,0242
312,0403
312,0576
312,0734
312,0906
312,1068
312,124
312,1406
312,156
312,1724
312,1888
312,2067
312,2238
312,2418
312,259
312,2749
312,292
312,3099
312,3282
312,3461
312,3632
312,3807
312,3983
312,4163
312,4332
312,4514
312,47
312,4878
