1369,477
1369,495
1369,514
1369,533
1369,552
1369,573
1369,592
1369,611
1369,629
1369,649
1369,669
1369,688
1369,705
1369,723
1369,741
1369,758
1369,774
1369,79
1369,806
1369,823
1369,839
1369,854
1369,872
1369,889
1369,905
1369,922
1369,938
1369,954
1369,97
1369,988
1370,005
1370,022
1370,041
1370,058
1370,079
1370,099
1370,118
1370,136
1370,156
1370,174
1370,192
1370,21
1370,227
1370,244
1370,261
1370,278
1370,294
1370,312
1370,33
1370,348
1370,368
1370,387
1370,407
1370,426
1370,444
1370,462
1370,478
1370,496
1370,514
1370,536
1370,553
1370,57
1370,588
1370,605
1370,621
1370,637
1370,656
1370,674
1370,692
1370,709
1370,728
1370,745
1370,762
1370,779
1370,796
1370,813
1370,829
1370,846
1370,863
1370,879
1370,897
1370,914
1370,931
1370,947
1370,964
1370,981
1370,999
1371,017
1371,035
1371,053
1371,071
1371,09
1371,109
1371,127
1371,149
1371,168
1371,187
1371,207
1371,225
1371,244
1371,262
1371,281
1371,3
1371,319
1371,337
1371,357
1371,375
1371,393
1371,413
1371,434
1371,453
1371,471
1371,488
1371,505
1371,523
1371,54
1371,558
1371,575
1371,594
1371,611
1371,628
1371,646
1371,664
1371,682
1371,697
1371,714
1371,733
1371,751
1371,768
1371,787
1371,805
1371,822
1371,837
1371,853
1371,869
1371,886
1371,904
1371,92
1371,936
1371,952
1371,969
1371,986
1372,003
1372,02
1372,038
1372,054
1372,075
1372,096
1372,114
1372,133
1372,151
1372,169
1372,19
1372,211
1372,233
1372,252
1372,268
1372,287
1372,306
1372,325
1372,344
1372,361
1372,38
1372,398
1372,418
1372,437
1372,455
1372,473
1372,493
1372,512
1372,529
1372,545
1372,562
1372,579
1372,596
1372,613
1372,629
1372,647
1372,664
1372,681
1372,699
1372,714
1372,729
1372,747
1372,763
1372,778
1372,796
1372,812
1372,829
1372,845
1372,863
1372,877
1372,893
1372,911
1372,93
1372,948
1372,965
1372,981
1373,001
1373,02
1373,038
1373,056
1373,073
1373,091
1373,109
1373,126
1373,146
1373,165
1373,183
1373,202
1373,22
1373,238
1373,257
1373,276
1373,294
1373,313
1373,331
1373,35
1373,369
1373,386
1373,404
1373,423
1373,441
1373,46
1373,477
1373,498
1373,517
1373,536
1373,554
1373,572
1373,592
1373,611
1373,63
1373,649
1373,673
1373,697
1373,721
1373,744
1373,765
1373,787
1373,804
1373,82
1373,837
1373,863
1373,881
1373,899
1373,916
1373,933
1373,95
1373,971
1373,99
1374,009
1374,029
1374,048
1374,067
1374,086
1374,105
1374,123
1374,141
1374,159
1374,177
1374,196
1374,216
1374,235
1374,255
1374,274
1374,293
1374,313
1374,333
1374,354
1374,372
1374,389
1374,407
1374,425
1374,446
1374,464
1374,484
1374,503
1374,519
1374,538
1374,555
1374,573
1374,59
1374,609
1374,628
1374,649
1374,667
1374,685
1374,702
1374,719
1374,736
1374,752
1374,768
1374,784
1374,8
1374,816
1374,831
1374,849
1374,864
1374,882
1374,901
1374,919
1374,936
1374,954
1374,972
1374,99
1375,007
1375,023
1375,041
1375,06
1375,076
1375,093
1375,109
1375,127
1375,145
1375,163
1375,181
1375,199
1375,215
1375,232
1375,249
1375,265
1375,283
1375,299
1375,315
1375,331
1375,347
1375,363
1375,379
1375,395
1375,411
1375,427
1375,444
1375,46
1375,478
1375,496
1375,514
1375,533
1375,552
1375,571
1375,591
1375,61
1375,629
1375,65
1375,669
1375,687
1375,706
1375,726
1375,746
1375,767
1375,785
1375,803
1375,825
1375,844
1375,866
1375,885
1375,903
1375,923
1375,94
1375,96
1375,977
1375,994
1376,013
1376,031
1376,05
1376,068
1376,085
1376,101
1376,119
1376,136
1376,153
1376,169
1376,187
1376,205
1376,223
1376,24
1376,259
1376,276
1376,292
1376,309
1376,326
1376,343
1376,359
1376,375
1376,392
1376,41
1376,426
1376,444
1376,461
1376,476
1376,493
1376,512
1376,531
1376,551
1376,57
1376,588
1376,609
1376,628
1376,65
1376,669
1376,687
1376,704
1376,723
1376,741
1376,759
1376,777
1376,797
1376,817
1376,837
1376,857
1376,875
1376,895
1376,914
1376,934
1376,952
1376,969
1376,989
1377,007
1377,025
1377,04
1377,057
1377,073
1377,089
1377,107
1377,124
1377,14
1377,157
1377,174
1377,191
1377,206
1377,223
1377,24
1377,257
1377,273
1377,289
1377,307
1377,324
1377,341
1377,357
1377,374
1377,389
1377,407
1377,425
1377,444
1377,46
1377,477
1377,494
1377,51
1377,527
1377,545
1377,564
1377,583
1377,6
1377,618
1377,634
1377,651
1377,666
1377,684
1377,701
1377,718
1377,735
1377,753
1377,772
1377,791
1377,81
1377,83
1377,85
1377,87
1377,89
1377,91
1377,929
1377,948
1377,965
1377,983
1378,004
1378,022
1378,042
1378,061
1378,079
1378,098
1378,117
1378,134
1378,153
1378,171
1378,191
1378,211
1378,23
1378,251
1378,271
1378,29
1378,307
1378,326
1378,345
1378,362
1378,381
1378,396
1378,413
1378,432
1378,448
1378,465
1378,482
1378,499
1378,516
1378,532
1378,549
1378,567
1378,584
1378,602
1378,619
1378,636
1378,653
1378,671
1378,689
1378,708
1378,726
1378,745
1378,763
1378,782
1378,799
1378,817
1378,836
1378,854
1378,873
1378,889
1378,907
1378,927
1378,945
1378,964
1378,981
1378,999
1379,019
1379,039
1379,058
1379,078
1379,097
1379,116
1379,134
1379,153
1379,174
1379,193
1379,211
1379,233
1379,251
1379,269
1379,289
1379,307
1379,325
1379,343
1379,366
1379,384
1379,404
1379,42
1379,436
1379,453
1379,469
1379,486
1379,502
1379,518
1379,534
1379,552
1379,57
1379,589
1379,607
1379,623
1379,641
1379,658
1379,675
1379,694
1379,714
1379,733
1379,75
1379,769
1379,788
1379,807
1379,827
1379,845
1379,861
1379,878
1379,896
1379,915
1379,934
1379,953
1379,971
1379,991
1380,012
1380,034
1380,051
1380,07
1380,089
1380,108
1380,128
1380,147
1380,166
1380,185
1380,203
1380,223
1380,242
1380,259
1380,277
1380,295
1380,312
1380,33
1380,347
1380,366
1380,383
1380,403
1380,42
1380,436
1380,455
1380,472
1380,488
1380,506
1380,524
1380,54
1380,556
1380,573
1380,59
1380,607
1380,625
1380,643
1380,662
1380,682
1380,701
1380,719
1380,736
1380,755
1380,772
1380,79
1380,808
1380,826
1380,842
1380,858
1380,874
1380,89
1380,906
1380,923
1380,939
1380,956
1380,971
1380,986
1381,003
1381,02
1381,037
1381,052
1381,068
1381,084
1381,1
1381,117
1381,135
1381,153
1381,169
1381,187
1381,204
1381,221
1381,236
1381,253
1381,269
1381,286
1381,302
1381,32
1381,336
1381,353
1381,371
1381,388
1381,405
1381,421
1381,438
1381,454
1381,47
1381,488
1381,505
1381,523
1381,54
1381,558
1381,574
1381,59
1381,609
1381,628
1381,646
1381,663
1381,682
1381,7
1381,718
1381,737
1381,755
1381,773
1381,793
1381,817
1381,837
1381,856
1381,875
1381,893
1381,912
1381,93
1381,95
1381,97
1381,987
1382,005
1382,024
1382,043
1382,062
1382,081
1382,101
1382,121
1382,138
1382,154
1382,17
1382,187
1382,204
1382,22
1382,235
1382,25
1382,267
1382,285
1382,302
1382,318
1382,335
1382,351
1382,368
1382,385
1382,401
1382,417
1382,43
1382,444
1382,46
1382,478
1382,495
1382,52
1382,538
1382,556
1382,573
1382,59
1382,608
1382,625
1382,643
1382,66
1382,675
1382,691
1382,708
1382,725
1382,742
1382,758
1382,774
1382,791
1382,807
1382,827
1382,844
1382,862
1382,877
1382,893
1382,912
1382,93
1382,948
1382,968
1382,988
1383,007
1383,027
1383,049
1383,067
1383,087
1383,106
1383,125
1383,143
1383,163
1383,184
1383,202
1383,219
1383,237
1383,257
1383,274
1383,293
1383,312
1383,332
1383,351
1383,369
1383,389
1383,406
1383,424
1383,443
1383,461
1383,478
1383,498
1383,517
1383,535
1383,553
1383,57
1383,589
1383,606
1383,623
1383,643
1383,661
1383,68
1383,699
1383,718
1383,737
1383,755
1383,774
1383,79
1383,808
1383,825
1383,842
1383,86
1383,876
1383,893
1383,91
1383,927
1383,947
1383,966
1383,985
1384,003
1384,021
1384,038
1384,055
1384,075
1384,091
1384,109
1384,125
1384,143
1384,163
1384,181
1384,2
1384,216
1384,234
1384,25
1384,267
1384,285
1384,303
1384,323
1384,341
1384,36
1384,377
1384,395
1384,414
1384,431
1384,45
1384,468
1384,488
1384,507
1384,527
1384,544
1384,563
1384,582
1384,601
1384,622
1384,641
1384,66
1384,679
1384,699
1384,717
1384,734
1384,755
1384,774
1384,792
1384,811
1384,832
1384,852
1384,871
1384,891
1384,911
1384,929
1384,948
1384,968
1384,986
1385,005
1385,024
1385,043
1385,061
1385,076
1385,091
1385,107
1385,124
1385,141
1385,158
1385,174
1385,189
1385,207
1385,224
1385,241
1385,259
1385,276
1385,296
1385,314
1385,331
1385,349
1385,366
1385,385
1385,405
1385,423
1385,439
1385,457
1385,473
1385,49
1385,507
1385,523
1385,54
1385,559
1385,576
1385,593
1385,611
1385,631
1385,649
1385,67
1385,69
1385,709
1385,727
1385,745
1385,763
1385,783
1385,801
1385,819
1385,836
1385,855
1385,874
1385,893
1385,914
1385,934
1385,952
1385,971
1385,99
1386,008
1386,026
1386,044
1386,062
1386,079
1386,097
1386,115
1386,133
1386,152
1386,172
1386,189
1386,208
1386,226
1386,243
1386,259
1386,275
1386,294
1386,31
1386,326
1386,343
1386,361
1386,379
1386,399
1386,416
1386,434
1386,451
1386,469
1386,488
1386,505
1386,524
1386,541
1386,557
1386,574
1386,595
1386,613
1386,632
1386,65
1386,667
1386,684
1386,703
1386,72
1386,738
1386,754
1386,772
1386,789
1386,805
1386,823
1386,841
1386,86
1386,877
1386,893
1386,912
1386,931
1386,948
1386,966
1386,985
1387,002
1387,019
1387,035
1387,052
1387,07
1387,089
1387,107
1387,126
1387,144
1387,162
1387,178
1387,195
1387,212
1387,229
1387,246
1387,262
1387,279
1387,294
1387,31
1387,327
1387,345
1387,363
1387,38
1387,399
1387,417
1387,436
1387,454
1387,473
1387,493
1387,511
1387,53
1387,55
1387,57
1387,586
1387,604
1387,622
1387,64
1387,66
1387,677
1387,695
1387,714
1387,733
1387,751
1387,77
1387,789
1387,807
1387,827
1387,848
1387,867
1387,886
1387,906
1387,924
1387,941
1387,961
1387,979
1387,998
1388,017
1388,036
1388,054
1388,072
1388,09
1388,109
1388,129
1388,148
1388,167
1388,185
1388,204
1388,221
1388,241
1388,258
1388,275
1388,292
1388,311
1388,329
1388,347
1388,365
1388,383
1388,4
1388,42
1388,439
1388,457
1388,475
1388,495
1388,517
1388,534
1388,551
1388,569
1388,59
1388,608
1388,628
1388,649
1388,667
1388,685
1388,703
1388,723
1388,74
1388,76
1388,778
1388,796
1388,816
1388,834
1388,853
1388,872
1388,89
1388,909
1388,929
1388,949
1388,968
1388,985
1389,003
1389,019
1389,035
1389,051
1389,068
1389,084
1389,099
1389,115
1389,133
1389,149
1389,166
1389,185
1389,204
1389,221
1389,238
1389,255
1389,271
1389,288
1389,305
1389,323
1389,341
1389,357
1389,374
1389,389
1389,406
1389,423
1389,441
1389,458
1389,475
1389,491
1389,507
1389,523
1389,539
1389,554
1389,57
1389,586
1389,602
1389,618
1389,634
1389,651
1389,668
1389,686
1389,705
1389,723
1389,74
1389,76
1389,778
1389,796
1389,814
1389,831
1389,85
1389,87
1389,888
1389,906
1389,923
1389,939
1389,955
1389,972
1389,988
1390,004
1390,019
1390,034
1390,05
1390,065
1390,084
1390,1
1390,115
1390,133
1390,15
1390,168
1390,185
1390,203
1390,221
1390,239
1390,259
1390,277
1390,294
1390,312
1390,328
