318,3343
318,3481
318,3601
318,3741
318,3879
318,4031
318,4176
318,4309
318,4423
318,4563
318,4702
318,4829
318,4962
318,5073
318,5203
318,5341
318,5471
318,5594
318,5739
318,5881
318,601
318,6158
318,6308
318,6446
318,6571
318,6718
318,6855
318,6999
318,7139
318,7257
318,7387
318,7526
318,7678
318,7823
318,7961
318,8071
318,821
318,8366
318,8499
318,8631
318,8752
318,889
318,9035
318,9178
318,9306
318,9431
318,9574
318,9719
318,9851
318,9989
319,0126
319,0247
319,0383
319,0512
319,0644
319,076
319,0905
319,1058
319,1192
319,1324
319,1496
319,1656
319,1806
319,1939
319,2131
319,2267
319,2399
319,2527
319,2665
319,2791
319,291
319,305
319,3179
319,3312
319,3431
319,3588
319,3741
319,3901
319,405
319,4218
319,4383
319,4542
319,4711
319,4869
319,5024
319,5197
319,5358
319,5513
319,5674
319,5833
319,6002
319,617
319,6344
319,6509
319,6667
319,6822
319,6979
319,7141
319,7316
319,7476
319,7637
319,7774
319,7929
319,8073
319,8227
319,837
319,8513
319,8661
319,8806
319,8934
319,9063
319,9216
319,9364
319,952
319,968
319,9832
319,9997
320,0138
320,03
320,044
320,0584
320,0731
320,0882
320,1034
320,1179
320,1329
320,1494
320,1653
320,181
320,1965
320,2135
320,2267
320,2424
320,259
320,2754
320,2924
320,3098
320,3283
320,3464
320,3658
320,384
320,4015
320,4193
320,4358
320,4525
320,4696
320,487
320,5034
320,5204
320,5379
320,5542
320,5704
320,5884
320,6054
320,6229
320,6399
320,6579
320,6761
320,6928
320,7093
320,7263
320,7427
320,7595
320,7757
320,7928
320,8079
320,8242
320,8409
320,8579
320,8751
320,8915
320,9082
320,9255
320,942
320,959
320,9759
320,9926
321,0099
321,0265
321,0435
321,0583
321,0742
321,0909
321,1067
321,1226
321,1378
321,1537
321,1699
321,1859
321,2021
321,2187
321,2333
321,2478
321,2611
321,2754
321,2892
321,3046
321,3206
321,3354
321,3516
321,3687
321,3852
321,4032
321,4226
321,4414
321,4589
321,4756
321,4922
321,5107
321,5288
321,5461
321,5634
321,5805
321,5971
321,6141
321,631
321,6481
321,6657
321,6832
321,6996
321,7146
321,731
321,7469
321,7604
321,7773
321,7933
321,8099
321,8251
321,8401
321,8567
321,8713
321,8883
321,9033
321,9177
321,9329
321,9476
321,959
321,9729
321,9911
322,0095
322,0264
322,0427
322,0588
322,0752
322,0974
322,1143
322,1322
322,1486
322,1633
322,1788
322,1925
322,2092
322,224
322,2411
322,2575
322,2756
322,2918
322,3075
322,3232
322,3403
322,3573
322,3738
322,3904
322,4075
322,4239
322,4404
322,4566
322,4727
322,4887
322,5049
322,5218
322,536
322,5498
322,5673
322,5855
322,6031
322,6211
322,6401
322,6583
322,676
322,6932
322,7122
322,7294
322,7473
322,764
322,7813
322,798
322,8139
322,8301
322,8474
322,8638
322,8794
322,8915
322,9082
322,9243
322,9417
322,9573
322,97
322,9836
322,9963
323,0074
323,0207
323,0337
323,0468
323,0612
323,0742
323,0877
323,102
323,1168
323,1327
323,147
323,1641
323,1807
323,1988
323,2146
323,229
323,2412
323,2573
323,2726
323,2885
323,3048
323,3207
323,3363
323,3509
323,3653
323,3794
323,3932
323,4071
323,4217
323,4363
323,4493
323,4632
323,4775
323,4911
323,5041
323,5176
323,5303
323,5429
323,5574
323,5718
323,5852
323,5997
323,6122
323,6235
323,6388
323,6531
323,6706
323,6887
323,7061
323,7228
323,7415
323,7604
323,7773
323,7939
323,8106
323,829
323,8465
323,8638
323,8794
323,8927
323,9101
323,9265
323,9431
323,9623
323,9789
323,9937
324,0109
324,0261
324,0436
324,0595
324,0742
324,0914
324,1061
324,1214
324,1379
324,1549
324,172
324,1889
324,2085
324,2258
324,2425
324,2596
324,2759
324,2925
324,3102
324,3296
324,3465
324,364
324,3797
324,3918
324,4051
324,4175
324,4294
324,4454
324,4567
324,4696
324,4829
324,4959
324,5076
324,5217
324,5354
324,548
324,5617
324,5728
324,587
324,6014
324,6151
324,6263
324,6411
324,6555
324,6696
324,6855
324,7025
324,718
324,7309
324,7437
324,7552
324,7684
324,7822
324,7934
324,8058
324,8201
324,835
324,8493
324,8626
324,8759
324,892
324,9089
324,9242
324,941
324,9579
324,9738
324,9898
325,0066
325,0222
325,0377
325,0524
325,067
325,0828
325,0979
325,1117
325,1237
325,1385
325,1538
325,1698
325,1844
325,2009
325,2158
325,2276
325,2415
325,255
325,2693
325,2831
325,2973
325,3116
325,3236
325,3374
325,3521
325,3652
325,3786
325,3896
325,4032
325,4162
325,4292
325,441
325,4543
325,4671
325,48
325,4923
325,5059
325,6059
325,6239
325,6414
325,6558
325,6732
325,6879
325,7125
325,7317
325,7511
325,7692
325,7886
325,8049
325,822
325,8373
325,8552
325,8719
325,8893
325,9053
325,9253
325,9405
325,9529
325,966
325,9798
325,9936
326,0087
326,0227
326,0356
326,0502
326,0652
326,0785
326,0912
326,1049
326,1171
326,1313
326,1447
326,1585
326,172
326,1848
326,2
326,2139
326,2296
326,2433
326,2559
326,2676
326,2814
326,2966
326,311
326,3263
326,3404
326,3554
326,3699
326,3837
326,3983
326,4117
326,4275
326,4419
326,4559
326,4689
326,4838
326,4975
326,5114
326,5258
326,5405
326,5528
326,5661
326,5826
326,5998
326,6187
326,638
326,6553
326,6764
326,6955
326,7135
326,7319
326,7505
326,7682
326,7879
326,8061
326,8235
326,8415
326,8604
326,8777
326,8949
326,9124
326,9306
326,9481
326,9663
326,9837
327,0016
327,0191
327,0355
327,0526
327,0693
327,0838
327,0998
327,1159
327,132
327,1488
327,1643
327,1804
327,196
327,2122
327,2283
327,2436
327,2593
327,2735
327,2899
327,3049
327,3182
327,3322
327,347
327,3622
327,3776
327,391
327,4049
327,4182
327,4325
327,4482
327,4638
327,4783
327,4925
327,5055
327,5178
327,5311
327,5439
327,5566
327,5677
327,5833
327,599
327,6134
327,6293
327,6443
327,659
327,673
327,6859
327,7021
327,7172
327,7317
327,7445
327,7589
327,7706
327,7836
327,7985
327,8133
327,8272
327,842
327,8561
327,8724
327,8882
327,9023
327,9191
327,9338
327,9478
327,9618
327,9755
327,9891
328,0008
328,0152
328,0291
328,0422
328,055
328,0665
328,0815
328,0954
328,1085
328,1223
328,1382
328,1516
328,166
328,1823
328,1989
328,2144
328,2299
328,2464
328,262
328,2774
328,2919
328,3065
328,3223
328,3366
328,351
328,3662
328,3815
328,3939
328,4069
328,4195
328,4337
328,4498
328,4661
328,4815
328,4957
328,51
328,5228
328,5359
328,5506
328,5654
328,5808
328,5954
328,6096
328,6229
328,6352
328,649
328,6643
328,6797
328,6953
328,7113
328,7261
328,7406
328,7553
328,7678
328,7822
328,7976
328,812
328,828
328,8427
328,8591
328,8759
328,8922
328,91
328,9265
328,9415
328,9567
328,968
328,9832
328,9969
329,0132
329,0313
329,0493
329,0671
329,0871
329,1053
329,1247
329,1418
329,159
329,1763
329,1939
329,2111
329,2288
329,2464
329,2645
329,2818
329,2989
329,3155
329,3317
329,3471
329,3629
329,3796
329,3947
329,411
329,4264
329,4398
329,4544
329,4686
329,4837
329,4975
329,5116
329,5253
329,5403
329,5537
329,5652
329,5784
329,5916
329,6059
329,6175
329,6319
329,6454
329,6584
329,6736
329,6854
329,7004
329,7167
329,7315
329,7458
329,7592
329,7727
329,7861
329,8012
329,816
329,8321
329,8484
329,8659
329,8814
329,8972
329,9125
329,9272
329,9436
329,9591
329,9738
329,9895
330,0031
330,0173
330,0328
330,0491
330,0652
330,0811
330,0965
330,1138
330,1315
330,1494
330,1677
330,1868
330,2054
330,2252
330,2429
330,2605
330,2779
330,2945
330,3118
330,3297
330,3458
330,3619
330,3788
330,3962
330,4134
330,4302
330,4469
330,4654
330,4845
330,503
330,5188
330,5349
330,5518
330,5682
330,5852
330,5999
330,6143
330,6283
330,6419
330,6534
330,6672
330,6832
330,6974
330,7106
330,7248
330,7378
330,75
330,7639
330,777
330,7902
330,8046
330,8166
330,8311
330,8461
330,8634
330,8801
330,8961
330,9121
330,929
330,9454
330,9621
330,9771
330,9921
331,0074
331,0231
331,0359
331,0503
331,0643
331,0779
331,0918
331,1053
331,1173
331,1311
331,1439
331,1574
331,1685
331,1812
331,1951
331,2079
331,2211
331,2338
331,249
331,2634
331,2776
331,2904
331,304
331,3164
331,3318
331,3459
331,3593
331,3718
331,3832
331,3991
331,4135
331,4263
331,4401
331,4546
331,4673
331,4832
331,4984
331,5116
331,5251
331,5385
331,5525
331,5662
331,5814
331,5951
331,6082
331,6227
331,6344
331,6482
331,6608
331,6752
331,6903
331,7056
331,723
331,7395
331,756
331,7728
331,7901
331,8072
331,8239
331,8414
331,8626
331,8787
331,8943
331,9107
331,9275
331,9442
331,9591
331,9745
331,9898
332,0043
332,0178
332,0321
332,0478
332,0629
332,0786
332,0932
332,1087
332,1243
332,1367
332,1511
332,1647
332,1794
332,1936
332,2078
332,2211
332,2351
332,2478
332,2615
332,2745
332,2875
332,3005
332,3152
332,329
332,3423
332,356
332,368
332,3828
332,3976
332,412
332,4269
332,4422
332,4568
332,4698
332,4844
332,4996
332,5158
332,5333
332,5493
332,565
332,5802
332,5975
332,6125
332,6273
332,6436
332,6609
332,6782
332,6952
332,7115
332,7256
332,7394
332,7555
332,7729
332,7907
332,8083
332,8257
332,8434
332,8613
332,8792
332,897
332,916
332,9336
332,9513
332,969
332,9859
333,0023
333,0191
333,035
333,0503
333,0665
333,0826
333,0997
333,115
333,1309
333,1477
333,1639
333,1814
333,1982
333,2134
333,2263
333,239
333,2502
333,2642
333,2806
333,2947
333,3076
333,3216
333,3362
333,3489
333,3639
333,3766
333,3902
333,406
333,421
333,4333
333,4482
333,4626
333,4769
333,4927
333,5101
333,5274
333,5436
333,56
333,5771
333,593
333,6084
333,6238
333,6388
333,6514
333,6671
333,6838
333,6999
333,7147
333,7294
333,7428
333,7574
333,7714
333,7828
333,798
333,8117
333,8271
333,8442
333,863
333,8813
333,8997
333,9186
333,9382
333,9595
333,9772
333,9948
334,0126
334,0305
334,0482
334,0665
334,0832
334,1003
334,118
334,1342
334,1517
334,1685
334,1844
334,2012
334,2161
334,2331
334,2511
334,2679
334,2849
334,3007
334,315
334,3305
334,3465
334,3625
334,378
334,3916
334,4045
334,4159
334,4309
334,4457
334,4591
334,4722
334,4847
334,4985
334,5129
334,5296
334,5432
334,5555
334,5678
334,5808
334,5952
334,6075
334,6194
334,632
334,6457
334,6602
334,6756
334,6887
334,7008
334,7154
334,7283
334,742
334,7562
334,7685
334,7827
334,7974
334,81
334,8234
334,8381
334,8523
334,8708
334,8885
334,9059
334,9227
334,94
334,9571
334,9717
334,9879
335,0032
335,0168
335,0318
335,0473
335,0616
335,0746
335,0883
335,1035
335,1167
335,1302
335,1447
335,1578
335,1703
335,1816
335,1999
335,2177
335,2351
335,2545
335,2739
335,2924
335,31
335,327
335,3442
335,3627
335,3811
335,399
335,4172
335,4344
335,4523
335,472
335,4909
335,5085
335,5242
335,5412
335,5589
335,5736
335,5897
335,6049
335,6158
335,6306
335,6447
335,658
335,6712
335,6827
335,6969
335,7108
335,7244
335,7394
335,7513
335,7655
335,7797
335,7923
335,8069
335,8186
335,8307
335,8454
335,8624
335,8799
335,8961
335,912
335,9297
335,9454
335,9602
335,9754
335,9887
336,0037
336,017
336,0322
336,0485
336,0645
336,079
336,0954
336,1107
336,1257
336,1416
336,1586
336,1754
336,1923
336,2077
336,2246
336,2417
336,2591
336,2756
336,2953
336,3141
336,3321
336,3486
336,3662
336,3858
336,4028
336,4197
336,438
336,4554
336,4729
336,4894
336,505
336,5219
336,5388
336,5555
336,5735
336,5903
336,6058
336,6227
336,6382
336,6541
336,668
336,6812
336,6956
336,7076
336,723
336,7371
336,7493
336,7626
336,7761
336,7904
336,8046
336,8172
336,8303
336,8439
336,858
336,8739
336,8894
336,904
336,9205
336,9344
336,949
336,9642
336,9778
336,9936
337,0109
337,0273
337,0429
337,0589
337,075
337,0921
337,1093
337,1279
337,1453
337,1622
337,1792
337,196
337,212
337,2288
337,2453
337,2621
337,2792
337,2956
337,3116
337,3259
337,3409
337,3551
337,3685
337,3819
337,3971
337,4095
337,4222
337,4339
337,4478
337,4615
337,4755
337,4888
337,5007
337,5143
337,5304
337,5457
337,5627
337,5801
337,5948
337,6092
337,6244
337,6397
337,6541
337,6664
337,68
337,693
337,7077
337,7213
337,7346
337,7488
337,7637
337,7794
337,7955
337,8105
337,8261
337,8418
337,8576
337,8739
337,8904
337,9087
337,9261
337,9442
337,9614
337,9809
338,0027
338,0199
338,038
338,0557
338,0735
338,0907
338,1071
338,1237
338,1402
338,1567
338,1721
338,1888
338,2042
338,2177
338,2339
338,2507
338,2671
338,2831
338,2995
338,3152
338,3319
338,3481
338,3643
338,3793
338,3931
338,407
338,4218
338,4339
338,4486
338,463
338,4764
338,49
338,5045
338,5172
338,5302
338,5437
338,5582
338,5741
338,5889
338,6042
338,6172
338,6304
338,6447
338,6583
338,672
338,6845
338,6982
338,7139
338,7284
338,7423
338,7577
338,7729
338,7883
338,803
338,8175
338,8319
338,8484
338,8678
338,8838
338,9009
338,9183
338,9339
338,9493
338,9655
338,9808
338,9946
339,008
339,0208
339,0328
339,0468
339,0614
339,0748
339,0881
339,1009
339,114
339,1264
339,1413
339,1551
339,1662
339,1799
339,1932
339,2068
339,2188
339,232
339,2453
339,2587
339,2719
339,2857
339,2985
339,3127
339,3268
339,342
339,357
339,3708
339,3839
339,3965
339,4087
339,4218
339,4334
339,4468
339,4615
339,4766
339,4898
339,5011
339,5162
339,5305
339,5456
339,5616
339,5796
339,5964
339,6123
339,6277
339,6431
339,6617
339,6799
339,6978
339,7165
339,7361
339,7552
339,7728
339,7899
339,8071
339,8247
339,8426
339,8604
339,8786
339,8965
339,9149
339,9328
339,9504
339,966
339,9819
339,9982
340,017
340,0336
340,051
340,0684
340,0858
340,1042
340,1214
340,1386
340,1543
340,1681
340,1846
340,198
340,2121
340,2258
340,239
340,2502
340,265
340,2795
340,2945
340,3096
340,3251
340,34
340,3557
340,3709
340,3867
340,4013
340,4162
340,4317
340,4482
340,4634
340,4782
340,4926
340,5088
340,5243
340,5395
340,5539
340,5711
340,5889
340,6051
340,6205
340,6375
340,6535
340,6706
340,687
340,7034
340,7179
340,7327
340,7488
340,7647
340,7815
340,7953
340,8084
340,8226
340,8364
340,8501
340,8659
340,8813
340,8974
340,9145
340,9305
340,9441
340,9586
340,9729
340,9851
340,9987
341,0144
341,0295
341,0457
341,0614
341,0779
341,0938
341,1117
341,1276
341,143
341,1581
341,1733
341,1893
341,2043
341,2176
341,2307
341,2452
341,2594
341,2726
341,2871
341,299
341,3114
341,327
341,3399
341,3539
341,3703
341,3944
341,412
341,4296
341,4502
341,4674
341,4848
341,502
341,5202
341,5385
341,5567
341,5748
341,5941
341,6118
341,6297
341,6479
341,6671
341,6853
341,7021
341,7208
341,7368
341,7518
341,7674
341,7806
341,7949
341,8104
341,8264
341,8427
341,8596
341,8759
341,8918
341,9087
341,9258
341,9429
341,958
341,9709
341,9864
341,9989
342,0128
342,0257
342,0386
342,0545
342,0708
342,0872
342,1026
342,1171
342,133
342,1501
342,1668
342,1815
342,1983
342,2136
342,2298
342,2464
342,2635
342,2814
342,2964
342,3112
342,3266
342,3442
342,3617
342,3792
342,3967
342,4142
342,4328
342,451
342,47
342,4879
342,5076
342,5252
342,5434
342,5616
342,5792
342,5969
342,6151
342,6329
342,6505
342,668
342,6865
342,7045
342,721
342,738
342,7553
342,7712
342,7847
342,8033
342,8205
342,8376
342,8531
342,8702
342,8874
342,9039
342,9199
342,9374
342,9515
342,964
342,9789
342,9931
343,0065
343,0217
343,0334
343,0487
343,0636
343,0778
343,091
343,1059
343,1188
343,1336
343,149
343,1645
343,1812
343,1995
343,2162
343,2336
343,25
343,267
343,2833
343,2987
343,3138
343,3297
343,3446
343,3598
343,3744
343,3899
343,4032
343,4158
343,431
343,4459
343,4588
343,4716
343,484
343,4979
343,5126
343,526
343,54
343,5552
343,5705
343,587
343,6041
343,6212
343,6375
343,6529
343,6687
343,6833
343,6989
343,713
343,7276
343,7435
343,7564
343,7704
343,7814
343,7957
343,8091
343,8237
343,8372
343,8503
343,867
343,8833
343,8993
343,916
343,9309
343,9461
343,9597
343,9723
343,9844
343,9975
344,0111
344,0251
344,0405
344,0562
344,0713
344,0874
344,1053
344,1211
344,1386
344,1543
344,1717
344,1885
344,2053
344,222
344,2402
344,2593
344,2772
344,2957
344,3135
344,3311
344,3496
344,3675
344,3866
344,4042
344,4212
344,4384
344,4563
344,4731
344,4898
344,506
344,5209
344,5366
344,5512
344,5659
344,5833
344,6002
344,6187
344,6369
344,6534
344,6706
344,6875
344,7047
344,7212
344,7381
344,7535
344,7677
344,7823
344,7982
344,8131
344,8291
344,8422
344,8591
344,8743
344,8899
344,903
344,9206
344,9372
344,9499
344,9656
344,9802
344,9944
345,0093
345,0246
345,0393
345,0548
345,0675
345,0819
345,0969
345,1111
345,1274
345,1414
345,1548
345,1668
345,1801
345,1945
345,2078
345,2222
345,2351
345,2477
345,2629
345,2769
345,2899
345,3037
345,3157
345,3326
345,3467
345,3601
345,3741
345,3887
345,4029
345,4155
345,4302
345,4453
345,4581
345,4722
345,4875
345,5004
345,5157
345,5308
345,5461
345,5596
345,573
345,5857
345,5979
345,614
345,6305
345,6469
345,661
345,6763
345,6897
345,7037
345,7178
345,7326
345,7477
345,7634
345,7779
345,791
345,8058
345,8179
345,8325
345,8462
345,8633
345,882
345,8981
345,9151
345,9319
345,9484
345,9638
345,9803
345,9985
346,0141
346,029
346,0439
346,0598
346,0753
346,0911
346,1052
346,1172
346,1308
346,1459
346,1585
346,1722
346,1863
346,1993
346,2135
346,2288
346,2431
346,2576
346,2715
346,2863
346,299
346,3121
346,3263
346,3409
346,3558
346,3701
346,3826
346,3958
346,4094
346,424
346,4383
346,4528
346,4658
346,4794
346,493
346,5062
346,5207
346,5323
346,5468
346,5612
346,5762
346,5921
346,6081
346,6238
346,6404
346,6582
346,6736
346,6893
346,7038
346,7196
346,7334
346,7485
346,7645
346,7803
346,7941
346,808
346,823
346,8363
346,8492
346,8654
346,8816
346,8979
346,9137
346,9286
346,9422
346,9584
346,9722
346,984
346,9965
347,0096
347,0222
347,0358
347,048
347,0621
347,0763
347,091
347,1062
347,1212
347,1366
347,1521
347,1671
347,1814
347,197
347,2117
347,2287
347,2436
347,2606
347,2747
347,2894
347,3032
347,316
347,3312
347,346
347,3597
347,3742
347,3879
347,4026
347,4157
347,4294
347,4425
347,4566
347,4695
347,4841
347,498
347,5118
347,5278
347,541
347,5569
347,5724
347,5869
347,6001
347,6147
347,633
347,65
347,6678
347,6818
347,6987
347,7141
347,7301
347,7456
347,7612
347,7761
347,7913
347,8057
347,8195
347,8331
347,847
347,8636
347,8806
347,8969
347,9124
347,9266
347,9396
347,9523
347,9644
347,9777
347,9909
348,0046
348,0198
348,0316
348,0454
348,0588
348,0717
348,083
348,097
348,1129
348,1271
348,1418
348,1569
348,1723
348,1877
348,2023
348,2152
348,231
348,2477
348,2647
348,283
348,2992
348,3151
348,3316
348,3497
348,3666
348,3809
348,3983
348,4138
348,4286
348,4452
348,4626
348,4808
348,499
348,5167
348,5367
348,5538
348,5735
348,5922
348,6088
348,6269
348,6447
348,6636
348,6819
348,6986
348,7143
348,7313
348,7473
348,7633
348,7794
348,796
348,813
348,8289
348,8447
348,8615
348,8787
348,8968
348,9147
348,9315
348,9462
348,9613
348,975
348,9881
348,9994
349,0125
349,0261
349,0401
349,0537
349,0657
349,0789
349,0926
349,1061
349,1174
349,1304
349,1463
349,1624
349,1781
349,1932
349,209
349,2249
349,2401
349,2555
349,2706
349,2859
349,2999
349,315
349,3308
349,3465
349,3596
349,3747
349,3879
349,3995
349,414
349,428
349,4413
349,4549
349,4698
349,4826
349,4967
349,5115
349,5247
349,538
349,5505
349,5653
349,5792
349,5934
349,6063
349,62
349,6338
349,6481
349,665
349,6805
349,6966
349,7105
349,7244
349,7398
349,753
349,7657
349,7791
349,7937
349,8083
349,8226
349,8359
349,8489
349,8654
349,8812
349,8977
349,9144
349,9302
349,9458
349,9596
349,9728
349,9878
350,0034
350,0209
350,0378
350,0535
350,0696
350,0855
350,103
350,1206
350,1375
350,1531
350,1702
350,1883
350,2053
350,2228
350,2405
350,2586
350,2765
350,295
350,3133
350,3342
350,3538
350,372
350,3889
350,407
350,424
350,441
350,4582
350,4732
350,4899
350,508
350,5255
350,5424
350,5594
350,5749
350,5913
350,6084
350,6246
350,6412
350,6581
350,6748
350,6917
350,7057
350,7199
350,7313
350,7453
350,7596
350,775
350,7899
350,8068
350,8226
350,8375
350,8536
350,8707
350,8875
350,9055
350,9217
350,9377
350,9535
350,9672
350,9807
350,9951
351,0091
351,0249
351,039
351,0527
351,0658
351,0806
351,0973
351,1132
351,1295
351,1454
351,1605
351,1756
351,1888
351,2031
351,2153
351,2306
351,2458
351,2599
351,274
351,2885
351,3019
351,3147
351,3288
351,3423
351,3564
351,37
351,3829
351,3976
351,4128
351,4273
351,4406
351,4558
351,4691
351,4817
351,4953
351,5097
351,523
351,5371
351,5486
351,5617
351,576
351,5888
351,6022
351,6158
351,6307
351,6463
351,6618
351,6788
351,6951
351,7102
351,7263
351,7425
351,7581
351,7746
351,7909
351,8053
351,8209
351,8367
351,8526
351,8696
351,8866
351,9029
351,9182
351,9349
351,9475
351,9658
351,9835
352,0017
352,0205
352,0396
352,0575
352,075
352,0923
352,1101
352,1289
352,1465
352,1625
352,1802
352,1976
352,2148
352,2331
352,2487
352,265
352,2825
352,3055
352,3217
352,3375
352,3529
352,3669
352,3813
352,3971
352,4117
352,4283
352,4425
352,4568
352,4698
352,4808
352,4963
352,51
352,523
352,5375
352,549
352,5622
352,5758
352,5886
352,6022
352,6158
352,6297
352,6428
352,6566
352,6733
352,6908
352,7063
352,7224
352,7385
352,7534
352,7683
352,7821
352,7995
352,8137
352,831
352,8471
352,8644
352,8813
352,8982
352,9148
352,9312
352,9441
352,9586
352,972
352,984
352,9972
353,0125
353,0278
353,0408
353,0541
353,0655
353,08
353,0944
353,1072
353,1198
353,1313
353,1463
353,1619
353,1759
353,1908
353,2059
353,2191
353,2339
353,2464
353,2611
353,2762
353,2891
353,3019
353,314
353,3291
353,3428
353,3563
353,3698
353,3823
353,3972
353,4136
353,4297
353,4456
353,4603
353,4749
353,4912
353,5068
353,5215
353,5359
353,5502
353,5644
353,58
353,5957
353,6104
353,625
353,6404
353,6572
353,6728
353,6894
353,7057
353,7207
353,7377
353,7546
353,7718
353,7886
353,8067
353,8248
353,8425
353,8607
353,8784
353,8951
353,9189
353,9377
353,9543
353,9712
353,9879
354,0042
354,02
354,0361
354,0521
354,0674
354,0829
354,0983
354,115
354,1322
354,1495
354,1634
354,1773
354,1921
354,2055
354,2195
354,2312
354,245
354,2588
354,2715
354,2831
354,2978
354,3114
354,3257
354,3393
354,3519
354,3635
354,3785
354,3938
354,4104
354,4272
354,4422
354,4581
354,4734
354,489
354,5047
354,5201
354,5361
354,5528
354,5692
354,5851
354,6
354,6154
354,6314
354,6475
354,6627
354,6789
354,6961
354,7125
354,7292
354,7442
354,7576
354,771
354,7856
354,7967
354,8111
354,8261
354,8409
354,8559
354,8723
354,888
354,9053
354,9212
354,9343
354,9469
354,9612
354,9752
354,99
355,0048
355,0162
355,0302
355,0435
355,0578
355,071
355,085
355,0983
355,1135
355,1289
355,143
355,1564
355,1698
355,1816
355,1953
355,2076
355,2221
355,2341
355,2458
355,2611
355,2763
355,2905
355,3053
355,3199
355,3359
355,3524
355,3683
355,3851
355,403
355,4212
355,4388
355,4579
355,4768
355,4946
355,5128
355,5308
355,5495
355,5667
355,5852
355,6018
355,6196
355,6361
355,6526
355,6702
355,6868
355,7046
355,7216
355,7393
355,7549
355,7715
355,7876
355,7997
355,8141
355,8287
355,8414
355,8575
355,8734
355,8881
355,9017
355,9176
355,9293
355,9431
355,9564
355,9693
355,981
355,9966
356,0116
356,0257
356,0397
356,0544
356,0684
356,0826
356,0974
356,1104
356,1246
356,1405
356,1549
356,1707
356,1856
356,2002
356,2134
356,2294
356,244
356,2607
356,2773
356,291
356,305
356,3196
356,3328
356,347
356,3618
356,3761
356,3896
356,4043
356,4155
356,4294
356,4442
356,4584
356,4729
356,4856
356,4967
356,5115
356,5263
356,5397
356,554
356,5676
356,5832
356,6021
356,6196
356,6364
356,6559
356,6748
356,6935
356,7119
356,7303
356,7483
356,7665
356,7833
356,8015
356,819
356,8364
356,8539
356,8715
356,8894
356,9064
356,9246
356,944
356,9624
356,9796
356,9966
357,0147
357,0322
357,0487
357,0654
357,083
357,1022
357,119
357,1347
357,1495
357,1656
357,1818
357,1976
357,2137
357,2308
357,2471
357,2632
357,2797
357,2955
357,3139
357,3302
357,3449
357,3604
357,3746
357,3881
357,4037
357,4151
357,4293
357,4439
357,4585
357,4722
357,4869
357,5021
357,5149
357,5296
357,5454
357,5616
357,5768
357,5909
357,6058
357,6206
357,6348
357,6473
357,6624
357,6781
357,692
357,7071
357,7224
357,7398
357,7554
357,7711
357,784
357,7995
357,814
357,8288
357,8448
357,8606
357,8775
357,8935
357,9116
357,9289
357,9461
358,0461
358,0603
358,0728
358,0876
358,1011
358,1255
358,1432
358,1594
358,1754
358,1909
358,2065
358,2216
358,2342
358,2492
358,2646
358,2799
358,2939
358,3074
358,322
358,3366
358,3506
358,3664
358,3828
358,3994
358,4153
358,4316
358,4482
358,4662
358,4831
358,4993
358,5142
358,5304
358,5459
358,5609
358,5768
358,5927
358,6093
358,6257
358,6425
358,6566
358,6713
358,6873
358,7039
358,7214
358,7384
358,7556
358,7738
358,7925
358,8094
358,827
358,846
358,8636
358,8809
358,8991
358,9174
358,9348
358,9536
358,9702
358,9869
359,0051
359,0214
359,0378
359,0535
359,0685
359,0838
359,1006
359,1167
359,1332
359,1494
359,1665
359,1809
359,1936
359,2078
359,221
359,2334
359,2469
359,2592
359,2718
359,2837
359,2987
359,3146
359,3311
359,3475
359,3635
359,3793
359,3932
359,4083
359,4227
359,438
359,4514
359,4682
359,4857
359,5028
359,5166
359,532
359,5492
359,5656
359,5835
359,6003
359,6175
359,6346
359,6537
359,6701
359,6886
359,7059
359,7235
359,7404
359,7567
359,7717
359,7883
359,8048
359,8221
359,839
359,8555
359,8715
359,8894
359,9066
359,9223
359,9379
359,956
359,9736
359,9913
360,0091
360,0278
360,0462
360,0643
360,082
360,0997
360,1174
360,1365
360,155
360,1709
360,1879
360,2042
360,2208
360,2377
360,2546
360,2737
360,2914
360,3073
360,3241
360,3402
360,3565
360,3718
360,3885
360,4053
360,4226
360,4395
360,456
360,4703
360,4846
360,5016
360,5179
360,5331
360,5486
360,5648
360,5816
360,5995
360,6161
360,6346
360,6508
360,6687
360,6844
360,6987
360,7134
360,7288
360,7427
360,7568
360,7682
360,7824
360,7959
360,8116
360,8252
360,8398
360,8517
360,8649
360,8793
360,8922
360,9061
360,918
360,9305
360,9446
360,958
360,9723
360,9879
361,0004
361,014
361,0285
361,0421
361,0565
361,0695
361,0825
361,0989
361,1159
361,1322
361,1467
361,1613
361,1761
361,1897
361,2048
361,2218
361,2387
361,2543
361,2682
361,2819
361,2968
361,3098
361,3234
361,3378
361,3499
361,3642
361,3788
361,3928
361,4061
361,4207
361,433
361,4483
361,4646
361,4805
361,4966
361,5133
361,5322
361,5513
361,5702
361,5894
361,6074
361,6257
361,6426
361,6598
361,6767
361,6954
361,7145
361,7333
361,7535
361,7718
361,7886
361,807
361,8241
361,8405
361,8582
361,8739
361,8907
361,9088
361,9237
361,9389
361,9542
361,9709
361,9875
361,9995
362,0128
362,0287
362,0422
362,0549
362,0667
362,0824
362,0991
362,1137
362,1277
362,141
362,1543
362,1681
362,1835
362,1989
362,2148
362,2308
362,247
362,2614
362,2773
362,2916
362,3067
362,3198
362,3316
362,3464
362,3611
362,3748
362,3875
362,4029
362,4162
362,4308
362,4467
362,4611
362,4772
362,4924
362,5085
362,5255
362,5407
362,5539
362,5662
362,583
362,5988
362,6141
362,6303
362,6451
362,6589
362,6715
362,6847
362,6979
362,7122
362,7253
362,7392
362,7504
362,7634
362,7778
362,7912
362,8042
362,8187
362,831
362,8459
362,86
362,8727
362,8846
362,8987
362,9129
362,9264
362,9398
362,954
362,9663
362,9796
362,993
363,0068
363,0216
363,0377
363,0544
363,0715
363,0878
363,1041
363,1198
363,1338
363,1494
363,1651
363,1799
363,1959
363,2112
363,2265
363,2411
363,2559
363,2683
363,2809
363,295
363,3087
363,3228
363,3348
363,3503
363,3696
363,3874
363,4049
363,4243
363,4424
363,4602
363,4781
363,4943
363,512
363,5306
363,5501
363,5678
363,5847
363,6028
363,6198
363,6387
363,6545
363,6705
363,6854
363,7014
363,7171
363,7337
363,7498
363,7664
363,7825
363,7986
363,8135
363,8268
363,8427
363,8557
363,8667
363,8802
363,8944
363,9099
363,9233
363,9373
363,9502
363,963
363,9781
363,9933
364,0075
364,0228
364,0382
364,0506
364,0659
364,0821
364,0971
364,1134
364,1292
364,1438
364,1592
364,1742
364,1903
364,2061
364,2207
364,2343
364,2481
364,2636
364,278
364,2909
364,3033
364,314
364,3282
364,3416
364,3549
364,3657
364,3795
364,3921
364,4066
364,421
364,4318
364,4456
364,4599
364,4736
364,4865
364,4983
364,5131
364,5292
364,5449
364,559
364,5718
364,5881
364,6043
364,617
364,6322
364,6482
364,6622
364,6777
364,6904
364,7039
364,7173
364,7318
364,7471
364,7611
364,7768
364,7891
364,8033
364,82
364,8344
364,8488
364,865
364,8799
364,8943
364,9096
364,9256
364,9432
364,9592
364,9757
364,9907
365,0054
365,0211
365,0352
365,0492
365,0641
365,08
365,0966
365,1128
365,1261
365,1404
365,1553
365,1694
365,183
365,1961
365,2087
365,2223
365,2369
365,2495
365,263
365,277
365,2905
365,3041
365,3157
365,3286
365,3424
365,3557
365,3682
365,3821
365,3969
365,4108
365,4266
365,4409
365,4556
365,4699
365,483
365,4983
365,513
365,5289
365,5445
365,5604
365,5747
365,5909
365,6059
365,6228
365,6398
365,6532
365,6656
365,6807
365,6943
365,7095
365,7234
365,7372
365,7547
365,7716
365,7895
365,8068
365,826
365,8438
365,8625
365,8805
365,898
365,9158
365,9341
365,9522
365,9713
365,9885
366,0048
366,0213
366,0382
366,0531
366,0698
366,0851
366,0995
366,1151
366,1321
366,1489
366,163
366,1763
366,1888
366,1996
366,2124
366,226
366,2411
366,2567
366,2733
366,2892
366,3043
366,3209
366,3361
366,3485
366,3633
366,379
366,3937
366,4091
366,4229
366,4346
366,4485
366,4625
366,4764
366,4899
366,503
366,5147
366,5296
366,5474
366,5651
366,5816
366,5981
366,6151
366,6335
366,6513
366,6649
366,6805
366,6958
366,7115
366,7259
366,7415
366,7562
366,7694
366,783
366,7967
366,8112
366,8246
366,8385
366,8501
366,8676
366,8872
366,9046
366,9234
366,9419
366,9589
366,9756
366,9938
367,0118
367,0298
367,0491
367,0665
367,0829
367,1004
367,1168
367,1329
367,15
367,1674
367,183
367,1998
367,216
367,2336
367,2527
367,2656
367,2791
367,2917
367,3058
367,3193
367,3319
367,3471
367,3612
367,3745
367,3877
367,4019
367,4135
367,4275
367,4424
367,4585
367,4739
367,4887
367,5025
367,5172
367,5333
367,55
367,5684
367,5864
367,6035
367,6218
367,6387
367,6545
367,6715
367,688
367,7043
367,7204
367,7366
367,7509
367,767
367,7808
367,7958
367,8122
367,8276
367,8442
367,8581
367,8706
367,8865
367,8979
367,9127
367,9284
367,942
367,9562
367,9702
367,9828
367,9964
368,011
368,0264
368,0407
368,0548
368,0696
368,0824
368,0963
368,1099
368,124
368,1387
368,1519
368,1654
368,179
368,193
368,2079
368,2223
368,2365
368,25
368,2632
368,2768
368,292
368,3082
368,324
368,3376
368,3532
368,3693
368,3832
368,3985
368,4149
368,4328
368,4493
368,4661
368,4824
368,4996
368,5147
368,5308
368,5471
368,5648
368,5836
368,5995
368,6152
368,6313
368,648
368,6624
368,6761
368,6892
368,7043
368,7156
368,7296
368,7426
368,755
368,7704
368,7833
368,7967
368,811
368,8263
368,8405
368,853
368,8648
368,8784
368,8917
368,9068
368,9211
368,9336
368,9464
368,9597
368,9724
368,9839
368,9981
369,0117
369,0251
369,0377
369,0513
369,0641
369,079
369,0926
369,1069
369,1214
369,1339
369,147
369,1617
369,1747
369,1877
369,1989
369,214
369,2288
369,2445
369,2618
369,2783
369,295
369,3102
369,326
369,3402
369,3558
369,3696
369,3833
369,3979
369,4138
369,4299
369,4455
369,4595
369,4746
369,4914
369,5058
369,5198
369,5345
369,5478
369,5631
369,5803
369,598
369,6125
369,6288
369,6459
369,6595
369,674
369,687
369,7002
369,7127
369,7264
369,7401
369,7532
369,7654
369,7789
369,7939
369,8077
369,8224
369,8371
369,8509
369,8639
369,8771
369,8906
369,9043
369,9184
369,9318
369,9489
369,9642
369,9802
369,9956
370,0108
370,0274
370,0426
370,0574
370,0721
370,0878
370,1024
370,1148
370,1307
370,1472
370,1636
370,1789
370,1939
370,2089
370,2232
370,2384
370,2524
370,265
370,2786
370,2919
370,3061
370,3197
370,3315
370,3466
370,3604
370,3757
370,3888
370,4032
370,4174
370,4319
370,4477
370,463
370,477
370,4916
370,5048
370,5173
370,5302
370,5456
370,5587
370,5716
370,5898
370,6059
370,623
370,636
370,65
370,6638
370,6795
370,6944
370,7099
370,7251
370,7395
370,752
370,7644
370,7793
370,7945
370,8078
370,8222
370,8361
370,8474
370,8628
370,8786
370,8933
370,9088
370,9232
370,9384
370,9543
370,9702
370,9869
371,0031
371,0198
371,0364
371,0528
371,0668
371,0817
371,0966
371,1102
371,1242
371,1383
371,1492
371,1648
371,1804
371,1969
371,2136
371,2288
371,2442
371,2599
371,2751
371,2907
371,307
371,3224
371,3361
371,3482
371,3629
371,3783
371,3911
371,4048
371,4171
371,4309
371,4455
371,4588
371,473
371,4865
371,4979
371,5117
371,5261
371,5389
371,5524
371,5653
371,581
371,5984
371,6158
371,6332
371,6499
371,663
371,6784
371,694
371,7092
371,7243
371,7424
371,7583
371,7747
371,7892
371,8047
371,8182
371,8317
371,8449
371,8594
371,8737
371,887
371,9014
371,9142
371,9286
371,9424
371,9566
371,9698
371,9821
371,9957
372,0097
372,0228
372,0368
372,0485
372,0623
372,0751
372,0898
372,1028
372,1158
372,1289
372,1429
372,1571
372,1702
372,183
372,1965
372,212
372,2278
372,2419
372,2553
372,2704
372,2849
372,2993
372,315
372,3304
372,3482
372,3654
372,3807
372,3963
372,4128
372,4296
372,4467
372,4659
372,4803
372,4969
372,5125
372,5278
372,5424
372,5571
372,5734
372,5901
372,6068
372,6237
372,642
372,6588
372,6765
372,6954
372,7119
372,729
372,7459
372,7637
372,7814
372,7985
372,8159
372,8329
372,8495
372,8665
372,8824
372,8995
372,9182
372,9343
372,9518
372,9687
372,9831
372,9975
373,0135
373,028
373,0422
373,0559
373,0687
373,0805
373,095
373,1079
373,1212
373,1354
373,1487
373,1617
373,1742
373,188
373,2023
373,2148
373,229
373,2452
373,2607
373,2769
373,2923
373,3086
373,3236
373,3391
373,3525
373,3668
373,3828
373,3988
373,4153
373,4313
373,4474
373,4642
373,4807
373,498
373,5122
373,5261
373,541
373,5564
373,5721
373,5883
373,6053
373,6265
373,6441
373,6614
373,6792
373,6975
373,7178
373,7351
373,7562
373,7724
373,7899
373,8069
373,8253
373,8429
373,8611
373,8774
373,8916
373,9079
373,9255
373,9428
373,9599
373,9757
373,9935
374,0102
374,0262
374,0416
374,0561
374,0714
374,0878
374,1033
374,1187
374,1343
374,1496
374,1664
374,1815
374,1988
374,2151
374,2318
374,2479
374,2637
374,2776
374,291
374,3045
374,3199
374,3334
374,348
374,3651
374,3818
374,3979
374,4134
374,4306
374,4468
374,4639
374,4791
374,4956
374,512
374,528
374,5433
374,5578
374,571
374,5877
374,6036
374,6202
374,6389
374,6546
374,6688
374,6814
374,6987
374,7158
374,7348
374,7542
374,7717
374,7904
374,8078
374,8251
374,8424
374,8602
374,8773
374,893
374,91
374,9272
374,9449
374,9619
374,9785
374,9951
375,0101
375,0258
375,0429
375,0594
375,0751
375,0898
375,1042
375,116
375,1289
375,1417
375,1546
375,1685
375,1825
375,1956
375,2094
375,2244
375,2403
375,256
375,2705
375,2856
375,3031
375,3183
375,3306
375,3471
375,3627
375,3784
375,3936
375,4097
375,4264
375,4417
375,4578
375,4736
375,4899
375,5061
375,5207
375,5365
375,5515
375,5657
375,5829
375,5999
375,6157
375,6334
375,653
375,6674
375,6794
375,6927
375,7082
375,7218
375,7362
375,7469
375,7615
375,776
375,7885
375,8026
375,8129
375,8281
375,8424
375,858
375,8724
375,8862
375,8982
375,9115
375,925
375,9384
375,9511
375,9636
375,978
375,9914
376,0042
376,0173
376,0295
376,0442
376,0585
376,0726
376,0858
376,0985
376,1121
376,1271
376,143
376,1587
376,1739
376,1893
376,2045
376,219
376,2344
376,2487
376,265
376,2806
376,2974
376,3129
376,3292
376,3442
376,3585
376,3721
376,3869
376,3985
376,4126
376,4262
376,4399
376,4524
376,4652
376,4781
376,4911
376,5049
376,5182
376,5309
376,5454
376,5594
376,5751
376,5915
376,6066
376,6221
376,6389
376,6547
376,6701
376,6825
376,6953
376,7108
376,7256
376,7387
376,7516
376,7632
376,7769
376,791
376,8059
376,8184
376,8297
376,8445
376,8578
376,8716
376,8831
376,8956
376,9092
376,9227
376,938
376,9524
376,9684
376,9825
376,9975
377,0125
377,0287
377,0457
377,0621
377,0783
377,0941
377,1104
377,1264
377,1436
377,1598
377,1764
377,1931
377,2104
377,2264
377,2404
377,2557
377,2705
377,2845
377,2984
377,3139
377,3297
377,3459
377,3633
377,3796
377,3961
377,4112
377,4278
377,4422
377,4583
377,4723
377,4861
377,5018
377,515
377,5294
377,5441
377,5583
377,5737
377,59
377,6056
377,622
377,6407
377,6569
377,6724
377,6861
377,6981
377,7131
377,7278
377,7417
377,755
377,7673
377,7804
377,7955
377,8094
377,8257
377,8421
377,8581
377,8719
377,887
377,9016
377,9142
377,9282
377,9421
377,9568
377,9707
377,9858
377,9975
378,0125
378,028
378,0418
378,0554
378,0664
378,0788
378,0913
378,1064
378,1196
378,1311
378,1452
378,1585
378,1713
378,1832
378,196
378,2107
378,2244
378,2375
378,2494
378,264
378,2801
378,2959
378,3122
378,328
378,3433
378,3598
378,3751
378,3898
378,4036
378,4167
378,4306
378,4453
378,4588
378,4718
378,4845
378,4962
378,5112
378,5255
378,5406
378,555
378,5703
378,5862
378,6023
378,616
378,6349
378,6494
378,6675
378,6852
378,7016
378,7174
378,7346
378,7521
378,7682
378,783
378,7993
378,8162
378,8319
378,8479
378,8643
378,8798
378,8936
378,9076
378,9204
378,9344
378,946
378,9602
378,974
378,9888
379,0024
379,0154
379,0281
379,0424
379,0575
379,0706
379,0823
379,0974
379,1144
379,1317
379,1496
379,1689
379,1848
379,2052
379,2231
379,2398
379,2572
379,2765
379,2934
379,3104
379,328
379,3439
379,3596
379,3757
379,3926
379,4097
379,426
379,4429
379,4588
379,4744
379,4901
379,5043
379,5189
379,531
379,5453
379,5628
379,5807
379,5967
379,6121
379,6295
379,6469
379,6652
379,6823
379,6997
379,7141
379,7293
379,7452
379,7603
379,7757
379,7909
379,8033
379,8147
379,8287
379,8427
379,8556
379,8696
379,8833
379,8972
379,9112
379,9246
379,938
379,9518
379,9648
379,9785
379,9919
380,0066
380,0215
380,0359
380,047
380,0609
380,0737
380,0873
380,0996
380,113
380,1266
380,142
380,1568
380,1689
380,182
380,1947
380,2085
380,223
380,2356
380,2467
380,2603
380,2731
380,2866
380,2983
380,3113
380,3251
380,3402
380,356
380,3716
380,387
380,4023
380,416
380,4304
380,4454
380,4587
380,4735
380,4891
380,5042
380,5192
380,5347
380,549
380,5645
380,5809
380,5976
380,6143
380,6322
380,6514
380,6694
380,6871
380,7047
380,7222
380,7413
380,761
380,7789
380,7963
380,8136
380,8312
380,8489
380,8667
380,8857
380,9012
380,9176
380,933
380,949
380,9649
380,9806
380,997
381,0136
381,0299
381,0467
381,0631
381,0797
381,0945
381,108
381,121
381,1354
381,1488
381,1616
381,1751
381,19
381,2034
381,2177
381,2317
381,2472
381,2629
381,2789
381,2953
381,3145
381,331
381,3467
381,3633
381,3798
381,3969
381,4142
381,4328
381,4526
381,4719
381,49
381,5116
381,5293
381,5476
381,5651
381,5812
381,5976
381,6131
381,6293
381,6469
381,6634
381,68
381,6972
381,7131
381,7284
381,7434
381,7575
381,7713
381,786
381,8023
381,8169
381,8342
381,8481
381,8637
381,8779
381,8939
381,9091
381,9237
381,9386
381,9519
381,9633
381,9781
381,9932
382,0067
382,02
382,0338
382,0462
382,0607
382,0741
382,0875
382,1016
382,1152
382,1324
382,1506
382,1688
382,1882
382,2077
382,2259
382,2432
382,2616
382,2798
382,2979
382,3152
382,3325
382,3509
382,369
382,387
382,4054
382,4216
382,4375
382,4523
382,4661
382,4827
382,4988
382,5143
382,5299
382,5463
382,5615
382,5757
382,5914
382,606
382,6208
382,6373
382,6535
382,6652
382,681
382,6962
382,7135
382,7282
382,7425
382,7556
382,7692
382,7828
382,7951
382,8086
382,8217
382,8356
382,8474
382,8615
382,8752
382,889
382,9048
382,9181
382,9305
382,9454
382,96
382,9736
382,9865
383,0008
383,0127
383,0273
383,0403
383,0541
383,0681
383,0832
383,0962
383,1118
383,1272
383,1443
383,1598
383,1733
383,1872
383,1991
383,2129
383,228
383,2431
383,2579
383,2715
383,2856
383,3006
383,3143
383,3279
383,3402
383,3531
383,3681
383,3797
383,3964
383,4134
383,4304
383,448
383,4681
383,4845
383,5041
383,5205
383,5375
383,5544
383,5719
383,5892
383,6062
383,6239
383,6417
383,6594
383,6776
383,6941
383,7121
383,7301
383,7476
383,7657
383,783
383,8021
383,821
383,8393
383,8554
383,8725
383,8899
383,9086
383,9266
383,945
383,9613
383,9785
383,9938
384,0086
384,0219
384,0352
384,0476
384,0612
384,0738
384,0872
384,1008
384,1144
384,1302
384,1465
384,1624
384,1792
384,1947
384,2105
384,2246
384,239
384,2522
384,2642
384,277
384,2898
384,3037
384,315
384,33
384,3459
384,3616
384,3781
384,3923
384,4063
384,419
384,4318
384,4448
384,458
384,4706
384,4845
384,5018
384,5188
384,5356
384,5545
384,572
384,5885
384,6057
384,6233
384,6415
384,6593
384,677
384,6945
384,7125
384,7313
384,7497
384,7685
384,7874
384,8043
384,8209
384,8377
384,8542
384,8718
384,8897
384,9066
384,9234
384,939
384,9536
384,9689
384,9843
384,9987
385,0143
385,0312
385,0478
385,064
385,0807
385,0987
385,1136
385,1282
385,1425
385,1579
385,1708
385,1848
385,1993
385,212
385,2259
385,2398
385,2523
385,2672
385,2807
385,2946
385,3077
385,3215
385,3331
385,3449
385,3584
385,373
385,3875
385,3985
385,4124
385,4283
385,4435
385,4576
385,4725
385,4858
385,5001
385,5135
385,5279
385,544
385,559
385,5755
385,5909
385,6068
385,6223
385,6375
385,6489
385,6622
385,6761
385,6895
385,7048
385,7213
385,7379
385,7532
385,7695
385,7848
385,8007
385,8142
385,8311
385,8482
385,8677
385,8857
385,9048
385,9234
385,9409
385,9586
385,9756
385,9935
386,0104
386,0286
386,0466
386,0629
386,0795
386,0964
386,113
386,1303
386,1469
386,163
386,1789
386,1944
386,2108
386,2272
386,2431
386,2574
386,2697
386,282
386,2939
386,3078
386,3213
386,3329
386,3449
386,3576
386,3726
386,3856
386,3968
386,4121
386,4292
386,446
386,4626
386,4788
386,4951
386,5116
386,5277
386,542
386,5558
386,5707
386,5868
386,6029
386,6156
386,6328
386,648
386,6637
386,6782
386,6924
386,7083
386,7248
386,7402
386,7543
386,7679
386,7792
386,7925
386,8075
386,8201
386,8318
386,8444
386,8584
386,8726
386,8849
386,8971
386,9102
386,9226
386,9368
386,9475
386,9622
386,9776
386,9902
387,0055
387,018
387,0315
387,0443
387,0595
387,074
387,0876
387,1009
387,1126
387,1273
387,1403
387,1534
387,1649
387,1775
387,1904
387,2043
387,219
387,2305
387,2436
387,2566
387,2708
387,2834
387,2941
387,3085
387,3222
387,3378
387,3535
387,3688
387,3816
387,3955
387,4111
387,4279
387,4438
387,4639
387,4792
387,4955
387,5114
387,5282
387,545
387,5606
387,5769
387,5934
387,6093
387,6248
387,6411
387,657
387,6702
387,6846
387,6964
387,7115
387,7271
387,7425
387,7591
387,7723
387,787
387,8013
387,8168
387,8287
387,8428
387,8575
387,8713
387,8846
387,8961
387,9097
387,9228
387,9354
387,9501
387,9626
387,9785
387,9933
388,0074
388,0214
388,0357
388,0474
388,0613
388,075
388,0883
388,1014
388,113
388,1281
388,1429
388,1588
388,1732
388,1878
388,2027
388,214
388,2296
388,2436
388,2584
388,2715
388,2882
388,3045
388,3213
388,3394
388,357
388,375
388,3925
388,4098
388,4277
388,4454
388,4636
388,482
388,4984
388,5135
388,5296
388,546
388,5627
388,5796
388,597
388,6152
388,6328
388,6532
388,6702
388,6857
388,701
388,7146
388,7295
388,7458
388,7612
388,7744
388,7891
388,8026
388,8207
388,8324
388,8437
388,8568
388,8694
388,8814
388,8954
388,9078
388,9212
388,9344
388,9471
388,9607
388,9749
388,99
389,0039
389,018
389,0308
389,0446
389,0604
389,0766
389,0929
389,1098
389,1256
389,1404
389,1566
389,1711
389,186
389,2018
389,2159
389,23
389,2463
389,2625
389,2785
389,2948
389,3108
389,327
389,3437
389,3592
389,3779
389,3959
389,4142
389,4332
389,4497
389,4695
389,4871
389,5035
389,5203
389,5378
389,5552
389,5725
389,5903
389,6089
389,6264
389,6443
389,663
389,6797
389,6961
389,7136
389,7292
389,7473
389,7651
389,7805
389,7959
389,8106
389,8244
389,8386
389,8519
389,8672
389,8796
389,8943
389,9099
389,9236
389,9389
389,9544
389,9701
389,9852
390,0019
390,0176
390,0336
390,0473
390,0625
390,0787
390,0939
390,11
390,1248
390,1374
390,1506
390,1635
390,1771
390,1912
390,2046
390,2186
390,2337
390,2468
390,2603
390,2758
390,2908
390,3068
390,322
390,3393
390,3532
390,3673
390,3807
390,3952
390,4102
390,4251
390,4392
390,4536
390,4691
390,4839
390,4984
390,5118
390,5278
390,5424
390,5573
390,5712
390,5872
390,6035
390,6176
390,6306
390,6472
390,6608
390,6754
390,6892
390,702
390,7172
390,7285
390,7438
390,7591
390,7733
390,7877
390,8005
390,8142
390,8285
390,8443
390,8593
390,8736
390,8875
390,9012
390,9163
390,9306
390,9466
390,9648
390,98
390,995
391,0103
391,0262
391,0415
391,0568
391,0724
391,0883
391,1035
391,1183
391,1315
391,1505
391,1673
391,1842
391,2842
391,2986
391,3119
391,3274
391,3401
391,3611
391,3793
391,3938
391,4095
391,4254
391,4413
391,4576
391,4744
391,4913
391,5056
391,5213
391,5354
391,5498
391,5602
391,5742
391,5889
391,6038
391,6191
391,6334
391,6479
391,6604
391,6752
391,6891
391,705
391,7183
391,7321
391,7435
391,7573
391,7706
391,7848
391,7999
391,814
391,8265
391,8423
391,8575
391,8699
391,8834
391,8963
391,9104
391,9248
391,9394
391,9518
391,9652
391,9758
391,9893
392,0033
392,0183
392,0326
392,0483
392,0601
392,0769
392,0927
392,1093
392,1286
392,1458
392,1638
392,182
392,2008
392,2195
392,2375
392,2548
392,272
392,2901
392,3083
392,3264
392,3441
392,3616
392,3781
392,3946
392,4111
392,4314
392,4488
392,4672
392,4846
392,5011
392,5174
392,5326
392,5485
392,5606
392,5749
392,5887
392,6037
392,6183
392,6317
392,6442
392,6589
392,6739
392,6887
392,7036
392,7187
392,733
392,7482
392,7614
392,7759
392,79
392,805
392,819
392,8315
392,8434
392,8574
392,8705
392,8864
392,9018
392,9178
392,9329
392,9461
392,9618
392,9778
392,9927
393,0103
393,0269
393,0435
393,0592
393,0753
393,0908
393,1046
393,1178
393,1287
393,1435
393,1558
393,1686
393,1817
393,194
393,2078
393,221
393,234
393,2486
393,261
393,2771
393,2919
393,308
393,3272
393,3452
393,3637
393,3824
393,4024
393,4213
393,4389
393,4559
393,4745
393,4933
393,5116
393,5284
393,5443
393,5614
393,576
393,593
393,6095
393,6265
393,6446
393,6608
393,6768
393,6938
393,7101
393,7271
393,7438
393,7585
393,7743
393,7885
393,803
393,8177
393,8319
393,8451
393,8607
393,8763
393,892
393,9084
393,9243
393,9383
393,9526
393,9694
393,9858
393,9994
394,0119
394,0277
394,0427
394,0576
394,0702
394,0829
394,0951
394,1081
394,1228
394,1367
394,1507
394,1638
394,1779
394,1905
394,2037
394,2167
394,2287
394,2418
394,2565
394,2691
394,2856
394,3018
394,3162
394,3307
394,3467
394,3592
394,3733
394,3875
394,4
394,4147
394,4274
394,4411
394,456
394,4703
394,4865
394,5034
394,5199
394,5339
394,5479
394,5621
394,5747
394,5883
394,6017
394,6136
394,6251
394,6411
394,6564
394,6708
394,6856
394,701
394,7166
394,7324
394,7452
394,7601
394,7757
394,7931
394,8114
394,8287
394,8483
394,8674
394,8844
394,9025
394,9192
394,9355
394,9528
394,9699
394,9866
395,003
395,0193
395,0357
395,0509
395,0665
395,083
395,0983
395,1143
395,1309
395,1455
395,1615
395,1755
395,191
395,2056
395,2192
395,233
395,2452
395,2606
395,2746
395,2911
395,306
395,3222
395,3378
395,3501
395,3615
395,375
395,3883
395,402
395,4153
395,4256
395,4397
395,4518
395,4662
395,4778
395,4922
395,5086
395,5262
395,5436
395,5594
395,5752
395,5912
395,6071
395,6227
395,6387
395,6539
395,6682
395,6837
395,698
395,7105
395,726
395,7422
395,7579
395,7725
395,7856
395,7995
395,8116
395,8257
395,8404
395,8575
395,8749
395,892
395,9089
395,9272
395,9449
395,9612
395,979
395,9978
396,0151
396,0314
396,0481
396,064
396,0809
396,096
396,1117
396,1283
396,1448
396,1601
396,1759
396,1918
396,2074
396,224
396,2408
396,2546
396,2678
396,2838
396,2994
396,3125
396,3273
396,3423
396,3566
396,3701
396,3839
396,3988
396,4096
396,4261
396,4415
396,4581
396,4729
396,4886
396,5044
396,5204
396,5371
396,553
396,568
396,584
396,5997
396,6142
396,6267
396,6419
396,655
396,6682
396,684
396,6946
396,7068
396,721
396,736
396,7493
396,7623
396,7741
396,7867
396,7997
396,8107
396,8242
396,838
396,8528
396,8661
396,8806
396,8918
396,9069
396,9202
396,9387
396,9522
396,9666
396,9785
396,9921
397,0081
397,0235
397,0385
397,0528
397,0675
397,0816
397,0919
397,1066
397,1199
397,1341
397,1471
397,1589
397,1736
397,1864
397,2009
397,2132
397,2255
397,2389
397,2518
397,2656
397,2825
397,2989
397,3103
397,3286
397,3474
397,3643
397,3828
397,4021
397,4197
397,4364
397,4542
397,4719
397,49
397,5073
397,5258
397,5438
397,5609
397,5768
3967,093
3967,113
3967,132
3967,154
3967,173
3967,19
3967,208
3967,227
3967,246
3967,264
3967,281
3967,3
3967,317
3967,334
3967,353
3967,371
3967,389
3967,407
3967,425
3967,444
3967,461
3967,48
3967,496
3967,514
3967,532
3967,55
3967,568
3967,586
3967,604
3967,622
3967,642
3967,661
3967,68
3967,698
3967,718
3967,737
3967,755
3967,775
3967,794
3967,813
3967,832
3967,85
3967,868
3967,887
3967,905
3967,925
3967,944
3967,961
3967,98
3967,999
3968,018
3968,037
3968,056
3968,074
3968,094
3968,113
3968,132
3968,15
3968,169
3968,188
3968,206
3968,225
3968,243
3968,262
3968,282
3968,3
3968,32
3968,337
3968,355
3968,374
3968,391
3968,41
3968,428
3968,447
3968,467
3968,486
3968,505
3968,526
3968,546
3968,565
3968,584
3968,604
3968,625
3968,644
3968,664
3968,683
3968,701
3968,719
3968,739
3968,757
3968,776
3968,794
3968,812
3968,831
3968,851
3968,87
3968,888
3968,906
3968,924
3968,943
3968,962
3968,981
3969
3969,019
3969,037
3969,056
3969,075
3969,093
3969,112
3969,131
3969,15
3969,169
3969,187
3969,203
3969,221
3969,239
3969,256
3969,272
3969,289
3969,305
3969,322
3969,337
3969,354
3969,372
3969,389
3969,405
3969,422
3969,438
3969,454
3969,47
3969,487
3969,504
3969,523
3969,542
3969,56
3969,578
3969,595
3969,613
3969,631
3969,647
3969,664
3969,683
3969,701
3969,721
3969,739
3969,758
3969,775
3969,794
3969,814
3969,833
3969,854
3969,873
3969,892
3969,911
3969,929
3969,948
3969,967
3969,985
3970,004
3970,022
3970,041
3970,06
3970,078
3970,096
3970,115
3970,132
3970,151
3970,169
3970,188
3970,207
3970,224
3970,243
3970,262
3970,281
3970,299
3970,32
3970,34
3970,358
3970,376
3970,395
3970,412
3970,432
3970,449
3970,466
3970,486
3970,503
3970,523
3970,542
3970,56
3970,577
3970,595
3970,612
3970,63
3970,647
3970,666
3970,687
3970,704
3970,726
3970,742
3970,76
3970,778
3970,796
3970,814
3970,833
3970,852
3970,87
3970,888
3970,906
3970,924
3970,941
3970,959
3970,976
3970,996
3971,014
3971,032
3971,05
3971,069
3971,086
3971,106
3971,123
3971,141
3971,159
3971,178
3971,196
3971,216
3971,235
3971,253
3971,271
3971,289
3971,306
3971,325
3971,344
3971,363
3971,382
3971,401
3971,419
3971,438
3971,457
3971,476
3971,494
3971,513
3971,532
3971,555
3971,574
3971,592
3971,612
3971,631
3971,651
3971,671
3971,689
3971,707
3971,726
3971,745
3971,761
3971,78
3971,8
3971,819
3971,837
3971,855
3971,874
3971,893
3971,912
3971,931
3971,95
3971,969
3971,988
3972,009
3972,028
3972,049
3972,069
3972,086
3972,105
3972,123
3972,14
3972,158
3972,175
3972,194
3972,211
3972,229
3972,247
3972,265
3972,286
3972,305
3972,322
3972,341
3972,359
3972,375
3972,394
3972,412
3972,43
3972,449
3972,469
3972,488
3972,506
3972,523
3972,541
3972,561
3972,579
3972,599
3972,618
3972,638
3972,657
3972,676
3972,693
3972,712
3972,731
3972,751
3972,771
3972,79
3972,808
3972,827
3972,845
3972,864
3972,885
3972,903
3972,923
3972,941
3972,96
3972,98
3972,999
3973,02
3973,04
3973,059
3973,078
3973,097
3973,116
3973,136
3973,155
3973,173
3973,191
3973,208
3973,227
3973,245
3973,262
3973,281
3973,299
3973,317
3973,335
3973,355
3973,373
3973,392
3973,41
3973,429
3973,447
3973,466
3973,486
3973,503
3973,522
3973,538
3973,556
3973,574
3973,591
3973,609
3973,627
3973,646
3973,666
3973,684
3973,701
3973,719
3973,737
3973,755
3973,773
3973,791
3973,809
3973,826
3973,844
3973,863
3973,886
3973,903
3973,921
3973,939
3973,955
3973,974
3973,993
3974,01
3974,029
3974,047
3974,063
3974,081
3974,098
3974,115
3974,134
3974,152
3974,169
3974,187
3974,205
3974,223
3974,239
3974,256
3974,274
3974,291
3974,31
3974,327
3974,345
3974,364
3974,383
3974,401
3974,421
3974,44
3974,458
3974,476
3974,494
3974,512
3974,532
3974,549
3974,568
3974,585
3974,604
3974,621
3974,638
3974,656
3974,673
3974,691
3974,708
3974,729
3974,746
3974,763
3974,781
3974,798
3974,814
3974,833
3974,852
3974,869
3974,885
3974,903
3974,921
3974,938
3974,956
3974,973
3974,99
3975,009
3975,026
3975,043
3975,06
3975,076
3975,093
3975,109
3975,125
3975,142
3975,161
3975,177
3975,195
3975,212
3975,229
3975,245
3975,262
3975,277
3975,292
3975,308
3975,324
3975,339
3975,357
3975,375
3975,392
3975,407
3975,422
3975,437
3975,452
3975,466
3975,48
3975,497
3975,513
3975,53
3975,546
3975,563
3975,579
3975,595
3975,612
3975,628
3975,646
3975,663
3975,681
3975,697
3975,713
3975,73
3975,748
3975,765
3975,781
3975,799
3975,815
3975,833
3975,852
3975,87
3975,888
3975,906
3975,924
3975,942
3975,959
3975,976
3975,993
3976,01
3976,028
3976,045
3976,062
3976,08
3976,097
3976,114
3976,131
3976,146
3976,165
3976,183
3976,2
3976,217
3976,234
3976,252
3976,27
3976,286
3976,304
3976,32
3976,337
3976,353
3976,37
3976,388
3976,404
3976,422
3976,439
3976,455
3976,472
3976,49
3976,506
3976,525
3976,541
3976,558
3976,575
3976,592
3976,609
3976,626
3976,643
3976,66
3976,677
3976,693
3976,71
3976,727
3976,743
3976,759
3976,776
3976,794
3976,811
3976,828
3976,844
3976,862
3976,879
3976,896
3976,916
3976,934
3976,951
3976,967
3976,982
3977
3977,016
3977,035
3977,052
3977,07
3977,085
3977,103
3977,119
3977,138
3977,155
3977,172
3977,188
3977,206
3977,223
3977,24
3977,256
3977,272
3977,288
3977,304
3977,319
3977,334
3977,347
3977,364
3977,381
3977,396
3977,412
3977,429
3977,444
3977,46
3977,477
3977,494
3977,51
3977,527
3977,544
3977,56
3977,576
3977,592
3977,608
3977,623
3977,641
3977,658
3977,674
3977,692
3977,709
3977,726
3977,743
3977,76
3977,777
3977,794
3977,813
3977,831
3977,847
3977,866
3977,885
3977,9
3977,919
3977,938
3977,954
3977,97
3977,987
3978,004
3978,021
3978,037
3978,054
3978,071
3978,089
3978,106
3978,122
3978,14
3978,156
3978,175
3978,192
3978,209
3978,228
3978,243
3978,261
3978,278
3978,295
3978,313
3978,329
3978,347
3978,364
3978,38
3978,396
3978,414
3978,43
3978,446
3978,463
3978,48
3978,496
3978,513
3978,529
3978,546
3978,563
3978,58
3978,598
3978,616
3978,632
3978,648
3978,665
3978,684
3978,7
3978,717
3978,733
3978,75
3978,768
3978,785
3978,803
3978,82
3978,838
3978,855
3978,873
3978,891
3978,909
3978,927
3978,943
3978,961
3978,978
3978,994
3979,011
3979,027
3979,044
3979,061
3979,079
3979,095
3979,113
3979,13
3979,148
3979,165
3979,183
3979,201
3979,22
3979,237
3979,252
3979,268
3979,284
3979,3
3979,315
3979,33
3979,345
3979,362
3979,377
3979,392
3979,407
3979,423
3979,438
3979,454
3979,47
3979,485
3979,502
3979,516
3979,53
3979,545
3979,561
3979,576
3979,592
3979,608
3979,625
3979,642
3979,659
3979,677
3979,694
3979,712
3979,729
3979,746
3979,763
3979,78
3979,799
3979,816
3979,835
3979,853
3979,87
3979,886
3979,902
3979,92
3979,937
3979,954
3979,969
3979,986
3980,002
3980,02
3980,037
3980,053
3980,069
3980,085
3980,102
3980,118
3980,135
3980,152
3980,17
3980,187
3980,205
3980,223
3980,24
3980,259
3980,276
3980,292
3980,309
3980,327
3980,345
3980,363
3980,382
3980,399
3980,416
3980,434
3980,451
3980,467
3980,486
3980,504
3980,521
3980,539
3980,556
3980,573
3980,589
3980,607
3980,625
3980,643
3980,66
3980,677
3980,694
3980,712
3980,729
3980,746
3980,764
3980,783
3980,803
3980,82
3980,841
3980,859
3980,877
3980,895
3980,914
3980,932
3980,949
3980,968
3980,986
3981,004
3981,023
3981,042
3981,058
3981,075
3981,093
3981,111
3981,128
3981,146
3981,164
3981,182
3981,2
3981,219
3981,237
3981,254
3981,27
3981,288
3981,304
3981,322
3981,339
3981,356
3981,372
3981,394
3981,412
3981,43
3981,447
3981,465
3981,483
3981,499
3981,517
3981,535
3981,552
3981,569
3981,587
3981,605
3981,623
3981,641
3981,658
3981,676
3981,693
3981,711
3981,729
3981,747
3981,766
3981,784
3981,802
3981,821
3981,839
3981,857
3981,875
3981,893
3981,912
3981,931
3981,948
3981,965
3981,984
3982,001
3982,02
3982,038
3982,057
3982,074
3982,092
3982,11
3982,128
3982,146
3982,164
3982,182
3982,201
3982,22
3982,239
3982,257
3982,275
3982,294
3982,312
3982,329
3982,347
3982,364
3982,382
3982,399
3982,418
3982,435
3982,453
3982,472
3982,49
3982,508
3982,526
3982,543
3982,561
3982,579
3982,597
3982,615
3982,632
3982,65
3982,668
3982,686
3982,703
3982,721
3982,739
3982,756
3982,774
3982,792
3982,808
3982,827
3982,845
3982,865
3982,883
3982,902
3982,92
3982,938
3982,956
3982,974
3982,992
3983,01
3983,028
3983,046
3983,064
3983,083
3983,101
3983,119
3983,136
3983,155
3983,172
3983,191
3983,208
3983,228
3983,247
3983,264
3983,281
3983,297
3983,314
3983,331
3983,346
3983,362
3983,38
3983,398
3983,416
3983,432
3983,449
3983,467
3983,483
3983,501
3983,519
3983,536
3983,554
3983,571
3983,588
3983,605
3983,622
3983,638
3983,655
3983,672
3983,69
3983,708
3983,726
3983,745
3983,763
3983,781
3983,8
3983,819
3983,837
3983,857
3983,879
3983,9
3983,921
3983,942
3983,962
3983,984
3984,012
3984,03
3984,048
3984,065
3984,083
3984,102
3984,12
3984,137
3984,157
3984,175
3984,194
3984,211
3984,23
3984,248
3984,264
3984,283
3984,302
3984,321
3984,341
3984,359
3984,378
3984,395
3984,413
3984,431
3984,448
3984,466
3984,484
3984,503
3984,522
3984,54
3984,558
3984,576
3984,593
3984,611
3984,629
3984,648
3984,666
3984,685
3984,701
3984,72
3984,737
3984,755
3984,774
3984,792
3984,81
3984,827
3984,846
3984,862
3984,879
3984,897
3984,915
3984,933
3984,952
3984,969
3984,987
3985,005
3985,022
3985,041
3985,06
3985,076
3985,094
3985,112
3985,131
3985,149
3985,166
3985,184
3985,202
3985,22
3985,239
3985,256
3985,273
3985,289
3985,305
3985,322
3985,338
3985,356
3985,373
3985,39
3985,407
3985,426
3985,443
3985,459
3985,476
3985,494
3985,511
3985,529
3985,629
3985,643
3985,659
3985,675
3985,694
3985,709
3985,731
3985,752
3985,77
3985,788
3985,804
3985,823
3985,842
3985,861
3985,881
3985,898
3985,916
3985,933
3985,953
3985,97
3985,988
3986,007
3986,024
3986,042
3986,06
3986,077
3986,095
3986,114
3986,13
3986,146
3986,164
3986,183
3986,202
3986,221
3986,239
3986,257
3986,274
3986,293
3986,313
3986,331
3986,35
3986,368
3986,386
3986,403
3986,42
3986,437
3986,453
3986,47
3986,486
3986,502
3986,52
3986,538
3986,555
3986,572
3986,588
3986,607
3986,624
3986,64
3986,657
3986,674
3986,692
3986,71
3986,73
3986,751
3986,769
3986,788
3986,807
3986,825
3986,841
3986,859
3986,877
3986,896
3986,915
3986,933
3986,949
3986,967
3986,985
3987,002
3987,019
3987,035
3987,052
3987,069
3987,084
3987,103
3987,117
3987,134
3987,148
3987,165
3987,18
3987,197
3987,212
3987,229
3987,246
3987,261
3987,278
3987,294
3987,31
3987,327
3987,342
3987,359
3987,376
3987,393
3987,411
3987,428
3987,445
3987,462
3987,48
3987,496
3987,513
3987,531
3987,55
3987,569
3987,588
3987,606
3987,625
3987,643
3987,661
3987,679
3987,699
3987,718
3987,735
3987,756
3987,774
3987,792
3987,809
3987,828
3987,847
3987,865
3987,884
3987,901
3987,92
3987,938
3987,957
3987,974
3987,992
3988,011
3988,029
3988,047
3988,066
3988,084
3988,103
3988,124
3988,144
3988,163
3988,183
3988,206
3988,223
3988,241
3988,261
3988,279
3988,301
3988,319
3988,337
3988,358
3988,377
3988,396
3988,415
3988,434
3988,453
3988,471
3988,489
3988,507
3988,526
3988,544
3988,561
3988,578
3988,596
3988,615
3988,635
3988,653
3988,671
3988,69
3988,71
3988,73
3988,75
3988,77
3988,789
3988,807
3988,827
3988,845
3988,866
3988,885
3988,905
3988,925
3988,943
3988,963
3988,984
3989,005
3989,024
3989,043
3989,063
3989,084
3989,104
3989,123
3989,141
3989,161
3989,181
3989,199
3989,218
3989,235
3989,253
3989,272
3989,292
3989,31
3989,326
3989,346
3989,366
3989,385
3989,405
3989,422
3989,441
3989,459
3989,479
3989,498
3989,518
3989,537
3989,555
3989,573
3989,592
3989,611
3989,631
3989,651
3989,67
3989,688
3989,704
3989,723
3989,742
3989,761
3989,779
3989,796
3989,814
3989,833
3989,852
3989,87
3989,889
3989,907
3989,926
3989,946
3989,965
3989,986
3990,005
3990,025
3990,044
3990,063
3990,081
3990,1
3990,12
3990,138
3990,156
3990,175
3990,195
3990,213
3990,233
3990,252
3990,27
3990,288
3990,307
3990,326
3990,346
3990,365
3990,384
3990,402
3990,421
3990,439
3990,458
3990,476
3990,494
3990,512
3990,531
3990,549
3990,568
3990,586
3990,604
3990,623
3990,642
3990,662
3990,681
3990,7
3990,72
3990,739
3990,757
3990,775
3990,795
3990,813
3990,832
3990,852
3990,87
3990,888
3990,909
3990,928
3990,946
3990,964
3990,982
3990,998
3991,014
3991,031
3991,047
3991,064
3991,08
3991,098
3991,116
3991,134
3991,15
3991,167
3991,184
3991,2
3991,217
3991,234
3991,253
3991,272
3991,291
3991,311
3991,33
3991,349
3991,368
3991,387
3991,405
3991,423
3991,441
3991,459
3991,479
3991,497
3991,516
3991,535
3991,553
3991,572
3991,591
3991,609
3991,627
3991,646
3991,664
3991,683
3991,703
3991,721
3991,739
3991,759
3991,776
3991,794
3991,813
3991,831
3991,851
3991,87
3991,887
3991,905
3991,925
3991,943
3991,961
3991,98
3991,998
3992,016
3992,035
3992,053
3992,071
3992,09
3992,107
3992,125
3992,142
3992,159
3992,177
3992,196
3992,214
3992,231
3992,249
3992,266
3992,283
3992,301
3992,318
3992,336
3992,353
3992,371
3992,39
3992,41
3992,428
3992,447
3992,465
3992,484
3992,5
3992,519
3992,536
3992,553
3992,571
3992,588
3992,606
3992,625
3992,644
3992,661
3992,68
3992,698
3992,717
3992,735
3992,753
3992,772
3992,791
3992,812
3992,83
3992,848
3992,866
3992,884
3992,902
3992,921
3992,939
3992,958
3992,975
3992,991
3993,007
3993,026
3993,043
3993,061
3993,078
3993,095
3993,115
3993,132
3993,148
3993,167
3993,184
3993,201
3993,219
3993,236
3993,253
3993,271
3993,289
3993,308
3993,33
3993,347
3993,364
3993,383
3993,401
3993,42
3993,44
3993,458
3993,476
3993,494
3993,513
3993,531
3993,55
3993,569
3993,587
3993,605
3993,623
3993,641
3993,659
3993,677
3993,695
3993,712
3993,731
3993,749
3993,768
3993,786
3993,807
3993,825
3993,844
3993,862
3993,881
3993,9
3993,918
3993,936
3993,954
3993,973
3993,99
3994,01
3994,03
3994,052
3994,071
3994,089
3994,108
3994,125
3994,144
3994,16
3994,177
3994,195
3994,214
3994,233
3994,25
3994,268
3994,286
3994,304
3994,322
3994,341
3994,359
3994,376
3994,394
3994,411
3994,429
3994,447
3994,466
3994,484
3994,502
3994,521
3994,538
3994,556
3994,574
3994,591
3994,61
3994,628
3994,647
3994,666
3994,685
3994,705
3994,722
3994,741
3994,761
3994,781
3994,797
3994,815
3994,834
3994,852
3994,87
3994,888
3994,905
3994,923
3994,942
3994,959
3994,974
3994,99
3995,006
3995,023
3995,037
3995,053
3995,07
3995,087
3995,105
3995,123
3995,139
3995,157
3995,176
3995,194
3995,211
3995,229
3995,248
3995,265
3995,283
3995,3
3995,317
3995,335
3995,353
3995,371
3995,389
3995,407
3995,427
3995,445
3995,465
3995,482
3995,501
3995,521
3995,538
3995,557
3995,575
3995,594
3995,612
3995,628
3995,648
3995,663
3995,683
3995,7
3995,717
3995,734
3995,75
3995,768
3995,786
3995,802
3995,819
3995,834
3995,85
3995,867
3995,884
3995,9
3995,917
3995,933
3995,949
3995,966
3995,982
3995,997
3996,012
3996,029
3996,046
3996,066
3996,085
3996,105
3996,124
3996,142
3996,161
3996,179
3996,198
3996,217
3996,237
3996,255
3996,274
3996,292
3996,31
3996,327
3996,347
3996,366
3996,385
3996,402
3996,421
3996,439
3996,457
3996,476
3996,495
3996,514
3996,532
3996,553
3996,572
3996,591
3996,61
3996,627
3996,646
3996,667
3996,683
3996,702
3996,722
3996,741
3996,759
3996,777
3996,796
3996,816
3996,837
3996,855
3996,876
3996,894
3996,911
3996,932
3996,95
3996,969
3996,987
3997,004
3997,023
3997,042
3997,062
3997,083
3997,101
3997,12
3997,139
3997,156
3997,174
3997,193
3997,213
3997,233
3997,252
3997,27
3997,289
3997,307
3997,326
3997,345
3997,365
3997,385
3997,404
3997,423
3997,442
3997,461
3997,479
3997,498
3997,519
3997,538
3997,555
3997,574
3997,593
3997,612
3997,63
3997,649
3997,667
3997,685
3997,704
3997,722
3997,74
3997,759
3997,777
3997,796
3997,816
3997,834
3997,852
3997,871
3997,888
3997,906
3997,924
3997,942
3997,959
3997,977
3997,996
3998,013
3998,029
3998,049
3998,065
3998,083
3998,1
3998,116
3998,135
3998,152
3998,168
3998,186
3998,203
3998,22
3998,237
3998,254
3998,271
3998,289
3998,306
3998,323
3998,339
3998,358
3998,377
3998,396
3998,416
3998,435
3998,453
3998,472
3998,493
3998,511
3998,528
3998,547
3998,567
3998,585
3998,606
3998,627
3998,646
3998,666
3998,686
3998,704
3998,722
3998,74
3998,762
3998,784
3998,803
3998,821
3998,84
3998,859
3998,877
3998,896
3998,915
3998,932
3998,95
3998,968
3998,985
3999,002
3999,019
3999,035
3999,052
3999,07
3999,087
3999,103
3999,122
3999,141
3999,159
3999,177
3999,194
3999,212
3999,228
3999,243
3999,262
3999,281
3999,297
3999,313
3999,329
3999,346
3999,364
3999,382
3999,399
3999,417
3999,436
3999,455
3999,476
3999,495
3999,513
3999,531
3999,549
3999,567
3999,587
3999,605
3999,624
3999,642
3999,66
3999,679
3999,697
3999,715
3999,734
3999,751
3999,77
3999,79
3999,807
3999,826
3999,846
3999,865
3999,885
3999,904
3999,921
3999,94
3999,958
3999,977
3999,995
4000,016
4000,034
4000,052
4000,07
4000,089
4000,11
4000,129
4000,148
4000,167
4000,186
4000,205
4000,223
4000,242
4000,262
4000,28
4000,299
4000,316
4000,334
4000,353
4000,372
4000,389
4000,407
4000,425
4000,444
4000,463
4000,482
4000,499
4000,516
4000,534
4000,552
4000,569
4000,585
4000,603
4000,622
4000,638
4000,655
4000,673
4000,691
4000,708
4000,726
4000,743
4000,761
4000,779
4000,799
4000,818
4000,835
4000,854
4000,872
4000,888
4000,906
4000,921
4000,938
4000,956
4000,973
4000,989
4001,005
4001,023
4001,04
4001,057
4001,072
4001,087
4001,103
4001,118
4001,134
4001,15
4001,166
4001,182
4001,199
4001,216
4001,233
4001,25
4001,266
4001,283
4001,299
4001,315
4001,329
4001,345
4001,361
4001,377
4001,394
4001,413
4001,429
4001,446
4001,467
4001,485
4001,503
4001,521
4001,539
4001,557
4001,574
4001,591
4001,608
4001,625
4001,643
4001,662
4001,68
4001,696
4001,714
4001,73
4001,747
4001,765
4001,781
4001,799
4001,814
4001,833
4001,849
4001,866
4001,884
4001,899
4001,916
4001,933
4001,949
4001,966
4001,984
4002,001
4002,02
4002,037
4002,055
4002,073
4002,09
4002,109
4002,126
4002,143
4002,159
4002,176
4002,192
4002,209
4002,225
4002,242
4002,26
4002,277
4002,294
4002,312
4002,33
4002,348
4002,366
4002,382
4002,4
4002,417
4002,433
4002,45
4002,466
4002,485
4002,501
4002,518
4002,535
4002,552
4002,57
4002,587
4002,605
4002,625
4002,643
4002,663
4002,681
4002,699
4002,719
4002,736
4002,754
4002,772
4002,789
4002,808
4002,825
4002,843
4002,86
4002,876
4002,894
4002,912
4002,93
4002,949
4002,965
4002,982
4003
4003,017
4003,033
4003,047
4003,062
4003,078
4003,093
4003,109
4003,125
4003,141
4003,157
4003,173
4003,188
4003,204
4003,22
4003,235
4003,25
4003,265
4003,28
4003,297
4003,311
4003,327
4003,344
4003,36
4003,377
4003,393
4003,412
4003,428
4003,446
4003,463
4003,479
4003,498
4003,515
4003,533
4003,551
4003,569
4003,586
4003,603
4003,622
4003,638
4003,656
4003,674
4003,69
4003,707
4003,724
4003,741
4003,757
4003,773
4003,789
4003,806
4003,824
4003,841
4003,857
4003,877
4003,894
4003,912
4003,931
4003,946
4003,963
4003,982
4004,001
4004,019
4004,035
4004,053
4004,071
4004,089
4004,106
4004,127
4004,146
4004,167
4004,187
4004,208
4004,227
4004,246
4004,265
4004,284
4004,303
4004,322
4004,34
4004,359
4004,379
4004,397
4004,416
4004,434
4004,451
4004,468
4004,487
4004,504
4004,521
4004,54
4004,558
4004,574
4004,59
4004,608
4004,625
4004,642
4004,66
4004,676
4004,693
4004,711
4004,727
4004,746
4004,764
4004,784
4004,803
4004,822
4004,84
4004,859
4004,877
4004,896
4004,913
4004,932
4004,95
4004,969
4004,986
4005,004
4005,022
4005,04
4005,058
4005,077
4005,095
4005,114
4005,131
4005,148
4005,165
4005,182
4005,196
4005,215
4005,229
4005,245
4005,259
4005,276
4005,291
4005,306
4005,323
4005,341
4005,358
4005,376
4005,396
4005,416
4005,434
4005,453
4005,47
4005,489
4005,506
4005,523
4005,54
4005,558
4005,575
4005,592
4005,609
4005,627
4005,644
4005,662
4005,678
4005,694
4005,71
4005,726
4005,745
4005,764
4005,783
4005,802
4005,82
4005,838
4005,858
4005,876
4005,895
4005,912
4005,929
4005,947
4005,963
4005,98
4005,998
4006,015
4006,032
4006,049
4006,067
4006,084
4006,101
4006,119
4006,137
4006,155
4006,173
4006,189
4006,206
4006,225
4006,243
4006,262
4006,281
4006,299
4006,317
4006,334
4006,354
4006,373
4006,391
4006,408
4006,426
4006,443
4006,46
4006,476
4006,494
4006,512
4006,529
4006,546
4006,564
4006,581
4006,6
4006,617
4006,635
4006,652
4006,669
4006,687
4006,705
4006,721
4006,739
4006,755
4006,771
4006,789
4006,806
4006,824
4006,842
4006,86
4006,879
4006,896
4006,914
4006,932
4006,952
4006,974
4006,993
4007,015
4007,031
4007,049
4007,065
4007,083
4007,099
4007,116
4007,134
4007,15
4007,166
4007,186
4007,205
4007,222
4007,24
4007,258
4007,276
4007,294
4007,313
4007,329
4007,349
4007,367
4007,385
4007,404
4007,422
4007,44
4007,458
4007,477
4007,496
4007,515
4007,535
4007,553
4007,572
4007,59
4007,608
4007,625
4007,644
4007,662
4007,68
4007,698
4007,717
4007,735
4007,754
4007,772
4007,793
4007,812
4007,831
4007,851
4007,869
4007,893
4007,912
4007,931
4007,95
4007,969
4007,988
4008,007
4008,026
4008,043
4008,063
4008,081
4008,099
4008,118
4008,136
4008,154
4008,171
4008,19
4008,209
4008,23
4008,251
4008,269
4008,286
4008,305
4008,324
4008,343
4008,361
4008,38
4008,399
4008,416
4008,434
4008,451
4008,47
4008,487
4008,504
4008,521
4008,54
4008,558
4008,576
4008,594
4008,612
4008,63
4008,647
4008,665
4008,682
4008,699
4008,716
4008,733
4008,75
4008,766
4008,784
4008,801
4008,818
4008,835
4008,852
4008,871
4008,888
4008,907
4008,927
4008,946
4008,966
4008,986
4009,005
4009,023
4009,04
4009,057
4009,074
4009,091
4009,109
4009,127
4009,145
4009,163
4009,181
4009,199
4009,218
4009,236
4009,255
4009,274
4009,292
4009,31
4009,326
4009,344
4009,361
4009,378
4009,397
4009,413
4009,429
4009,447
4009,465
4009,482
4009,499
4009,517
4009,534
4009,551
4009,569
4009,588
4009,605
4009,624
4009,643
4009,66
4009,68
4009,698
4009,717
4009,736
4009,754
4009,771
4009,791
4009,81
4009,828
4009,845
4009,865
4009,882
4009,899
4009,918
4009,939
4009,958
4009,975
4009,993
4010,013
4010,033
4010,052
4010,07
4010,09
4010,109
4010,128
4010,148
4010,167
4010,185
4010,203
4010,223
4010,243
4010,263
4010,282
4010,3
4010,318
4010,335
4010,353
4010,371
4010,391
4010,409
4010,428
4010,449
4010,467
4010,485
4010,502
4010,52
4010,538
4010,557
4010,574
4010,592
4010,61
4010,628
4010,648
4010,668
4010,685
4010,704
4010,722
4010,74
4010,76
4010,778
4010,797
4010,816
4010,834
4010,853
4010,871
4010,89
4010,909
4010,927
4010,948
4010,965
4010,983
4011,001
4011,019
4011,037
4011,055
4011,074
4011,092
4011,108
4011,126
4011,144
4011,162
4011,181
4011,206
4011,223
4011,238
4011,255
4011,271
4011,289
4011,306
4011,322
4011,337
4011,352
4011,367
4011,384
4011,4
4011,417
4011,436
4011,454
4011,472
4011,489
4011,508
4011,525
4011,542
4011,56
4011,578
4011,597
4011,615
4011,632
4011,648
4011,665
4011,685
4011,704
4011,723
4011,743
4011,766
4011,786
4011,805
4011,822
4011,84
4011,859
4011,876
4011,895
4011,914
4011,931
4011,949
4011,967
4011,985
4012,003
4012,023
4012,04
4012,057
4012,075
4012,092
4012,109
4012,127
4012,145
4012,166
4012,183
4012,201
4012,219
4012,236
4012,253
4012,271
4012,288
4012,305
4012,324
4012,342
4012,359
4012,376
4012,394
4012,411
4012,43
4012,448
4012,467
4012,484
4012,503
4012,521
4012,539
4012,556
4012,572
4012,589
4012,608
4012,626
4012,643
4012,661
4012,68
4012,699
4012,717
4012,735
4012,751
4012,77
4012,787
4012,804
4012,823
4012,842
4012,86
4012,878
4012,897
4012,915
4012,933
4012,952
4012,97
4012,988
4013,008
4013,026
4013,043
4013,061
4013,081
4013,098
4013,116
4013,135
4013,154
4013,173
4013,191
4013,208
4013,227
4013,244
4013,261
4013,28
4013,297
4013,314
4013,331
4013,349
4013,366
4013,384
4013,402
4013,42
4013,438
4013,457
4013,474
4013,492
4013,51
4013,527
4013,546
4013,564
4013,583
4013,601
4013,622
4013,641
4013,658
4013,676
4013,694
4013,713
4013,731
4013,749
4013,767
4013,785
4013,803
4013,822
4013,84
4013,857
4013,878
4013,896
4013,913
4013,933
4013,95
4013,968
4013,986
4014,004
4014,022
4014,04
4014,059
4014,076
4014,094
4014,112
4014,132
4014,149
4014,168
4014,186
4014,202
4014,219
4014,237
4014,255
4014,272
4014,289
4014,306
4014,325
4014,343
4014,361
4014,381
4014,399
4014,416
4014,435
4014,453
4014,472
4014,489
4014,507
4014,524
4014,542
4014,561
4014,579
4014,597
4014,615
4014,633
4014,65
4014,668
4014,686
4014,703
4014,722
4014,74
4014,759
4014,777
4014,795
4014,813
4014,831
4014,849
4014,866
4014,884
4014,902
4014,919
4014,936
4014,952
4014,97
4014,988
4015,005
4015,022
4015,039
4015,056
4015,073
4015,089
4015,105
4015,121
4015,137
4015,153
4015,169
4015,187
4015,204
4015,22
4015,236
4015,252
4015,268
4015,284
4015,302
4015,318
4015,334
4015,35
4015,366
4015,383
4015,399
4015,416
4015,434
4015,451
4015,469
4015,488
4015,506
4015,524
4015,541
4015,559
4015,576
4015,594
4015,613
4015,63
4015,647
4015,665
4015,682
4015,7
4015,717
4015,735
4015,751
4015,769
4015,787
4015,805
4015,822
4015,839
4015,857
4015,874
4015,891
4015,908
4015,926
4015,944
4015,962
4015,98
4015,998
4016,016
4016,032
4016,05
4016,067
4016,085
4016,103
4016,12
4016,138
4016,156
4016,173
4016,193
4016,21
4016,227
4016,244
4016,262
4016,278
4016,295
4016,313
4016,331
4016,348
4016,366
4016,384
4016,402
4016,421
4016,438
4016,457
4016,475
4016,493
4016,51
4016,528
4016,549
4016,566
4016,584
4016,602
4016,621
4016,639
4016,659
4016,677
4016,694
4016,712
4016,729
4016,747
4016,765
4016,782
4016,8
4016,818
4016,836
4016,853
4016,872
4016,889
4016,908
4016,927
4016,945
4016,964
4016,983
4017
4017,018
4017,035
4017,052
4017,067
4017,083
4017,1
4017,115
4017,131
4017,148
4017,164
4017,181
4017,198
4017,215
4017,231
4017,248
4017,265
4017,282
4017,298
4017,315
4017,331
4017,348
4017,364
4017,38
4017,398
4017,416
4017,434
4017,452
4017,469
4017,487
4017,504
4017,522
4017,538
4017,555
4017,573
4017,593
4017,612
4017,632
4017,652
4017,67
4017,688
4017,705
4017,725
4017,745
4017,763
4017,78
4017,798
4017,815
4017,833
4017,85
4017,868
4017,885
4017,902
4017,918
4017,937
4017,957
4017,975
4017,994
4018,011
4018,029
4018,048
4018,065
4018,083
4018,102
4018,119
4018,136
4018,153
4018,168
4018,185
4018,203
4018,219
4018,236
4018,252
4018,269
4018,286
4018,303
4018,32
4018,337
4018,353
4018,37
4018,387
4018,403
4018,42
4018,439
4018,456
4018,475
4018,491
4018,509
4018,526
4018,544
4018,562
4018,58
4018,599
4018,616
4018,632
4018,648
4018,666
4018,683
4018,7
4018,716
4018,733
4018,749
4018,767
4018,783
4018,799
4018,814
4018,833
4018,85
4018,866
4018,884
4018,901
4018,917
4018,935
4018,952
4018,968
4018,985
4019
4019,016
4019,032
4019,05
4019,067
4019,084
4019,102
4019,12
4019,136
4019,154
4019,169
4019,187
4019,209
4019,227
4019,245
4019,264
4019,283
4019,302
4019,321
4019,34
4019,358
4019,376
4019,395
4019,413
4019,431
4019,449
4019,469
4019,487
4019,507
4019,524
4019,542
4019,561
4019,581
4019,6
4019,62
4019,639
4019,658
4019,675
4019,693
4019,712
4019,733
4019,751
4019,768
4019,787
4019,809
4019,828
4019,928
4019,944
4019,96
4019,976
4019,993
4020,008
4020,029
4020,05
4020,068
4020,088
4020,107
4020,125
4020,144
4020,16
4020,177
4020,196
4020,213
4020,231
4020,248
4020,266
4020,282
4020,3
4020,319
4020,34
4020,357
4020,374
4020,391
4020,408
4020,426
4020,443
4020,46
4020,477
4020,495
4020,514
4020,532
4020,55
4020,568
4020,586
4020,604
4020,623
4020,644
4020,663
4020,682
4020,699
4020,717
4020,736
4020,754
4020,772
4020,79
4020,808
4020,826
4020,843
4020,859
4020,876
4020,894
4020,91
4020,928
4020,945
4020,963
4020,98
4020,999
4021,016
4021,034
4021,052
4021,071
4021,088
4021,107
4021,125
4021,143
4021,163
4021,181
4021,198
4021,215
4021,233
4021,251
4021,269
4021,286
4021,305
4021,323
4021,342
4021,359
4021,377
4021,395
4021,412
4021,43
4021,448
4021,466
4021,483
4021,503
4021,522
4021,54
4021,559
4021,577
4021,596
4021,615
4021,635
4021,655
4021,674
4021,692
4021,709
4021,726
4021,744
4021,763
4021,782
4021,8
4021,818
4021,835
4021,853
4021,871
4021,892
4021,91
4021,928
4021,947
4021,966
4021,984
4022,003
4022,024
4022,042
4022,061
4022,079
4022,097
4022,115
4022,133
4022,153
4022,17
4022,189
4022,208
4022,228
4022,246
4022,264
4022,282
4022,3
4022,319
4022,337
4022,356
4022,375
4022,393
4022,411
4022,431
4022,45
4022,468
4022,486
4022,503
4022,521
4022,538
4022,555
4022,572
4022,588
4022,605
4022,622
4022,636
4022,653
4022,667
4022,684
4022,699
4022,715
4022,732
4022,749
4022,766
4022,781
4022,8
4022,822
4022,839
4022,856
4022,873
4022,889
4022,906
4022,922
4022,939
4022,956
4022,973
4022,989
4023,007
4023,024
4023,041
4023,059
4023,078
4023,097
4023,114
4023,131
4023,147
4023,164
4023,182
4023,201
4023,219
4023,236
4023,252
4023,27
4023,287
4023,306
4023,324
4023,342
4023,359
4023,375
4023,393
4023,411
4023,428
4023,447
4023,466
4023,483
4023,501
4023,519
4023,535
4023,553
4023,57
4023,588
4023,605
4023,622
4023,638
4023,655
4023,673
4023,692
4023,71
4023,727
4023,745
4023,762
4023,779
4023,798
4023,815
4023,833
4023,85
4023,868
4023,887
4023,906
4023,923
4023,941
4023,959
4023,977
4023,994
4024,011
4024,029
4024,047
4024,064
4024,082
4024,1
4024,118
4024,136
4024,154
4024,172
4024,191
4024,209
4024,226
4024,243
4024,261
4024,279
4024,295
4024,313
4024,331
4024,348
4024,365
4024,383
4024,401
4024,417
4024,435
4024,453
4024,47
4024,487
4024,505
4024,522
4024,539
4024,557
4024,575
4024,592
4024,608
4024,625
4024,642
4024,661
4024,678
4024,696
4024,715
4024,736
4024,755
4024,776
4024,794
4024,811
4024,829
4024,845
4024,861
4024,879
4024,895
4024,911
4024,928
4024,943
4024,961
4024,978
4024,996
4025,012
4025,03
4025,048
4025,066
4025,083
4025,1
4025,117
4025,135
4025,152
4025,171
4025,189
4025,207
4025,225
4025,242
4025,259
4025,277
4025,294
4025,313
4025,33
4025,348
4025,365
4025,382
4025,399
4025,417
4025,434
4025,452
4025,47
4025,487
4025,506
4025,525
4025,543
4025,562
4025,579
4025,596
4025,614
4025,632
4025,65
4025,668
4025,686
4025,703
4025,72
4025,74
4025,758
4025,776
4025,793
4025,811
4025,829
4025,847
4025,865
4025,885
4025,903
4025,921
4025,938
4025,956
4025,974
4025,993
4026,011
4026,029
4026,046
4026,063
4026,081
4026,099
4026,118
4026,138
4026,156
4026,174
4026,19
4026,207
4026,225
4026,242
4026,261
4026,279
4026,297
4026,317
4026,334
4026,351
4026,369
4026,386
4026,403
4026,421
4026,439
4026,457
4026,475
4026,494
4026,513
4026,531
4026,551
4026,57
4026,587
4026,606
4026,623
4026,64
4026,659
4026,676
4026,695
4026,713
4026,731
4026,75
4026,767
4026,786
4026,803
4026,822
4026,84
4026,858
4026,876
4026,893
4026,91
4026,929
4026,947
4026,965
4026,983
4027,002
4027,021
4027,041
4027,058
4027,077
4027,096
4027,115
4027,133
4027,153
4027,173
4027,19
4027,207
4027,224
4027,242
4027,26
4027,278
4027,295
4027,313
4027,331
4027,348
4027,366
4027,385
4027,402
4027,422
4027,439
4027,457
4027,475
4027,492
4027,512
4027,53
4027,547
4027,564
4027,581
4027,599
4027,616
4027,634
4027,651
4027,669
4027,687
4027,704
4027,721
4027,74
4027,757
4027,775
4027,793
4027,811
4027,829
4027,846
4027,863
4027,881
4027,898
4027,916
4027,933
4027,951
4027,97
4027,989
4028,008
4028,026
4028,043
4028,061
4028,079
4028,098
4028,118
4028,135
4028,152
4028,17
4028,187
4028,204
4028,22
4028,238
4028,256
4028,274
4028,292
4028,309
4028,327
4028,344
4028,361
4028,379
4028,396
4028,414
4028,432
4028,45
4028,467
4028,485
4028,504
4028,522
4028,542
4028,56
4028,577
4028,594
4028,611
4028,628
4028,644
4028,661
4028,677
4028,694
4028,709
4028,726
4028,743
4028,761
4028,777
4028,794
4028,811
4028,829
4028,847
4028,863
4028,879
4028,895
4028,912
4028,929
4028,946
4028,961
4028,979
4028,996
4029,013
4029,029
4029,047
4029,064
4029,081
4029,099
4029,117
4029,135
4029,152
4029,168
4029,186
4029,204
4029,221
4029,239
4029,257
4029,274
4029,292
4029,309
4029,327
4029,345
4029,363
4029,38
4029,397
4029,415
4029,432
4029,449
4029,467
4029,484
4029,501
4029,52
4029,537
4029,554
4029,572
4029,589
4029,606
4029,623
4029,642
4029,661
4029,678
4029,697
4029,716
4029,733
4029,75
4029,77
4029,786
4029,804
4029,823
4029,84
4029,857
4029,876
4029,893
4029,912
4029,928
4029,946
4029,964
4029,98
4029,999
4030,016
4030,033
4030,051
4030,07
4030,088
4030,107
4030,124
4030,142
4030,159
4030,177
4030,196
4030,213
4030,23
4030,249
4030,266
4030,283
4030,301
4030,319
4030,337
4030,355
4030,372
4030,39
4030,408
4030,424
4030,441
4030,459
4030,477
4030,495
4030,516
4030,533
4030,551
4030,569
4030,587
4030,603
4030,619
4030,637
4030,655
4030,672
4030,689
4030,705
4030,723
4030,74
4030,758
4030,776
4030,792
4030,808
4030,826
4030,844
4030,862
4030,878
4030,896
4030,913
4030,93
4030,947
4030,964
4030,981
4030,998
4031,016
4031,033
4031,051
4031,067
4031,086
4031,104
4031,121
4031,138
4031,156
4031,174
4031,19
4031,207
4031,225
4031,244
4031,26
4031,278
4031,295
4031,312
4031,329
4031,347
4031,363
4031,379
4031,396
4031,411
4031,429
4031,447
4031,463
4031,479
4031,497
4031,513
4031,53
4031,545
4031,561
4031,578
4031,595
4031,615
4031,631
4031,648
4031,667
4031,684
4031,701
4031,717
4031,733
4031,75
4031,768
4031,784
4031,801
4031,821
4031,838
4031,854
4031,873
4031,889
4031,906
4031,923
4031,94
4031,957
4031,976
4031,995
4032,014
4032,033
4032,051
4032,068
4032,086
4032,104
4032,121
4032,138
4032,157
4032,18
4032,199
4032,217
4032,238
4032,254
4032,273
4032,292
4032,31
4032,33
4032,35
4032,369
4032,389
4032,408
4032,426
4032,446
4032,464
4032,482
4032,5
4032,52
4032,538
4032,558
4032,576
4032,595
4032,614
4032,631
4032,65
4032,668
4032,69
4032,712
4032,73
4032,747
4032,765
4032,782
4032,801
4032,821
4032,838
4032,856
4032,874
4032,893
4032,911
4032,929
4032,949
4032,967
4032,986
4033,002
4033,02
4033,038
4033,057
4033,074
4033,092
4033,11
4033,128
4033,147
4033,166
4033,183
4033,202
4033,221
4033,24
4033,258
4033,275
4033,292
4033,31
4033,328
4033,345
4033,364
4033,384
4033,403
4033,422
4033,441
4033,46
4033,479
4033,499
4033,518
4033,538
4033,556
4033,574
4033,592
4033,608
4033,626
4033,644
4033,662
4033,68
4033,698
4033,715
4033,734
4033,754
4033,773
4033,792
4033,812
4033,832
4033,849
4033,868
4033,888
4033,906
4033,926
4033,945
4033,963
4033,98
4033,998
4034,016
4034,034
4034,052
4034,071
4034,091
4034,111
4034,129
4034,148
4034,167
4034,186
4034,206
4034,223
4034,244
4034,262
4034,281
4034,299
4034,317
4034,333
4034,352
4034,371
4034,39
4034,41
4034,428
4034,447
4034,466
4034,483
4034,5
4034,518
4034,535
4034,555
4034,572
4034,59
4034,606
4034,625
4034,642
4034,658
4034,676
4034,693
4034,711
4034,73
4034,747
4034,764
4034,78
4034,797
4034,814
4034,832
4034,85
4034,867
4034,885
4034,901
4034,918
4034,936
4034,954
4034,972
4034,99
4035,008
4035,026
4035,044
4035,062
4035,079
4035,096
4035,115
4035,133
4035,152
4035,169
4035,188
4035,206
4035,224
4035,242
4035,261
