1644,294
1644,313
1644,329
1644,344
1644,359
1644,372
1644,385
1644,397
1644,412
1644,426
1644,442
1644,458
1644,471
1644,483
1644,497
1644,513
1644,526
1644,54
1644,554
1644,566
1644,58
1644,595
1644,609
1644,623
1644,636
1644,65
1644,664
1644,679
1644,694
1644,708
1644,723
1644,736
1644,75
1644,763
1644,777
1644,793
1644,807
1644,82
1644,832
1644,845
1644,86
1644,878
1644,892
1644,905
1644,917
1644,931
1644,947
1644,964
1644,98
1644,995
1645,007
1645,021
1645,034
1645,047
1645,062
1645,077
1645,093
1645,105
1645,12
1645,134
1645,147
1645,164
1645,181
1645,196
1645,21
1645,226
1645,243
1645,259
1645,274
1645,29
1645,305
1645,32
1645,333
1645,348
1645,364
1645,379
1645,396
1645,41
1645,424
1645,439
1645,454
1645,468
1645,48
1645,495
1645,508
1645,522
1645,538
1645,553
1645,569
1645,586
1645,602
1645,617
1645,632
1645,648
1645,664
1645,679
1645,691
1645,706
1645,72
1645,733
1645,748
1645,763
1645,781
1645,798
1645,814
1645,83
1645,846
1645,862
1645,877
1645,891
1645,906
1645,921
1645,937
1645,951
1645,965
1645,979
1645,994
1646,008
1646,021
1646,035
1646,049
1646,063
1646,082
1646,098
1646,115
1646,133
1646,152
1646,17
1646,187
1646,205
1646,224
1646,242
1646,26
1646,279
1646,296
1646,314
1646,332
1646,348
1646,365
1646,381
1646,399
1646,414
1646,43
1646,448
1646,465
1646,482
1646,498
1646,514
1646,531
1646,547
1646,563
1646,58
1646,595
1646,611
1646,628
1646,644
1646,662
1646,679
1646,696
1646,713
1646,731
1646,749
1646,766
1646,785
1646,802
1646,819
1646,835
1646,848
1646,862
1646,879
1646,894
1646,91
1646,924
1646,939
1646,952
1646,963
1646,977
1646,992
1647,004
1647,019
1647,031
1647,045
1647,06
1647,073
1647,086
1647,098
1647,111
1647,124
1647,138
1647,155
1647,172
1647,189
1647,207
1647,226
1647,245
1647,263
1647,281
1647,3
1647,317
1647,335
1647,352
1647,37
1647,387
1647,403
1647,42
1647,434
1647,45
1647,467
1647,486
1647,503
1647,519
1647,533
1647,547
1647,562
1647,576
1647,591
1647,607
1647,622
1647,637
1647,652
1647,668
1647,683
1647,698
1647,713
1647,729
1647,745
1647,76
1647,774
1647,788
1647,799
1647,813
1647,827
1647,841
1647,855
1647,866
1647,879
1647,892
1647,909
1647,922
1647,935
1647,948
1647,962
1647,974
1647,989
1648,002
1648,014
1648,03
1648,046
1648,061
1648,075
1648,088
1648,101
1648,113
1648,127
1648,14
1648,153
1648,164
1648,18
1648,193
1648,206
1648,22
1648,233
1648,246
1648,26
1648,274
1648,286
1648,299
1648,315
1648,331
1648,348
1648,363
1648,38
1648,394
1648,408
1648,424
1648,439
1648,454
1648,47
1648,485
1648,499
1648,511
1648,525
1648,54
1648,556
1648,57
1648,585
1648,602
1648,614
1648,633
1648,649
1648,667
1648,685
1648,705
1648,723
1648,74
1648,759
1648,777
1648,794
1648,812
1648,829
1648,846
1648,863
1648,881
1648,898
1648,916
1648,932
1648,949
1648,964
1648,98
1648,996
1649,013
1649,03
1649,044
1649,057
1649,07
1649,083
1649,096
1649,11
1649,124
1649,138
1649,149
1649,162
1649,176
1649,191
1649,203
1649,216
1649,231
1649,245
1649,261
1649,276
1649,291
1649,307
1649,323
1649,337
1649,35
1649,363
1649,377
1649,391
1649,406
1649,421
1649,436
1649,452
1649,468
1649,486
1649,505
1649,522
1649,539
1649,554
1649,57
1649,585
1649,598
1649,61
1649,625
1649,639
1649,654
1649,668
1649,682
1649,697
1649,711
1649,724
1649,738
1649,749
1649,763
1649,776
1649,79
1649,804
1649,816
1649,829
1649,842
1649,855
1649,868
1649,88
1649,895
1649,907
1649,92
1649,932
1649,946
1649,959
1649,972
1649,985
1649,998
1650,012
1650,025
1650,039
1650,053
1650,065
1650,078
1650,091
1650,104
1650,119
1650,132
1650,147
1650,163
1650,179
1650,195
1650,211
1650,226
1650,241
1650,257
1650,272
1650,288
1650,303
1650,315
1650,329
1650,344
1650,357
1650,37
1650,385
1650,397
1650,41
1650,424
1650,439
1650,451
1650,464
1650,477
1650,491
1650,505
1650,521
1650,535
1650,548
1650,563
1650,582
1650,599
1650,617
1650,637
1650,654
1650,673
1650,69
1650,707
1650,725
1650,744
1650,76
1650,777
1650,794
1650,811
1650,829
1650,845
1650,863
1650,879
1650,895
1650,911
1650,928
1650,944
1650,958
1650,972
1650,984
1650,998
1651,012
1651,026
1651,042
1651,057
1651,071
1651,086
1651,101
1651,115
1651,13
1651,147
1651,165
1651,179
1651,195
1651,21
1651,225
1651,24
1651,255
1651,27
1651,284
1651,296
1651,31
1651,324
1651,339
1651,352
1651,364
1651,378
1651,394
1651,407
1651,422
1651,436
1651,448
1651,463
1651,476
1651,49
1651,505
1651,522
1651,538
1651,551
1651,562
1651,576
1651,59
1651,603
1651,615
1651,63
1651,645
1651,66
1651,676
1651,691
1651,707
1651,722
1651,735
1651,747
1651,761
1651,774
1651,787
1651,8
1651,814
1651,829
1651,844
1651,857
1651,873
1651,888
1651,903
1651,919
1651,932
1651,947
1651,963
1651,981
1651,999
1652,019
1652,036
1652,055
1652,073
1652,091
1652,108
1652,126
1652,144
1652,161
1652,178
1652,196
1652,213
1652,23
1652,249
1652,264
1652,281
1652,296
1652,312
1652,328
1652,345
1652,361
1652,377
1652,393
1652,409
1652,422
1652,437
1652,449
1652,463
1652,478
1652,493
1652,508
1652,524
1652,54
1652,554
1652,566
1652,58
1652,594
1652,607
1652,621
1652,635
1652,647
1652,663
1652,678
1652,692
1652,706
1652,719
1652,734
1652,749
1652,765
1652,781
1652,797
1652,813
1652,829
1652,843
1652,86
1652,875
1652,891
1652,907
1652,921
1652,937
1652,952
1652,968
1652,98
1652,995
1653,009
1653,024
1653,038
1653,049
1653,065
1653,082
1653,099
1653,119
1653,135
1653,155
1653,172
1653,19
1653,209
1653,228
1653,245
1653,264
1653,281
1653,299
1653,316
1653,334
1653,351
1653,369
1653,384
1653,401
1653,415
1653,431
1653,449
1653,465
1653,478
1653,491
1653,504
1653,521
1653,536
1653,548
1653,561
1653,575
1653,588
1653,603
1653,616
1653,629
1653,644
1653,661
1653,678
1653,692
1653,708
1653,723
1653,739
1653,754
1653,769
1653,784
1653,801
1653,816
1653,831
1653,847
1653,863
1653,879
1653,897
1653,912
1653,927
1653,941
1653,954
1653,967
1653,98
1653,996
1654,011
1654,024
1654,037
1654,049
1654,063
1654,078
1654,091
1654,104
1654,116
1654,128
1654,143
1654,157
1654,17
1654,185
1654,2
1654,214
1654,227
1654,241
1654,253
1654,265
1654,28
1654,295
1654,309
1654,323
1654,339
1654,352
1654,366
1654,379
1654,394
1654,408
1654,424
1654,439
1654,454
1654,469
1654,486
1654,501
1654,515
1654,531
1654,548
1654,564
1654,582
1654,599
1654,615
1654,633
1654,652
1654,669
1654,686
1654,704
1654,722
1654,742
1654,759
1654,777
1654,795
1654,813
1654,831
1654,848
1654,864
1654,88
1654,899
1654,914
1654,931
1654,946
1654,962
1654,978
1654,994
1655,009
1655,025
1655,041
1655,056
1655,072
1655,087
1655,1
1655,114
1655,128
1655,142
1655,157
1655,171
1655,185
1655,197
1655,21
1655,224
1655,239
1655,251
1655,264
1655,277
1655,291
1655,305
1655,318
1655,331
1655,346
1655,361
1655,376
1655,389
1655,407
1655,423
1655,44
1655,455
1655,469
1655,484
1655,498
1655,512
1655,527
1655,546
1655,563
1655,578
1655,593
1655,607
1655,62
1655,635
1655,648
1655,662
1655,676
1655,692
1655,709
1655,727
1655,744
1655,765
1655,785
1655,803
1655,821
1655,837
1655,855
1655,872
1655,89
1655,907
1655,922
1655,938
1655,954
1655,97
1655,986
1656,002
1656,019
1656,035
1656,049
1656,065
1656,079
1656,092
1656,106
1656,12
1656,132
1656,145
1656,16
1656,174
1656,186
1656,199
1656,213
1656,228
1656,241
1656,255
1656,268
1656,281
1656,294
1656,307
1656,322
1656,336
1656,353
1656,37
1656,386
1656,401
1656,414
1656,429
1656,445
1656,46
1656,476
1656,492
1656,509
1656,526
1656,542
1656,56
1656,577
1656,593
1656,608
1656,623
1656,637
1656,652
1656,663
1656,677
1656,693
1656,707
1656,72
1656,732
1656,745
1656,76
1656,773
1656,786
1656,799
1656,813
1656,827
1656,841
1656,854
1656,865
1656,88
1656,895
1656,911
1656,927
1656,942
1656,958
1656,971
1656,985
1656,999
1657,012
1657,026
1657,042
1657,056
1657,07
1657,082
1657,097
1657,112
1657,129
1657,145
1657,161
1657,178
1657,194
1657,209
1657,23
1657,247
1657,264
1657,284
1657,304
1657,322
1657,339
1657,358
1657,375
1657,393
1657,41
1657,427
1657,444
1657,461
1657,478
1657,495
1657,511
1657,527
1657,545
1657,561
1657,58
1657,597
1657,614
1657,63
1657,644
1657,658
1657,672
1657,69
1657,703
1657,718
1657,73
1657,744
1657,759
1657,773
1657,787
1657,799
1657,813
1657,827
1657,84
1657,852
1657,865
1657,879
1657,893
1657,906
1657,92
1657,935
1657,948
1657,961
1657,976
1657,991
1658,005
1658,019
1658,034
1658,05
1658,065
1658,08
1658,094
1658,111
1658,128
1658,142
1658,158
1658,174
1658,189
1658,204
1658,22
1658,235
1658,249
1658,263
1658,279
1658,295
1658,311
1658,325
1658,34
1658,354
1658,371
1658,389
1658,406
1658,426
1658,444
1658,463
1658,48
1658,498
1658,516
1658,535
1658,551
1658,568
1658,586
1658,604
1658,619
1658,635
1658,651
1658,668
1658,684
1658,7
1658,714
1658,73
1658,746
1658,76
1658,775
1658,788
1658,802
1658,815
1658,828
1658,844
1658,859
1658,875
1658,89
1658,904
1658,92
1658,935
1658,951
1658,964
1658,977
1658,989
1659,003
1659,015
1659,027
1659,043
1659,059
1659,073
1659,088
1659,102
1659,117
1659,128
1659,143
1659,157
1659,17
1659,183
1659,195
1659,21
1659,222
1659,235
1659,248
1659,261
1659,275
1659,289
1659,304
1659,317
1659,328
1659,343
1659,358
1659,37
1659,384
1659,398
1659,411
1659,425
1659,439
1659,453
1659,468
1659,48
1659,495
1659,509
1659,523
1659,537
1659,549
1659,562
1659,577
1659,593
1659,608
1659,622
1659,637
1659,649
1659,663
1659,677
1659,69
1659,703
1659,715
1659,73
1659,747
1659,762
1659,777
1659,792
1659,808
1659,822
1659,837
1659,851
1659,865
1659,881
1659,897
1659,911
1659,929
1659,946
1659,963
1659,979
1659,995
1660,012
1660,027
1660,042
1660,057
1660,071
1660,085
1660,097
1660,111
1660,124
1660,138
1660,153
1660,166
1660,18
1660,193
1660,207
1660,22
1660,234
1660,245
1660,259
1660,272
1660,286
1660,298
1660,313
1660,335
1660,35
1660,364
1660,379
1660,395
1660,41
1660,423
1660,438
1660,452
1660,464
1660,476
1660,49
1660,504
1660,517
1660,529
1660,544
1660,559
1660,573
1660,589
1660,607
1660,623
1660,637
1660,652
1660,669
1660,688
1660,705
1660,721
1660,74
1660,758
1660,776
1660,794
1660,812
1660,829
1660,848
1660,864
1660,88
1660,896
1660,913
1660,93
1660,946
1660,962
1660,979
1660,995
1661,011
1661,027
1661,045
1661,063
1661,08
1661,094
1661,107
1661,122
1661,136
1661,149
1661,162
1661,176
1661,191
1661,204
1661,218
1661,229
1661,242
1661,256
1661,271
1661,284
1661,295
1661,308
1661,321
1661,335
1661,351
1661,364
1661,379
1661,393
1661,407
1661,421
1661,434
1661,445
1661,46
1661,473
1661,488
1661,501
1661,518
1661,533
1661,55
1661,563
1661,578
1661,594
1661,612
1661,63
1661,647
1661,661
1661,678
1661,696
1661,714
1661,735
1661,753
1661,773
1661,789
1661,807
1661,824
1661,843
1661,86
1661,877
1661,893
1661,909
1661,925
1661,941
1661,957
1661,974
1661,991
1662,008
1662,026
1662,043
1662,06
1662,075
1662,091
1662,106
1662,121
1662,135
1662,15
1662,162
1662,176
1662,19
1662,203
1662,215
1662,228
1662,241
1662,254
1662,267
1662,279
1662,293
1662,307
1662,323
1662,34
1662,355
1662,371
1662,388
1662,402
1662,417
1662,433
1662,447
1662,463
1662,478
1662,491
1662,505
1662,519
1662,53
1662,544
1662,558
1662,571
1662,584
1662,596
1662,611
1662,628
1662,643
1662,656
1662,67
1662,683
1662,695
1662,709
1662,724
1662,738
1662,75
1662,763
1662,779
1662,792
1662,807
1662,821
1662,834
1662,846
1662,859
1662,872
1662,885
1662,897
1662,911
1662,926
1662,939
1662,954
1662,969
1662,981
1662,995
1663,008
1663,024
1663,038
1663,05
1663,064
1663,078
1663,094
1663,106
1663,119
1663,131
1663,144
1663,158
1663,17
1663,183
1663,196
1663,21
1663,225
1663,241
1663,258
1663,274
1663,291
1663,308
1663,324
1663,341
1663,358
1663,375
1663,392
1663,409
1663,425
1663,443
1663,46
1663,476
1663,493
1663,511
1663,527
1663,544
1663,56
1663,576
1663,595
1663,61
1663,628
1663,645
1663,661
1663,676
1663,691
1663,708
1663,724
1663,741
1663,757
1663,771
1663,788
1663,805
1663,822
1663,839
1663,854
1663,872
1663,89
1663,907
1663,924
1663,941
1663,959
1663,975
1663,992
1664,008
1664,025
1664,041
1664,058
1664,074
1664,091
1664,107
1664,121
1664,136
1664,152
1664,168
1664,187
1664,201
1664,218
1664,234
1664,25
1664,263
1664,279
1664,295
1664,311
1664,327
1664,341
1664,356
1664,371
1664,384
1664,397
1664,41
1664,424
1664,439
1664,452
1664,465
1664,477
1664,491
1664,505
1664,518
1664,53
1664,544
1664,557
1664,57
1664,583
1664,595
1664,609
1664,622
1664,637
1664,653
1664,667
1664,683
1664,696
1664,71
1664,724
1664,741
1664,757
1664,771
1664,788
3423,403
3423,422
3423,441
3423,46
3423,479
3423,497
3423,514
3423,531
3423,55
3423,569
3423,585
3423,604
3423,623
3423,642
3423,661
3423,679
3423,698
3423,718
3423,737
3423,757
3423,777
3423,795
3423,813
3423,832
3423,851
3423,871
3423,889
3423,907
3423,925
3423,942
3423,96
3423,978
3423,997
3424,015
3424,032
3424,049
3424,067
3424,086
3424,104
3424,121
3424,139
3424,158
3424,175
3424,193
3424,21
3424,228
3424,246
3424,264
3424,281
3424,3
3424,318
3424,337
3424,356
3424,375
3424,393
3424,411
3424,429
3424,446
3424,464
3424,482
3424,499
3424,518
3424,535
3424,552
3424,569
3424,587
3424,604
3424,705
3424,723
3424,74
3424,758
3424,776
3424,794
3424,812
3424,829
3424,847
3424,865
3424,884
3424,902
3424,92
3424,938
3424,956
3424,972
3424,989
3425,007
3425,026
3425,044
3425,063
3425,08
3425,098
3425,116
3425,135
3425,155
3425,174
3425,194
3425,213
3425,231
3425,25
3425,267
3425,284
3425,302
3425,32
3425,338
3425,356
3425,374
3425,394
3425,414
3425,435
3425,451
3425,47
3425,488
3425,507
3425,525
3425,543
3425,561
3425,579
3425,598
3425,617
3425,637
3425,655
3425,672
3425,692
3425,71
3425,727
3425,746
3425,763
3425,781
3425,799
3425,816
3425,833
3425,851
3425,87
3425,888
3425,907
3425,925
3425,943
3425,962
3425,979
3425,998
3426,016
3426,034
3426,05
3426,069
3426,087
3426,104
3426,122
3426,14
3426,158
3426,177
3426,195
3426,213
3426,231
3426,248
3426,267
3426,284
3426,302
3426,32
3426,339
3426,356
3426,376
3426,394
3426,413
3426,431
3426,449
3426,467
3426,484
3426,502
3426,521
3426,538
3426,556
3426,576
3426,594
3426,611
3426,628
3426,646
3426,663
3426,679
3426,695
3426,713
3426,73
3426,747
3426,766
3426,784
3426,801
3426,819
3426,837
3426,854
3426,871
3426,89
3426,907
3426,925
3426,943
3426,961
3426,981
3426,997
3427,015
3427,032
3427,049
3427,065
3427,082
3427,099
3427,117
3427,135
3427,155
3427,173
3427,19
3427,207
3427,224
3427,243
3427,261
3427,28
3427,296
3427,315
3427,333
3427,352
3427,369
3427,387
3427,405
3427,423
3427,443
3427,46
3427,478
3427,495
3427,513
3427,531
3427,548
3427,566
3427,583
3427,602
3427,621
3427,638
3427,656
3427,674
3427,692
3427,71
3427,728
3427,745
3427,763
3427,781
3427,798
3427,816
3427,834
3427,852
3427,871
3427,889
3427,907
3427,925
3427,943
3427,961
3427,979
3427,996
3428,013
3428,031
3428,048
3428,066
3428,083
3428,102
3428,122
3428,139
3428,156
3428,173
3428,191
3428,209
3428,227
3428,245
3428,264
3428,282
3428,3
3428,318
3428,336
3428,353
3428,37
3428,386
3428,406
3428,424
3428,443
3428,462
3428,478
3428,493
3428,51
3428,527
3428,543
3428,561
3428,578
3428,594
3428,61
3428,627
3428,644
3428,662
3428,678
3428,696
3428,712
3428,729
3428,745
3428,762
3428,779
3428,796
3428,814
3428,832
3428,85
3428,867
3428,885
3428,902
3428,921
3428,939
3428,957
3428,974
3428,991
3429,009
3429,026
3429,044
3429,063
3429,08
3429,097
3429,115
3429,133
3429,15
3429,169
3429,186
3429,204
3429,222
3429,239
3429,257
3429,274
3429,292
3429,309
3429,328
3429,346
3429,363
3429,381
3429,399
3429,417
3429,434
3429,454
3429,472
3429,491
3429,508
3429,527
3429,545
3429,563
3429,58
3429,598
3429,615
3429,633
3429,65
3429,669
3429,686
3429,704
3429,721
3429,739
3429,757
3429,775
3429,794
3429,813
3429,832
3429,851
3429,87
3429,888
3429,906
3429,923
3429,942
3429,961
3429,981
3430
3430,018
3430,036
3430,055
3430,075
3430,093
3430,111
3430,13
3430,147
3430,165
3430,184
3430,204
3430,221
3430,24
3430,256
3430,273
3430,292
3430,31
3430,33
3430,348
3430,366
3430,386
3430,407
3430,426
3430,445
3430,463
3430,483
3430,502
3430,519
3430,532
3430,549
3430,565
3430,582
3430,6
3430,618
3430,637
3430,655
3430,674
3430,692
3430,712
3430,731
3430,75
3430,768
3430,787
3430,807
3430,825
3430,845
3430,864
3430,881
3430,899
3430,918
3430,938
3430,957
3430,976
3430,995
3431,012
3431,029
3431,047
3431,065
3431,083
3431,102
3431,121
3431,139
3431,158
3431,176
3431,196
3431,216
3431,235
3431,258
3431,277
3431,296
3431,314
3431,333
3431,352
3431,371
3431,389
3431,407
3431,426
3431,446
3431,464
3431,483
3431,503
3431,522
3431,541
3431,561
3431,58
3431,598
3431,615
3431,634
3431,652
3431,669
3431,688
3431,706
3431,724
3431,743
3431,761
3431,779
3431,797
3431,816
3431,834
3431,852
3431,871
3431,889
3431,907
3431,925
3431,943
3431,964
3431,983
3432
3432,02
3432,038
3432,056
3432,075
3432,093
3432,111
3432,129
3432,147
3432,166
3432,183
3432,201
3432,218
3432,236
3432,255
3432,273
3432,291
3432,31
3432,329
3432,347
3432,365
3432,383
3432,401
3432,42
3432,438
3432,455
3432,473
3432,49
3432,51
3432,527
3432,547
3432,565
3432,582
3432,6
3432,618
3432,637
3432,654
3432,673
3432,692
3432,71
3432,728
3432,745
3432,763
3432,781
3432,801
3432,82
3432,837
3432,854
3432,872
3432,892
3432,91
3432,928
3432,944
3432,963
3432,981
3433,001
3433,02
3433,038
3433,056
3433,074
3433,092
3433,111
3433,129
3433,147
3433,166
3433,183
3433,201
3433,219
3433,236
3433,255
3433,273
3433,293
3433,311
3433,332
3433,35
3433,37
3433,389
3433,408
3433,427
3433,446
3433,465
3433,483
3433,501
3433,519
3433,536
3433,554
3433,572
3433,59
3433,608
3433,627
3433,646
3433,664
3433,682
3433,7
3433,719
3433,737
3433,755
3433,772
3433,791
3433,809
3433,826
3433,844
3433,861
3433,878
3433,896
3433,914
3433,936
3433,952
3433,97
3433,988
3434,006
3434,023
3434,041
3434,06
3434,078
3434,096
3434,114
3434,133
3434,15
3434,167
3434,185
3434,203
3434,224
3434,243
3434,26
3434,278
3434,295
3434,313
3434,332
3434,352
3434,368
3434,385
3434,402
3434,419
3434,436
3434,452
3434,47
3434,489
3434,506
3434,523
3434,541
3434,56
3434,578
3434,597
3434,614
3434,63
3434,647
3434,665
3434,681
3434,699
3434,715
3434,731
3434,746
3434,762
3434,78
3434,798
3434,817
3434,835
3434,854
3434,873
3434,891
3434,91
3434,928
3434,946
3434,965
3434,984
3435,002
3435,02
3435,039
3435,058
3435,077
3435,095
3435,115
3435,133
3435,151
3435,169
3435,187
3435,206
3435,224
3435,241
3435,262
3435,279
3435,296
3435,314
3435,332
3435,351
3435,37
3435,388
3435,406
3435,427
3435,445
3435,466
3435,486
3435,505
3435,524
3435,543
3435,563
3435,582
3435,602
3435,622
3435,643
3435,661
3435,679
3435,698
3435,718
3435,736
3435,755
3435,771
3435,788
3435,806
3435,825
3435,844
3435,864
3435,883
3435,902
3435,921
3435,94
3435,959
3435,978
3435,996
3436,015
3436,035
3436,054
3436,073
3436,093
3436,111
3436,129
3436,148
3436,168
3436,185
3436,203
3436,221
3436,241
3436,256
3436,272
3436,29
3436,308
3436,325
3436,344
3436,362
3436,379
3436,396
3436,414
3436,432
3436,449
3436,469
3436,487
3436,504
3436,521
3436,539
3436,556
3436,574
3436,592
3436,609
3436,625
3436,643
3436,659
3436,675
3436,692
3436,709
3436,725
3436,74
3436,756
3436,775
3436,792
3436,811
3436,828
3436,846
3436,865
3436,885
3436,903
3436,92
3436,939
3436,957
3436,974
3436,993
3437,011
3437,03
3437,048
3437,067
3437,085
3437,103
3437,121
3437,139
3437,157
3437,178
3437,197
3437,215
3437,231
3437,249
3437,268
3437,286
3437,304
3437,322
3437,341
3437,359
3437,376
3437,395
3437,412
3437,43
3437,448
3437,465
3437,487
3437,505
3437,523
3437,54
3437,559
3437,576
3437,594
3437,614
3437,632
3437,649
3437,665
3437,684
3437,703
3437,72
3437,738
3437,755
3437,772
3437,789
3437,809
3437,826
3437,842
3437,861
3437,879
3437,896
3437,915
3437,933
3437,951
3437,97
3437,988
3438,006
3438,03
3438,048
3438,065
3438,084
3438,101
3438,118
3438,136
3438,153
3438,168
3438,185
3438,201
3438,218
3438,234
3438,252
3438,271
3438,288
3438,306
3438,324
3438,34
3438,356
3438,373
3438,39
3438,405
3438,421
3438,435
3438,451
3438,467
3438,482
3438,499
3438,515
3438,531
3438,548
3438,564
3438,58
3438,596
3438,612
3438,628
3438,644
3438,66
3438,677
3438,695
3438,71
3438,729
3438,746
3438,763
3438,781
3438,799
3438,817
3438,834
3438,853
3438,87
3438,889
3438,907
3438,924
3438,94
3438,957
3438,975
3438,992
3439,008
3439,025
3439,041
3439,058
3439,075
3439,093
3439,11
3439,126
3439,144
3439,161
3439,178
3439,194
3439,211
3439,228
3439,245
3439,261
3439,277
3439,294
3439,31
3439,325
3439,341
3439,358
3439,375
3439,393
3439,412
3439,429
3439,447
3439,465
3439,483
3439,502
3439,522
3439,539
3439,558
3439,575
3439,592
3439,61
3439,626
3439,645
3439,663
3439,683
3439,701
3439,719
3439,738
3439,754
3439,771
3439,79
3439,806
3439,824
3439,84
3439,857
3439,874
3439,891
3439,908
3439,928
3439,946
3439,964
3439,984
3440,002
3440,021
3440,039
3440,056
3440,074
3440,092
3440,11
3440,126
3440,143
3440,161
3440,178
3440,195
3440,213
3440,233
3440,25
3440,268
3440,286
3440,303
3440,322
3440,338
3440,354
3440,369
3440,385
3440,402
3440,421
3440,439
3440,457
3440,476
3440,492
3440,511
3440,527
3440,544
3440,559
3440,576
3440,591
3440,606
3440,622
3440,638
3440,654
3440,671
3440,688
3440,704
3440,721
3440,742
3440,76
3440,779
3440,797
3440,814
3440,831
3440,847
3440,863
3440,881
3440,899
3440,915
3440,932
3440,949
3440,969
3440,987
3441,006
3441,023
3441,043
3441,06
3441,078
3441,096
3441,116
3441,133
3441,15
3441,167
3441,185
3441,202
3441,219
3441,236
3441,253
3441,269
3441,285
3441,303
3441,32
3441,338
3441,354
3441,374
3441,392
3441,413
3441,433
3441,451
3441,47
3441,488
3441,506
3441,524
3441,543
3441,563
3441,582
3441,601
3441,618
3441,635
3441,654
3441,672
3441,69
3441,706
3441,728
3441,746
3441,762
3441,78
3441,797
3441,815
3441,834
3441,854
3441,872
3441,892
3441,909
3441,926
3441,943
3441,961
3441,98
3442
3442,018
3442,036
3442,055
3442,074
3442,094
3442,112
3442,129
3442,146
3442,164
3442,181
3442,197
3442,215
3442,233
3442,25
3442,268
3442,286
3442,304
3442,32
3442,336
3442,355
3442,372
3442,387
3442,404
3442,42
3442,436
3442,451
3442,469
3442,487
3442,503
3442,519
3442,533
3442,547
3442,563
3442,579
3442,596
3442,612
3442,629
3442,647
3442,662
3442,678
3442,696
3442,713
3442,73
3442,747
3442,765
3442,785
3442,803
3442,821
3442,838
3442,855
3442,872
3442,891
3442,907
3442,924
3442,939
3442,956
3442,973
3442,991
3443,011
3443,03
3443,046
3443,064
3443,081
3443,098
3443,12
3443,137
3443,155
3443,173
3443,19
3443,208
3443,226
3443,243
3443,26
3443,278
3443,298
3443,314
3443,331
3443,349
3443,365
3443,382
3443,398
3443,415
3443,432
3443,45
3443,467
3443,483
3443,501
3443,519
3443,536
3443,553
3443,57
3443,587
3443,604
3443,623
3443,639
3443,655
3443,672
3443,689
3443,707
3443,724
3443,74
3443,757
3443,774
3443,791
3443,808
3443,826
3443,843
3443,86
3443,876
3443,894
3443,911
3443,931
3443,948
3443,966
3443,982
3444
3444,018
3444,037
3444,053
3444,07
3444,087
3444,105
3444,122
3444,138
3444,156
3444,173
3444,192
3444,211
3444,229
3444,247
3444,264
3444,282
3444,3
3444,318
3444,335
3444,352
3444,367
3444,384
3444,398
3444,414
3444,431
3444,447
3444,462
3444,479
3444,495
3444,516
3444,533
3444,55
3444,564
3444,58
3444,595
3444,611
3444,628
3444,645
3444,661
3444,678
3444,695
3444,711
3444,728
3444,745
3444,761
3444,779
3444,796
3444,812
3444,829
3444,846
3444,863
3444,879
3444,895
3444,913
3444,93
3444,947
3444,965
3444,982
3444,999
3445,017
3445,034
3445,053
3445,07
3445,085
3445,101
3445,118
3445,135
3445,153
3445,17
3445,187
3445,205
3445,221
3445,239
3445,256
3445,273
3445,29
3445,306
3445,323
3445,339
3445,356
3445,374
3445,391
3445,408
3445,426
3445,443
3445,459
3445,476
3445,492
3445,509
3445,526
3445,543
3445,563
3445,58
3445,598
3445,615
3445,633
3445,65
3445,667
3445,684
3445,702
3445,719
3445,736
3445,753
3445,771
3445,788
3445,806
3445,823
3445,84
3445,856
3445,875
3445,893
3445,91
3445,927
3445,944
3445,962
3445,979
3445,996
3446,012
3446,03
3446,049
3446,067
3446,083
3446,101
3446,118
3446,136
3446,153
3446,17
3446,188
3446,206
3446,222
3446,239
3446,256
3446,272
3446,29
3446,306
3446,323
3446,339
3446,355
3446,371
3446,388
3446,404
3446,419
3446,435
3446,451
3446,467
3446,482
3446,499
3446,513
3446,529
3446,544
3446,561
3446,577
3446,592
3446,607
3446,625
3446,642
3446,66
3446,677
3446,693
3446,709
3446,724
3446,74
3446,755
3446,772
3446,79
3446,807
3446,823
3446,84
3446,856
3446,873
3446,891
3446,907
3446,926
3446,942
3446,958
3446,974
3446,992
3447,008
3447,026
3447,043
3447,06
3447,076
3447,096
3447,114
3447,13
3447,15
3447,167
3447,185
3447,202
3447,22
3447,238
3447,254
3447,271
3447,29
3447,308
3447,325
3447,343
3447,361
3447,378
3447,395
3447,412
3447,429
3447,446
3447,463
3447,479
3447,497
3447,514
3447,531
3447,551
3447,569
3447,587
3447,605
3447,624
3447,643
3447,662
3447,681
3447,699
3447,716
3447,733
3447,751
3447,77
3447,789
3447,806
3447,824
3447,843
3447,863
3447,881
3447,9
3447,919
3447,938
3447,957
3447,976
3447,996
3448,014
3448,033
3448,052
3448,071
3448,089
3448,108
3448,128
3448,148
3448,17
3448,188
3448,207
3448,226
3448,244
3448,262
3448,28
3448,298
3448,316
3448,334
3448,351
3448,367
3448,381
3448,397
3448,414
3448,433
3448,45
3448,467
3448,486
3448,5
3448,517
3448,533
3448,552
3448,571
3448,59
3448,605
3448,623
3448,64
3448,663
3448,679
3448,696
3448,712
3448,729
3448,745
3448,761
3448,778
3448,794
3448,811
3448,827
3448,844
3448,862
3448,879
3448,895
3448,914
3448,934
3448,951
3448,969
3448,984
3449
3449,017
3449,034
3449,051
3449,069
3449,086
3449,103
3449,119
3449,136
3449,155
3449,172
3449,191
3449,208
3449,226
3449,242
3449,259
3449,276
3449,294
3449,311
3449,328
3449,345
3449,363
3449,379
3449,396
3449,413
3449,43
3449,446
3449,463
3449,479
3449,497
3449,514
3449,536
3449,555
3449,573
3449,591
3449,608
3449,624
3449,64
3449,659
3449,676
3449,692
3449,71
3449,727
3449,744
3449,761
3449,778
3449,794
3449,812
3449,828
3449,844
3449,861
3449,877
3449,895
3449,912
3449,928
3449,944
3449,961
3449,978
3449,993
3450,011
3450,027
3450,044
3450,062
3450,079
3450,096
3450,114
3450,131
3450,149
3450,167
3450,182
3450,201
3450,218
3450,235
3450,252
3450,269
3450,287
3450,304
3450,323
3450,34
3450,357
3450,374
3450,389
3450,405
3450,422
3450,438
3450,455
3450,471
3450,486
3450,502
3450,518
3450,533
3450,55
3450,565
3450,58
3450,597
3450,614
3450,63
3450,645
3450,661
3450,678
3450,693
3450,709
3450,724
3450,739
3450,755
3450,771
3450,788
3450,804
3450,821
3450,838
3450,853
3450,872
3450,888
3450,904
3450,92
3450,937
3450,954
3450,972
3450,989
3451,005
3451,021
3451,038
3451,054
3451,071
3451,087
3451,103
3451,12
3451,136
3451,152
3451,168
3451,186
3451,202
3451,219
3451,237
3451,257
3451,275
3451,293
3451,309
3451,327
3451,345
3451,364
3451,382
3451,4
3451,418
3451,437
3451,454
3451,471
3451,49
3451,509
3451,528
3451,544
3451,562
3451,578
3451,596
3451,614
3451,633
3451,652
