132,6536;        5546,945
132,7256;        5546,97
132,7806;        5546,988
132,7743;        5547,006
132,7906;        5547,024
132,8038;        5547,043
132,8179;        5547,062
132,8353;        5547,081
132,8351;        5547,099
132,7856;        5547,117
132,759;        5547,134
132,7606;        5547,152
132,8063;        5547,169
132,8693;        5547,187
133,0549;        5547,205
133,2729;        5547,222
133,3846;        5547,239
133,345;        5547,257
133,3536;        5547,273
133,3057;        5547,291
133,2688;        5547,308
133,1808;        5547,325
133,1238;        5547,343
133,0613;        5547,36
133,0381;        5547,378
132,9766;        5547,397
132,9478;        5547,415
132,8376;        5547,433
132,7105;        5547,45
132,5851;        5547,468
132,4715;        5547,487
132,3951;        5547,506
132,3681;        5547,523
132,3526;        5547,542
132,3338;        5547,561
132,3201;        5547,58
132,331;        5547,598
132,4051;        5547,616
132,4831;        5547,634
132,5758;        5547,652
132,6368;        5547,67
132,7132;        5547,688
133,1339;        5547,705
133,4861;        5547,723
133,6641;        5547,74
133,5405;        5547,758
133,7991;        5547,776
133,7341;        5547,792
133,603;        5547,81
133,3148;        5547,828
132,9055;        5547,846
132,4805;        5547,867
132,0382;        5547,885
131,7913;        5547,904
131,6102;        5547,921
131,2807;        5547,939
131,1439;        5547,957
130,8471;        5547,975
130,0668;        5547,994
129,3916;        5548,011
128,6331;        5548,029
127,7508;        5548,047
126,7583;        5548,066
125,6981;        5548,084
124,6279;        5548,104
123,5892;        5548,122
122,6375;        5548,141
121,7014;        5548,16
120,8551;        5548,179
120,1225;        5548,199
119,377;        5548,218
118,6965;        5548,237
118,0846;        5548,257
118,2129;        5548,276
117,3711;        5548,296
116,4614;        5548,314
115,5775;        5548,333
114,675;        5548,353
113,6501;        5548,372
112,5432;        5548,392
111,5078;        5548,411
110,5813;        5548,43
109,6845;        5548,45
108,9729;        5548,468
108,4867;        5548,488
108,3939;        5548,509
108,866;        5548,528
109,7712;        5548,548
110,4775;        5548,566
110,9105;        5548,585
111,0079;        5548,603
110,926;        5548,619
110,5217;        5548,64
109,9271;        5548,66
109,0683;        5548,68
107,9108;        5548,698
106,5158;        5548,718
105,0049;        5548,738
103,3166;        5548,758
101,3059;        5548,776
100,061;        5548,796
96,94642;        5548,817
94,91582;        5548,836
92,9546;        5548,856
92,71921;        5548,876
90,9454;        5548,895
89,31989;        5548,913
87,8722;        5548,931
86,54961;        5548,95
85,33018;        5548,97
84,18615;        5548,989
83,05721;        5549,009
81,90781;        5549,027
80,83928;        5549,045
79,72147;        5549,064
78,43492;        5549,084
77,17591;        5549,103
75,65076;        5549,122
74,05932;        5549,142
72,56588;        5549,16
71,10204;        5549,18
69,63319;        5549,198
68,26283;        5549,223
66,90385;        5549,241
65,71526;        5549,259
64,67966;        5549,278
63,79789;        5549,296
63,01248;        5549,317
62,83738;        5549,335
62,17475;        5549,354
61,43103;        5549,372
60,93893;        5549,39
60,71658;        5549,408
60,5505;        5549,427
60,39207;        5549,447
60,34038;        5549,468
60,44547;        5549,487
60,72845;        5549,505
61,1804;        5549,525
61,62931;        5549,543
62,22123;        5549,562
62,90727;        5549,581
63,74792;        5549,602
64,61964;        5549,62
65,43121;        5549,638
66,11182;        5549,657
66,27766;        5549,675
66,84209;        5549,694
67,34876;        5549,711
67,77077;        5549,729
68,18063;        5549,749
68,59544;        5549,768
68,88068;        5549,786
69,05149;        5549,806
69,20393;        5549,824
69,30511;        5549,842
69,32905;        5549,861
69,28286;        5549,879
69,13525;        5549,898
69,02805;        5549,915
68,90766;        5549,935
68,87176;        5549,953
68,67226;        5549,97
68,51772;        5549,989
68,42089;        5550,007
68,34779;        5550,026
68,36733;        5550,046
68,63885;        5550,064
68,86642;        5550,081
69,35468;        5550,101
70,17027;        5550,12
71,21848;        5550,138
72,53831;        5550,156
72,67863;        5550,173
74,80522;        5550,191
77,2947;        5550,209
79,75584;        5550,226
82,0535;        5550,244
84,92317;        5550,264
88,0198;        5550,281
90,922;        5550,298
91,08018;        5550,315
93,67519;        5550,334
96,35608;        5550,353
98,75703;        5550,371
100,9243;        5550,389
103,1457;        5550,407
105,8913;        5550,424
109,052;        5550,442
111,6126;        5550,461
113,781;        5550,478
115,8127;        5550,496
115,6754;        5550,516
117,5657;        5550,534
119,3531;        5550,552
121,0637;        5550,57
122,5551;        5550,588
124,2357;        5550,606
125,8042;        5550,625
127,2678;        5550,642
128,4256;        5550,658
129,2956;        5550,676
129,1871;        5550,694
129,8591;        5550,712
130,2144;        5550,729
130,1166;        5550,747
129,6749;        5550,766
129,167;        5550,783
128,6987;        5550,801
128,4771;        5550,818
128,4123;        5550,835
128,399;        5550,854
128,4575;        5550,871
128,6416;        5550,889
128,9239;        5550,907
129,2393;        5550,924
129,5205;        5550,939
129,6588;        5550,957
129,6354;        5550,974
129,6478;        5550,992
129,5947;        5551,008
129,5548;        5551,026
129,5847;        5551,044
129,6069;        5551,062
129,6532;        5551,079
129,6963;        5551,096
129,6716;        5551,112
129,7003;        5551,129
129,716;        5551,146
129,7355;        5551,166
129,7242;        5551,182
129,6825;        5551,198
129,6559;        5551,215
129,6165;        5551,23
129,6047;        5551,247
129,6111;        5551,263
129,6495;        5551,28
129,6918;        5551,296
129,6908;        5551,313
129,7423;        5551,331
129,7948;        5551,347
129,8549;        5551,365
129,9099;        5551,383
129,9555;        5551,401
129,9906;        5551,42
130,0203;        5551,438
129,9915;        5551,456
129,992;        5551,475
129,9931;        5551,494
129,9461;        5551,513
129,9227;        5551,531
129,8885;        5551,548
129,8789;        5551,566
129,8455;        5551,585
129,846;        5551,604
129,8239;        5551,622
129,8224;        5551,641
129,8258;        5551,658
129,8133;        5551,677
129,7988;        5551,697
129,789;        5551,714
129,7781;        5551,73
129,7834;        5551,749
129,7948;        5551,766
129,8034;        5551,784
129,8143;        5551,803
129,819;        5551,821
129,8247;        5551,84
129,8372;        5551,856
129,8327;        5551,875
129,8438;        5551,892
129,9002;        5551,909
130,0694;        5551,928
130,1761;        5551,946
130,2086;        5551,964
130,2208;        5551,982
130,2634;        5552,001
130,4401;        5552,018
130,5341;        5552,038
130,786;        5552,056
130,6969;        5552,073
130,8644;        5552,09
130,8744;        5552,109
130,4111;        5552,127
129,8497;        5552,146
129,1314;        5552,163
128,3613;        5552,181
127,3845;        5552,201
126,3712;        5552,219
125,2562;        5552,236
124,0556;        5552,258
124,1364;        5552,274
122,8416;        5552,291
121,3829;        5552,309
119,8039;        5552,325
118,0512;        5552,341
116,2688;        5552,358
116,3439;        5552,375
114,5302;        5552,391
112,6296;        5552,409
110,6859;        5552,424
108,7549;        5552,442
106,8933;        5552,458
106,8264;        5552,475
105,023;        5552,494
103,3108;        5552,511
101,7488;        5552,527
100,2842;        5552,543
98,89463;        5552,562
97,6757;        5552,58
96,36118;        5552,599
96,33388;        5552,615
95,14566;        5552,634
94,03291;        5552,651
92,99786;        5552,669
92,03313;        5552,688
91,04739;        5552,705
90,11156;        5552,723
89,22229;        5552,742
88,39173;        5552,76
87,58286;        5552,778
87,55425;        5552,795
86,8355;        5552,812
86,19432;        5552,829
85,53709;        5552,847
84,92703;        5552,864
84,40379;        5552,882
84,0631;        5552,898
84,35464;        5552,916
83,98405;        5552,934
83,5297;        5552,951
83,14178;        5552,966
82,84256;        5552,982
82,58561;        5552,999
82,26499;        5553,016
82,25035;        5553,034
81,90675;        5553,051
81,61323;        5553,068
81,33759;        5553,085
81,04033;        5553,103
80,76285;        5553,12
80,82475;        5553,137
80,64577;        5553,155
80,37691;        5553,173
80,05574;        5553,19
79,65473;        5553,209
79,174;        5553,228
78,66699;        5553,246
78,27218;        5553,265
78,09492;        5553,284
78,03169;        5553,302
77,95381;        5553,32
77,88221;        5553,337
77,95828;        5553,355
77,97807;        5553,373
78,00856;        5553,391
77,96203;        5553,41
77,8561;        5553,429
77,76253;        5553,448
77,65722;        5553,467
77,56712;        5553,485
77,55949;        5553,504
77,57297;        5553,522
77,6605;        5553,54
77,84135;        5553,558
77,90232;        5553,575
78,01826;        5553,592
78,12375;        5553,609
78,32579;        5553,627
78,51263;        5553,646
78,59888;        5553,662
78,61787;        5553,678
78,62463;        5553,697
78,59763;        5553,716
78,61588;        5553,733
78,63302;        5553,751
78,64511;        5553,768
78,63979;        5553,787
78,6321;        5553,804
78,6629;        5553,821
78,74059;        5553,839
78,77831;        5553,858
78,80838;        5553,875
78,82693;        5553,892
78,86353;        5553,909
78,88905;        5553,927
78,88905;        5553,944
78,81062;        5553,962
78,75317;        5553,981
78,72176;        5553,998
78,7011;        5554,017
78,6526;        5554,036
78,63619;        5554,054
78,6628;        5554,073
78,74641;        5554,091
78,86687;        5554,108
78,99394;        5554,126
79,09338;        5554,143
79,16662;        5554,161
79,22281;        5554,178
79,21899;        5554,195
79,22004;        5554,212
79,18147;        5554,231
79,12673;        5554,246
79,07588;        5554,264
79,04797;        5554,284
78,99187;        5554,302
78,95943;        5554,319
78,93082;        5554,337
78,94102;        5554,354
79,00179;        5554,373
79,03508;        5554,391
79,04506;        5554,409
79,06439;        5554,426
79,11126;        5554,444
79,1713;        5554,46
79,20774;        5554,478
79,19327;        5554,495
79,20892;        5554,513
79,22541;        5554,529
79,23651;        5554,547
79,22742;        5554,565
79,1945;        5554,584
79,15311;        5554,602
79,11617;        5554,62
79,12559;        5554,637
79,14668;        5554,656
79,16863;        5554,672
79,15817;        5554,689
79,13721;        5554,707
79,11264;        5554,725
79,09485;        5554,744
79,02213;        5554,763
78,94962;        5554,78
78,91069;        5554,798
78,87028;        5554,815
78,89313;        5554,834
78,95885;        5554,852
79,05173;        5554,87
79,12539;        5554,888
79,18818;        5554,905
79,20732;        5554,923
79,16359;        5554,94
79,10921;        5554,956
79,05719;        5554,972
79,01015;        5554,989
78,99839;        5555,006
79,04239;        5555,024
79,02563;        5555,042
79,00697;        5555,059
78,92799;        5555,076
78,90788;        5555,093
78,84404;        5555,11
78,82671;        5555,128
78,89399;        5555,146
78,99403;        5555,163
79,13754;        5555,178
79,2077;        5555,195
79,2547;        5555,211
79,3002;        5555,228
79,34143;        5555,245
79,35008;        5555,261
79,32597;        5555,279
79,29029;        5555,295
79,25218;        5555,312
79,18137;        5555,329
79,11933;        5555,347
79,06181;        5555,366
79,01083;        5555,384
79,0083;        5555,402
79,02993;        5555,42
79,06787;        5555,437
79,10252;        5555,454
79,11512;        5555,472
79,15455;        5555,488
79,18901;        5555,506
79,23193;        5555,524
79,2952;        5555,542
79,29008;        5555,559
79,36951;        5555,577
79,38124;        5555,594
79,43678;        5555,612
79,4632;        5555,629
79,44135;        5555,646
79,44624;        5555,664
79,44278;        5555,682
79,44971;        5555,699
79,43604;        5555,716
79,43307;        5555,733
79,42519;        5555,75
79,42551;        5555,768
79,43567;        5555,783
79,45533;        5555,801
79,46593;        5555,82
79,46042;        5555,837
79,45496;        5555,856
79,44971;        5555,875
79,43333;        5555,893
79,41267;        5555,91
79,35434;        5555,927
79,31351;        5555,944
79,29561;        5555,962
79,28329;        5555,98
79,27516;        5555,997
79,24706;        5556,015
79,22874;        5556,034
79,22865;        5556,051
79,27298;        5556,069
79,30604;        5556,087
79,30373;        5556,104
79,30904;        5556,123
79,32351;        5556,14
79,35523;        5556,157
79,35476;        5556,174
79,36417;        5556,191
79,34624;        5556,207
79,31557;        5556,225
79,31059;        5556,243
79,32648;        5556,261
79,31871;        5556,278
79,32871;        5556,296
79,35072;        5556,313
79,39027;        5556,33
79,41942;        5556,349
79,43323;        5556,368
79,44739;        5556,385
79,45496;        5556,403
79,44571;        5556,42
79,38412;        5556,438
79,31188;        5556,457
79,26196;        5556,474
79,23743;        5556,492
79,18104;        5556,51
79,14049;        5556,528
79,10612;        5556,545
79,1058;        5556,563
79,10896;        5556,581
79,09999;        5556,599
79,1647;        5556,699
78,93737;        5556,714
78,54146;        5556,728
78,60323;        5556,744
78,65299;        5556,759
78,64812;        5556,776
78,61577;        5556,789
78,58752;        5556,813
78,56785;        5556,83
78,53362;        5556,847
78,52388;        5556,865
78,45256;        5556,883
78,39776;        5556,901
78,359;        5556,918
78,27882;        5556,936
78,18575;        5556,953
78,09465;        5556,97
77,95558;        5556,987
77,96127;        5557,003
77,75662;        5557,021
77,51399;        5557,037
77,17509;        5557,057
76,72213;        5557,075
76,26149;        5557,093
75,74338;        5557,113
75,16721;        5557,13
74,54855;        5557,15
73,91421;        5557,167
73,79458;        5557,185
73,23585;        5557,204
72,62901;        5557,223
72,02796;        5557,24
71,47825;        5557,258
70,94022;        5557,275
70,4464;        5557,293
69,89208;        5557,311
69,39101;        5557,33
68,93119;        5557,347
68,82326;        5557,364
68,42784;        5557,383
68,00185;        5557,4
67,66944;        5557,417
67,46313;        5557,434
67,3097;        5557,451
67,2103;        5557,468
67,19173;        5557,485
67,12501;        5557,503
67,16669;        5557,521
67,29386;        5557,539
67,38322;        5557,557
67,44409;        5557,574
67,44409;        5557,591
67,5681;        5557,609
67,66603;        5557,628
67,68874;        5557,646
67,73468;        5557,665
67,73991;        5557,682
67,73482;        5557,7
67,70709;        5557,718
67,67564;        5557,735
67,64877;        5557,752
67,62778;        5557,771
67,59991;        5557,788
67,59294;        5557,805
67,55488;        5557,823
67,53894;        5557,84
67,55556;        5557,857
67,57597;        5557,874
67,57382;        5557,892
67,56498;        5557,909
67,55338;        5557,927
67,56184;        5557,944
67,55991;        5557,962
67,54829;        5557,98
67,50414;        5557,998
67,45617;        5558,017
67,4321;        5558,036
67,40704;        5558,053
67,36128;        5558,072
67,31989;        5558,09
67,28968;        5558,108
67,27042;        5558,125
67,26324;        5558,144
67,23409;        5558,162
67,2032;        5558,18
67,21133;        5558,198
67,23051;        5558,216
67,20945;        5558,234
67,18544;        5558,252
67,19698;        5558,27
67,21284;        5558,288
67,22407;        5558,306
67,2157;        5558,324
67,20546;        5558,341
67,17835;        5558,359
67,12725;        5558,377
67,00611;        5558,393
66,86728;        5558,41
66,729;        5558,43
66,61833;        5558,448
66,50073;        5558,466
66,48484;        5558,483
66,38821;        5558,501
66,3518;        5558,517
66,32378;        5558,536
66,28837;        5558,554
66,25148;        5558,571
66,2484;        5558,589
66,28095;        5558,606
66,31337;        5558,625
66,3317;        5558,641
66,34106;        5558,657
66,34106;        5558,67
66,35722;        5558,687
66,35538;        5558,706
66,35245;        5558,721
66,32526;        5558,737
66,31367;        5558,752
66,26947;        5558,771
66,18995;        5558,79
66,04888;        5558,808
65,89129;        5558,825
65,82587;        5558,843
65,65997;        5558,86
65,55434;        5558,877
65,53647;        5558,894
65,49359;        5558,91
65,48914;        5558,925
65,48159;        5558,942
65,53553;        5558,959
65,60105;        5558,976
65,61641;        5558,992
65,63858;        5559,009
65,66883;        5559,024
65,65308;        5559,042
65,66068;        5559,059
65,6422;        5559,077
65,59749;        5559,094
65,55827;        5559,112
65,48988;        5559,13
65,43337;        5559,147
65,3586;        5559,165
65,35131;        5559,183
65,30222;        5559,199
65,26048;        5559,218
65,24395;        5559,235
65,26119;        5559,253
65,24147;        5559,273
65,25376;        5559,292
65,23778;        5559,311
65,23054;        5559,328
65,18995;        5559,344
65,27806;        5559,362
65,41142;        5559,381
65,53696;        5559,399
65,68676;        5559,417
65,90525;        5559,436
66,18687;        5559,453
66,55314;        5559,471
66,88383;        5559,489
67,16977;        5559,508
67,20637;        5559,524
67,41143;        5559,542
67,60455;        5559,56
67,74871;        5559,577
67,88304;        5559,593
68,01691;        5559,613
68,12564;        5559,631
68,18224;        5559,65
68,20201;        5559,667
68,08693;        5559,685
68,11584;        5559,702
68,12987;        5559,718
68,16841;        5559,735
68,29462;        5559,753
68,33574;        5559,771
68,48515;        5559,789
68,54253;        5559,805
69,02692;        5559,824
69,61208;        5559,843
70,18466;        5559,861
70,83254;        5559,877
71,59702;        5559,896
72,24036;        5559,914
72,94541;        5559,931
73,64329;        5559,949
74,35515;        5559,967
74,45589;        5559,984
75,21481;        5560
75,88528;        5560,018
76,52889;        5560,036
77,18954;        5560,054
77,69074;        5560,07
78,14933;        5560,089
78,49738;        5560,108
78,79078;        5560,127
78,84678;        5560,146
78,96555;        5560,166
78,96498;        5560,187
78,95299;        5560,204
78,86322;        5560,222
78,71848;        5560,24
78,51335;        5560,258
78,26987;        5560,276
78,02543;        5560,297
77,79539;        5560,316
77,62355;        5560,334
77,45546;        5560,354
77,32462;        5560,374
77,24366;        5560,392
77,19897;        5560,41
77,2149;        5560,428
77,27575;        5560,446
77,25636;        5560,463
77,24565;        5560,482
77,27473;        5560,5
77,34393;        5560,519
77,37646;        5560,537
77,39077;        5560,554
77,4047;        5560,577
77,43285;        5560,594
77,45782;        5560,612
77,49319;        5560,628
77,49976;        5560,646
77,51569;        5560,663
77,50088;        5560,68
77,48647;        5560,698
77,46583;        5560,716
77,43766;        5560,733
77,37868;        5560,75
77,34606;        5560,767
77,34779;        5560,783
77,28619;        5560,8
77,22228;        5560,817
77,14748;        5560,834
77,11578;        5560,852
77,10541;        5560,867
77,10377;        5560,883
77,1004;        5560,9
77,08022;        5560,917
77,04513;        5560,933
76,9791;        5560,95
76,93253;        5560,966
76,92139;        5560,981
76,92788;        5560,996
76,95258;        5561,013
76,96809;        5561,03
76,99726;        5561,046
77,06068;        5561,065
77,05185;        5561,083
77,15357;        5561,1
77,23171;        5561,117
77,29048;        5561,134
77,36077;        5561,151
77,39121;        5561,171
77,42204;        5561,19
77,44296;        5561,207
77,43396;        5561,224
77,44022;        5561,242
77,41785;        5561,26
77,37669;        5561,277
77,35835;        5561,294
77,31763;        5561,312
77,27773;        5561,328
77,25513;        5561,347
77,25391;        5561,364
77,27028;        5561,383
77,30952;        5561,401
77,34978;        5561,42
77,39388;        5561,438
77,45057;        5561,456
77,47956;        5561,474
77,50287;        5561,492
77,50673;        5561,512
77,51419;        5561,529
77,52423;        5561,547
77,50919;        5561,564
77,49014;        5561,581
77,44891;        5561,599
77,41318;        5561,617
77,38548;        5561,633
77,36913;        5561,651
77,34997;        5561,669
77,35622;        5561,687
77,33523;        5561,703
77,32186;        5561,721
77,31351;        5561,738
77,30281;        5561,755
77,29704;        5561,772
77,31231;        5561,789
77,33141;        5561,807
77,35001;        5561,826
77,35769;        5561,844
77,34563;        5561,862
77,31924;        5561,881
77,29315;        5561,899
77,26086;        5561,918
77,22552;        5561,936
77,18746;        5561,954
77,17728;        5561,971
77,17274;        5561,989
77,18171;        5562,006
77,18679;        5562,025
77,18088;        5562,043
77,18157;        5562,061
77,19083;        5562,08
77,2078;        5562,097
77,21182;        5562,116
77,20574;        5562,135
77,19801;        5562,151
77,20251;        5562,17
77,19319;        5562,189
77,17969;        5562,207
77,17622;        5562,226
77,19603;        5562,244
77,19096;        5562,261
77,18549;        5562,279
77,20259;        5562,297
77,22328;        5562,315
77,25372;        5562,333
77,26119;        5562,351
77,25824;        5562,366
77,25503;        5562,384
77,23726;        5562,402
77,22512;        5562,418
77,21799;        5562,437
77,21712;        5562,457
77,2132;        5562,474
77,22455;        5562,493
77,23924;        5562,511
77,25939;        5562,53
77,29279;        5562,547
77,28944;        5562,564
77,32015;        5562,582
77,32535;        5562,599
77,32884;        5562,617
77,33539;        5562,634
77,35104;        5562,651
77,35801;        5562,668
77,36915;        5562,685
77,36915;        5562,702
77,36194;        5562,718
77,35029;        5562,735
77,33782;        5562,752
77,333;        5562,768
77,33286;        5562,784
77,34049;        5562,8
77,34359;        5562,816
77,34442;        5562,832
77,33402;        5562,848
77,33421;        5562,864
77,32404;        5562,881
77,32541;        5562,896
77,31419;        5562,912
77,30685;        5562,93
77,29886;        5562,947
77,30691;        5562,962
77,28753;        5562,979
77,26309;        5562,995
77,25933;        5563,012
77,27359;        5563,029
77,27835;        5563,046
77,29129;        5563,063
77,30293;        5563,081
77,31573;        5563,098
77,32596;        5563,115
77,32178;        5563,132
77,2969;        5563,149
77,2664;        5563,167
77,25625;        5563,186
77,26408;        5563,204
77,24821;        5563,222
77,2358;        5563,241
77,24377;        5563,259
77,26653;        5563,276
77,2964;        5563,295
77,32134;        5563,312
77,34354;        5563,33
77,3475;        5563,347
77,35153;        5563,363
77,33649;        5563,38
77,31065;        5563,398
77,29284;        5563,415
77,28399;        5563,432
77,28206;        5563,449
77,27222;        5563,465
77,27234;        5563,483
77,27868;        5563,5
77,31349;        5563,518
77,36169;        5563,535
77,3687;        5563,553
77,36343;        5563,57
77,31427;        5563,588
77,23161;        5563,609
77,16356;        5563,625
77,15605;        5563,643
77,02287;        5563,66
76,86434;        5563,678
76,7419;        5563,696
76,7419;        5563,714
76,59422;        5563,733
76,56466;        5563,749
76,56933;        5563,766
76,57424;        5563,785
76,6476;        5563,802
76,78732;        5563,818
76,89553;        5563,836
76,96806;        5563,853
77,04514;        5563,871
77,11721;        5563,888
77,12878;        5563,906
77,11984;        5563,923
77,09279;        5563,941
77,06705;        5563,959
77,01067;        5563,976
76,95422;        5563,994
76,90797;        5564,009
76,88342;        5564,026
76,88332;        5564,043
76,88097;        5564,06
76,88064;        5564,078
76,89547;        5564,096
76,90427;        5564,114
76,9117;        5564,133
76,92051;        5564,151
76,9239;        5564,17
76,92302;        5564,188
76,92941;        5564,206
76,9118;        5564,224
76,92437;        5564,242
76,94736;        5564,259
76,96989;        5564,275
76,97952;        5564,292
76,97968;        5564,31
76,98606;        5564,327
76,99039;        5564,345
77,00236;        5564,362
76,98929;        5564,379
76,98152;        5564,397
76,98029;        5564,415
76,97462;        5564,432
76,97963;        5564,45
76,98955;        5564,467
76,97955;        5564,484
76,95891;        5564,502
76,95676;        5564,521
76,97324;        5564,537
76,99188;        5564,553
77,00439;        5564,574
77,01326;        5564,593
77,00526;        5564,61
76,99864;        5564,629
77,00153;        5564,648
76,9841;        5564,665
76,98974;        5564,681
76,98264;        5564,697
76,96274;        5564,714
76,96089;        5564,731
76,95811;        5564,748
76,95918;        5564,765
76,9481;        5564,781
76,94678;        5564,797
76,95304;        5564,813
76,95752;        5564,831
76,95647;        5564,848
76,94808;        5564,864
76,94162;        5564,88
76,93271;        5564,897
76,94117;        5564,914
76,96027;        5564,929
76,97683;        5564,945
76,97743;        5564,961
76,97534;        5564,978
76,98005;        5564,997
76,9683;        5565,013
76,95338;        5565,029
76,92957;        5565,047
76,92609;        5565,064
76,91035;        5565,083
76,90163;        5565,101
76,90843;        5565,118
76,89598;        5565,137
76,88914;        5565,154
76,87229;        5565,171
76,86095;        5565,189
76,84817;        5565,207
76,83168;        5565,225
76,81154;        5565,243
76,77383;        5565,261
76,71538;        5565,278
76,65521;        5565,295
76,79472;        5565,313
77,03584;        5565,33
77,52806;        5565,346
77,46074;        5565,364
78,60273;        5565,381
80,34262;        5565,398
82,0887;        5565,415
83,60741;        5565,433
85,2967;        5565,451
86,84172;        5565,469
88,25928;        5565,487
88,32288;        5565,503
89,64988;        5565,522
90,80188;        5565,541
91,63626;        5565,558
92,32641;        5565,576
93,00928;        5565,593
93,62216;        5565,611
94,19601;        5565,63
93,99532;        5565,646
94,57333;        5565,665
95,40044;        5565,683
96,46819;        5565,7
97,74835;        5565,718
98,90605;        5565,734
100,2307;        5565,752
101,3115;        5565,771
102,1022;        5565,79
102,7293;        5565,807
102,7474;        5565,825
103,2343;        5565,842
103,5008;        5565,859
103,5204;        5565,877
103,3843;        5565,895
103,221;        5565,911
102,986;        5565,929
102,9403;        5565,946
102,688;        5565,964
102,4435;        5565,983
102,1889;        5566,001
101,9536;        5566,018
101,7654;        5566,036
101,6028;        5566,053
101,5117;        5566,069
101,4255;        5566,086
101,4346;        5566,103
101,3763;        5566,12
101,3289;        5566,137
101,2718;        5566,154
101,2165;        5566,173
101,1836;        5566,189
101,2092;        5566,207
101,1922;        5566,223
101,1772;        5566,24
101,1586;        5566,258
101,0829;        5566,277
100,9949;        5566,296
100,8854;        5566,313
100,7705;        5566,332
100,6592;        5566,349
100,5576;        5566,367
100,5539;        5566,383
100,4413;        5566,401
100,3177;        5566,418
100,2084;        5566,436
100,1051;        5566,453
100,0113;        5566,47
99,9164;        5566,486
99,84904;        5566,505
99,86028;        5566,523
99,81982;        5566,541
99,7647;        5566,56
99,72791;        5566,579
99,71674;        5566,598
99,69798;        5566,616
99,66882;        5566,632
99,63675;        5566,646
99,63306;        5566,662
99,61074;        5566,678
99,58034;        5566,695
99,5597;        5566,712
99,52993;        5566,729
99,50549;        5566,747
99,49969;        5566,761
99,47967;        5566,778
99,4576;        5566,793
99,43954;        5566,81
99,43788;        5566,827
99,43964;        5566,844
99,43809;        5566,86
99,41544;        5566,877
99,3754;        5566,894
99,3357;        5566,912
99,28819;        5566,929
99,25185;        5566,946
99,24435;        5566,962
99,22591;        5566,979
99,22522;        5566,996
99,2197;        5567,013
99,20013;        5567,03
99,20174;        5567,049
99,19197;        5567,066
99,17865;        5567,085
99,17028;        5567,105
99,16753;        5567,125
99,15973;        5567,141
99,14227;        5567,158
99,12525;        5567,175
99,10787;        5567,193
99,09471;        5567,212
99,08083;        5567,232
99,07438;        5567,25
99,07832;        5567,268
99,07198;        5567,286
99,07409;        5567,305
99,07188;        5567,322
99,07971;        5567,339
99,07447;        5567,357
99,0441;        5567,375
99,02457;        5567,392
99,02882;        5567,41
99,02527;        5567,427
99,02598;        5567,445
99,01733;        5567,462
99,00446;        5567,48
98,99657;        5567,499
98,99379;        5567,516
98,98812;        5567,534
99,01125;        5567,554
98,99658;        5567,572
98,97504;        5567,592
98,95242;        5567,611
98,92108;        5567,627
98,91541;        5567,643
98,88747;        5567,661
98,86787;        5567,68
98,8673;        5567,698
98,87278;        5567,716
98,88306;        5567,734
98,89108;        5567,752
98,92004;        5567,773
98,95613;        5567,79
98,99054;        5567,807
98,9735;        5567,825
99,01368;        5567,842
99,04807;        5567,86
99,06846;        5567,878
99,08304;        5567,895
99,09364;        5567,913
99,09107;        5567,932
99,07214;        5567,95
99,05096;        5567,968
99,04091;        5567,987
99,05863;        5568,004
99,0088;        5568,022
98,95791;        5568,042
98,94212;        5568,059
98,92666;        5568,078
98,88992;        5568,095
98,86477;        5568,112
98,85844;        5568,13
98,85658;        5568,147
98,85207;        5568,165
98,8474;        5568,184
98,85998;        5568,202
98,87977;        5568,218
98,8848;        5568,236
98,89216;        5568,252
98,89705;        5568,272
98,90634;        5568,29
98,88953;        5568,308
98,86048;        5568,325
98,85878;        5568,343
98,84496;        5568,361
98,82924;        5568,378
98,78992;        5568,398
98,73846;        5568,415
98,72747;        5568,432
98,71815;        5568,451
98,72912;        5568,468
98,77235;        5568,487
98,81369;        5568,504
98,8307;        5568,522
98,85407;        5568,54
98,82197;        5568,558
98,76554;        5568,574
98,76027;        5568,592
98,77489;        5568,61
98,79324;        5568,629
98,77229;        5568,645
98,82183;        5568,662
98,86667;        5568,679
98,89378;        5568,695
98,87986;        5568,711
98,85989;        5568,73
98,82265;        5568,748
98,8177;        5568,766
98,80566;        5568,782
98,84549;        5568,799
98,89337;        5568,817
98,91396;        5568,837
98,89969;        5568,854
98,86931;        5568,871
98,8401;        5568,889
98,80553;        5568,907
98,78345;        5568,924
98,76309;        5568,942
98,76126;        5568,959
98,79059;        5568,975
98,82659;        5568,992
98,8566;        5569,009
98,89101;        5569,026
98,89634;        5569,043
98,93442;        5569,06
98,95288;        5569,077
98,96684;        5569,095
98,98386;        5569,112
98,98663;        5569,13
98,97231;        5569,147
98,951;        5569,165
98,9428;        5569,181
98,91743;        5569,199
98,88576;        5569,215
98,86713;        5569,232
98,8541;        5569,25
98,85247;        5569,266
98,85139;        5569,284
98,86195;        5569,301
98,88123;        5569,318
98,89308;        5569,336
98,89089;        5569,354
98,90152;        5569,372
98,91942;        5569,389
98,92883;        5569,406
98,92119;        5569,424
98,91316;        5569,441
98,89112;        5569,459
98,87941;        5569,476
98,87397;        5569,495
98,85159;        5569,514
98,84029;        5569,535
98,84151;        5569,555
98,84322;        5569,574
98,8521;        5569,593
98,85966;        5569,612
98,87022;        5569,63
98,8717;        5569,649
98,87522;        5569,667
98,88424;        5569,687
98,87901;        5569,708
98,86633;        5569,727
98,85271;        5569,746
98,84815;        5569,764
98,84015;        5569,782
98,82719;        5569,8
98,80685;        5569,817
98,79338;        5569,835
98,79367;        5569,852
98,78986;        5569,87
98,77847;        5569,888
98,77211;        5569,907
98,76363;        5569,924
98,76458;        5569,942
98,75142;        5569,96
98,72464;        5569,977
98,71687;        5569,995
98,72015;        5570,013
98,71404;        5570,031
98,69365;        5570,048
98,6714;        5570,066
98,6745;        5570,084
98,66907;        5570,104
98,66101;        5570,122
98,65111;        5570,14
98,6451;        5570,157
98,63828;        5570,174
98,63972;        5570,191
98,64854;        5570,209
98,65961;        5570,228
98,66714;        5570,246
98,67811;        5570,264
98,66374;        5570,281
98,65205;        5570,3
98,62551;        5570,317
98,6067;        5570,334
98,59288;        5570,352
98,58309;        5570,37
98,58307;        5570,388
98,60621;        5570,408
98,59232;        5570,425
98,62839;        5570,443
98,66048;        5570,461
98,7034;        5570,479
98,74223;        5570,497
98,79094;        5570,516
98,80576;        5570,533
98,81494;        5570,554
98,78401;        5570,571
98,75676;        5570,589
98,71535;        5570,607
98,74226;        5570,625
98,71432;        5570,64
98,70679;        5570,658
98,69167;        5570,675
98,68504;        5570,691
98,7021;        5570,709
98,73141;        5570,725
98,74079;        5570,741
98,75819;        5570,757
98,76575;        5570,773
98,78923;        5570,79
98,79651;        5570,806
98,80297;        5570,823
98,81783;        5570,84
98,82436;        5570,857
98,84653;        5570,875
98,86607;        5570,892
98,89357;        5570,91
98,89259;        5570,928
98,87662;        5570,946
98,91543;        5570,964
98,89848;        5570,981
98,87747;        5570,999
98,86562;        5571,018
98,85586;        5571,034
98,83576;        5571,053
98,8158;        5571,072
98,8054;        5571,088
98,8115;        5571,107
98,81622;        5571,124
98,79148;        5571,142
98,7539;        5571,16
98,73523;        5571,177
98,73623;        5571,195
98,72337;        5571,213
98,74134;        5571,232
98,77767;        5571,25
98,73127;        5571,268
98,59603;        5571,286
98,64856;        5571,303
98,38509;        5571,322
98,09618;        5571,339
97,73831;        5571,357
97,17945;        5571,374
96,20855;        5571,393
94,84148;        5571,412
93,29404;        5571,429
91,79405;        5571,448
90,15598;        5571,467
90,08402;        5571,485
88,34249;        5571,503
86,39776;        5571,521
84,52757;        5571,541
82,6286;        5571,559
80,6234;        5571,576
78,69013;        5571,595
76,86115;        5571,613
74,9386;        5571,63
73,01571;        5571,647
71,23083;        5571,665
71,09136;        5571,683
69,3538;        5571,702
67,70927;        5571,72
66,21232;        5571,738
64,72541;        5571,754
63,45378;        5571,773
62,11096;        5571,791
60,86443;        5571,808
59,67294;        5571,825
59,54082;        5571,842
58,47385;        5571,859
57,53144;        5571,876
56,47521;        5571,894
55,5128;        5571,911
54,51898;        5571,928
54,31199;        5571,945
53,57694;        5571,963
52,83099;        5571,98
52,22112;        5571,999
51,67327;        5572,017
51,17178;        5572,038
50,68639;        5572,056
50,35251;        5572,074
50,22652;        5572,092
50,21349;        5572,112
50,16344;        5572,129
50,11829;        5572,147
50,12657;        5572,165
50,22349;        5572,181
50,3613;        5572,199
50,49861;        5572,217
50,59431;        5572,235
50,72528;        5572,253
50,88495;        5572,271
51,10873;        5572,288
51,26138;        5572,307
51,24707;        5572,324
51,37319;        5572,341
51,54882;        5572,359
51,69399;        5572,375
51,78735;        5572,393
51,83737;        5572,411
51,86821;        5572,428
51,93734;        5572,445
51,94031;        5572,464
52,0061;        5572,481
52,03661;        5572,499
52,08245;        5572,518
52,10823;        5572,536
52,1922;        5572,554
52,27947;        5572,572
52,44633;        5572,59
52,69513;        5572,607
52,86986;        5572,625
53,04372;        5572,643
53,45551;        5572,66
53,85564;        5572,678
54,2897;        5572,695
54,64012;        5572,713
55,0223;        5572,731
55,40501;        5572,749
55,70275;        5572,765
55,74211;        5572,782
55,9599;        5572,798
56,11903;        5572,814
56,22202;        5572,831
56,29622;        5572,847
56,28822;        5572,864
56,33886;        5572,881
56,38553;        5572,897
56,40312;        5572,913
56,41738;        5572,929
56,4436;        5572,945
56,44563;        5572,961
56,46426;        5572,978
56,48287;        5572,995
56,49772;        5573,012
56,54219;        5573,028
56,63106;        5573,046
56,65711;        5573,063
56,78572;        5573,082
56,90216;        5573,099
57,00978;        5573,117
57,08508;        5573,135
57,1632;        5573,155
57,21159;        5573,172
57,25062;        5573,19
57,22972;        5573,208
57,17168;        5573,225
57,17689;        5573,242
57,14876;        5573,259
57,13681;        5573,277
57,09458;        5573,295
57,04155;        5573,311
56,99117;        5573,33
56,9763;        5573,348
56,95226;        5573,365
56,96857;        5573,383
56,98732;        5573,399
56,98793;        5573,416
56,97049;        5573,435
56,99974;        5573,453
57,05785;        5573,47
57,12409;        5573,488
57,13122;        5573,503
57,16033;        5573,521
57,20428;        5573,539
57,26373;        5573,558
57,31006;        5573,576
57,31049;        5573,596
57,29564;        5573,614
57,28052;        5573,631
57,26553;        5573,649
57,24649;        5573,667
57,24028;        5573,685
57,22139;        5573,703
57,20134;        5573,722
57,19311;        5573,74
57,19429;        5573,759
57,2096;        5573,775
57,22987;        5573,792
57,28175;        5573,81
57,31531;        5573,828
57,31151;        5573,845
57,32294;        5573,862
57,36024;        5573,88
57,40204;        5573,898
57,41753;        5573,916
57,42394;        5573,934
57,43687;        5573,953
57,43701;        5573,97
57,41642;        5573,987
57,40902;        5574,005
57,39697;        5574,023
57,36732;        5574,041
57,33225;        5574,059
57,28819;        5574,075
57,28803;        5574,092
57,27371;        5574,111
57,21657;        5574,128
57,16874;        5574,147
57,12077;        5574,166
57,06921;        5574,183
57,04013;        5574,201
57,04265;        5574,22
57,07825;        5574,24
57,16788;        5574,258
57,27523;        5574,277
57,32705;        5574,295
57,37983;        5574,312
57,34792;        5574,33
57,38274;        5574,347
57,15644;        5574,364
57,44703;        5574,381
57,69223;        5574,399
58,22648;        5574,416
59,16662;        5574,435
60,40101;        5574,452
61,93823;        5574,469
63,89977;        5574,487
64,70119;        5574,504
66,50161;        5574,522
68,42805;        5574,54
70,23346;        5574,557
71,9391;        5574,575
74,0369;        5574,591
76,28387;        5574,608
78,1499;        5574,625
78,21634;        5574,644
79,78458;        5574,66
81,64191;        5574,676
83,61418;        5574,695
85,24545;        5574,713
86,77352;        5574,73
88,25523;        5574,747
88,48846;        5574,764
89,85884;        5574,781
91,07413;        5574,797
92,03216;        5574,815
92,85773;        5574,831
93,50457;        5574,847
93,53774;        5574,863
93,96125;        5574,881
94,21501;        5574,897
94,25825;        5574,913
94,07827;        5574,931
93,8004;        5574,948
93,47672;        5574,965
93,43422;        5574,982
93,07808;        5574,999
92,74802;        5575,018
92,4259;        5575,035
92,12196;        5575,053
91,85378;        5575,07
91,67132;        5575,089
91,54945;        5575,106
91,58687;        5575,124
91,52378;        5575,142
91,50555;        5575,159
91,48647;        5575,175
91,48461;        5575,194
91,48405;        5575,212
91,5067;        5575,229
91,52953;        5575,248
91,56186;        5575,267
91,57764;        5575,284
91,58691;        5575,302
91,60065;        5575,32
91,60157;        5575,338
91,58121;        5575,356
91,55769;        5575,373
91,52273;        5575,389
91,48118;        5575,406
91,47102;        5575,424
91,43817;        5575,441
91,402;        5575,458
91,3565;        5575,476
91,32876;        5575,494
91,29752;        5575,513
91,27617;        5575,531
91,23352;        5575,551
91,17696;        5575,569
91,1432;        5575,588
91,11942;        5575,607
91,088;        5575,625
91,06995;        5575,642
91,04122;        5575,661
91,01974;        5575,679
90,99454;        5575,698
90,95422;        5575,715
90,91975;        5575,733
90,88863;        5575,751
90,88428;        5575,769
90,86664;        5575,786
90,86124;        5575,805
90,80991;        5575,824
90,75639;        5575,842
90,73903;        5575,858
90,72483;        5575,875
90,69527;        5575,893
90,6581;        5575,909
90,62535;        5575,927
90,62878;        5575,944
90,5995;        5575,962
90,58371;        5575,98
90,57913;        5575,997
90,57098;        5576,014
90,54499;        5576,032
90,50797;        5576,049
90,45262;        5576,066
90,4632;        5576,083
90,39056;        5576,101
90,31344;        5576,118
90,21499;        5576,136
90,12691;        5576,154
90,0189;        5576,173
89,90986;        5576,19
89,81231;        5576,207
89,85322;        5576,223
89,84097;        5576,242
89,89328;        5576,259
89,6149;        5576,276
88,91656;        5576,296
88,03841;        5576,313
87,02948;        5576,331
85,9019;        5576,35
84,56843;        5576,367
84,46588;        5576,384
83,03123;        5576,401
81,61874;        5576,42
80,0869;        5576,438
78,62189;        5576,456
77,29688;        5576,474
76,08244;        5576,491
74,83871;        5576,508
73,66451;        5576,526
73,5946;        5576,542
72,46901;        5576,559
71,43875;        5576,577
70,57906;        5576,595
69,94239;        5576,612
69,4005;        5576,63
68,97873;        5576,646
68,94958;        5576,662
68,56801;        5576,68
68,36409;        5576,695
68,28704;        5576,713
68,31677;        5576,729
68,45781;        5576,747
68,6836;        5576,766
68,74173;        5576,782
68,92539;        5576,798
69,08554;        5576,814
69,1305;        5576,831
69,45757;        5576,847
69,47342;        5576,863
69,54241;        5576,879
69,59076;        5576,894
69,59315;        5576,91
69,52578;        5576,929
69,47556;        5576,944
69,41814;        5576,96
69,3289;        5576,977
69,28772;        5576,993
69,26293;        5577,01
69,30206;        5577,026
69,30374;        5577,043
69,28423;        5577,06
69,27925;        5577,077
69,30758;        5577,095
69,36217;        5577,111
69,43805;        5577,129
69,47465;        5577,147
69,46042;        5577,165
69,47001;        5577,182
69,50208;        5577,199
69,52173;        5577,216
69,50643;        5577,232
69,44277;        5577,249
69,41512;        5577,265
69,4052;        5577,283
69,42242;        5577,302
69,43035;        5577,321
69,43571;        5577,339
69,44936;        5577,355
69,47775;        5577,372
69,5177;        5577,39
69,53226;        5577,407
69,55787;        5577,425
69,54623;        5577,442
69,52223;        5577,46
69,515;        5577,478
69,52521;        5577,497
69,50229;        5577,515
69,4518;        5577,532
69,41263;        5577,551
69,39467;        5577,568
69,40976;        5577,587
69,48431;        5577,607
69,57785;        5577,625
69,58858;        5577,642
69,65937;        5577,66
69,71528;        5577,677
69,81117;        5577,694
69,89103;        5577,714
70,03147;        5577,734
70,10428;        5577,752
70,17274;        5577,771
70,22346;        5577,788
70,34483;        5577,806
70,49422;        5577,825
70,43229;        5577,843
70,55395;        5577,863
70,70673;        5577,881
70,87451;        5577,902
70,99319;        5577,921
71,10931;        5577,939
71,28079;        5577,958
71,39859;        5577,976
71,7665;        5577,996
72,35432;        5578,015
73,78289;        5578,034
76,67532;        5578,054
78,86218;        5578,071
81,28829;        5578,089
83,26419;        5578,109
84,98632;        5578,127
86,69003;        5578,146
86,63129;        5578,165
87,91893;        5578,182
89,02113;        5578,2
90,25288;        5578,218
92,37965;        5578,236
95,06484;        5578,253
97,89461;        5578,271
100,8279;        5578,288
103,4911;        5578,306
103,3359;        5578,323
106,0331;        5578,341
108,6472;        5578,361
111,2913;        5578,38
113,6726;        5578,396
115,9228;        5578,414
118,0339;        5578,433
119,9219;        5578,453
121,306;        5578,473
122,6917;        5578,491
123,7089;        5578,511
124,5726;        5578,528
125,5269;        5578,546
126,611;        5578,565
126,4852;        5578,583
127,5926;        5578,602
128,6895;        5578,622
129,8315;        5578,642
130,9977;        5578,66
132,0772;        5578,678
133,1208;        5578,698
134,144;        5578,715
135,0465;        5578,733
135,146;        5578,749
134,7657;        5578,767
134,665;        5578,782
134,4641;        5578,799
134,3507;        5578,814
134,1435;        5578,83
134,1062;        5578,845
133,8149;        5578,863
133,6043;        5578,88
133,4602;        5578,898
133,4077;        5578,913
133,3577;        5578,929
133,3055;        5578,946
133,2601;        5578,963
133,2171;        5578,979
133,1766;        5578,994
133,1364;        5579,01
133,0207;        5579,026
132,9625;        5579,043
132,8593;        5579,06
132,7785;        5579,077
132,7557;        5579,093
132,7153;        5579,108
132,6521;        5579,125
132,6299;        5579,142
132,5668;        5579,16
132,49;        5579,177
132,4204;        5579,194
132,3967;        5579,212
132,3507;        5579,229
132,3017;        5579,249
132,2516;        5579,265
132,2177;        5579,282
132,1629;        5579,299
132,1048;        5579,317
132,0328;        5579,335
132,0029;        5579,353
131,9538;        5579,369
131,9168;        5579,387
131,8847;        5579,405
131,8594;        5579,421
131,8341;        5579,44
131,8158;        5579,458
131,8022;        5579,475
131,7681;        5579,492
