-0,009668682;       -0,01330922;      5499,047
-0,01204133;       -0,007616538;      5499,067
-0,01780562;       -0,01010354;      5499,087
-0,02405572;       -0,005117145;      5499,106
-0,04262717;       -0,01604438;      5499,126
-0,06517707;       -0,04456035;      5499,145
-0,08352259;       -0,04353647;      5499,164
-0,09689219;       0,01290039;      5499,184
-0,08750381;       0,07964765;      5499,203
-0,08196388;       0,08299405;      5499,222
-0,06011201;       0,03384724;      5499,242
-0,06294572;       0,02670283;      5499,26
-0,06327101;       0,03733466;      5499,279
-0,05001706;       0,01594746;      5499,297
-0,03303638;       -0,01071269;      5499,315
-0,01456575;       0,01918671;      5499,334
0,01560133;       -0,02860698;      5499,354
0,02945844;       -0,04631764;      5499,372
-0,008590912;       -0,04332214;      5499,39
0,01116595;       -0,002435697;      5499,408
0,01116595;       0,02321184;      5499,426
0,02871441;       -0,03659686;      5499,445
0,01597977;       -0,04331782;      5499,464
-0,03304893;       -0,031306;      5499,484
-0,05258441;       0,001572084;      5499,503
-0,04974203;       0,04942622;      5499,522
-0,040456;       -0,0045346;      5499,543
-0,05893289;       -0,03418917;      5499,563
-0,1020938;       -0,003745989;      5499,583
-0,1041638;       0,08141068;      5499,603
-0,08191365;       0,01949291;      5499,623
-0,04402803;       -0,01315824;      5499,642
-0,02102188;       -0,005206426;      5499,66
-0,008159507;       0,03431685;      5499,679
-0,0006571924;       -0,03398237;      5499,699
-0,03923804;       -0,07040298;      5499,718
-0,01513096;       -0,005968761;      5499,738
-0,006368222;       0,003671635;      5499,757
-0,03881662;       -0,007030958;      5499,777
-0,04294075;       -0,006632708;      5499,794
-0,02404149;       0,0362399;      5499,814
-0,005507243;       0,02366816;      5499,832
-0,04091413;       -0,03555033;      5499,849
-0,04091413;       -0,02403081;      5499,866
-0,09529541;       0,03180708;      5499,884
-0,04126294;       0,02627198;      5499,9
0,007327068;       0,009420359;      5499,918
0,001220493;       -0,02513552;      5499,936
-0,01087914;       -0,005460984;      5499,954
0,08086244;       0,0002385303;      5499,969
0,08086244;       0,005755264;      5499,985
0,1413444;       -0,03365587;      5500,004
0,1682264;       -0,006343777;      5500,021
0,1525093;       0,01039313;      5500,038
0,1642803;       0,014286;      5500,055
0,1325221;       0,01927169;      5500,073
0,07599291;       -0,01471646;      5500,091
0,007064255;       -0,02331724;      5500,109
0,007064255;       -0,01023457;      5500,126
-0,01439968;       0,0181399;      5500,143
-0,01802783;       0,01524298;      5500,159
-0,03181879;       -0,004343472;      5500,175
-0,04144466;       -0,001692652;      5500,192
-0,04107681;       0,003365505;      5500,21
-0,02244836;       0,01212995;      5500,229
-0,02244836;       0,00765809;      5500,247
0,006153462;       -0,006996817;      5500,265
0,007397706;       0,01443951;      5500,282
0,01443217;       -0,01351043;      5500,3
0,01508252;       0,003361705;      5500,317
0,005996641;       0,02435912;      5500,336
0,02407843;       0,008810177;      5500,356
0,0564462;       0,03717277;      5500,374
0,09971009;       0,05025846;      5500,393
0,08730774;       -0,0284196;      5500,411
-0,02649006;       -0,0409154;      5500,429
-0,02649006;       -0,01739913;      5500,447
-0,1234673;       0,01338048;      5500,465
-0,06303179;       -0,03790978;      5500,482
-0,03175963;       -0,02497233;      5500,5
-0,05246214;       -0,01171495;      5500,52
-0,06152645;       0,02540206;      5500,538
-0,01210264;       -0,01561984;      5500,556
0,01207454;       -0,03337665;      5500,574
0,005660255;       0,01091046;      5500,593
0,03256559;       0,01282663;      5500,612
0,02976115;       -0,01363465;      5500,628
0,02976115;       -0,02412478;      5500,646
-0,01888506;       0,009888623;      5500,665
0,009747129;       -0,0192457;      5500,684
-0,00170704;       -0,009004993;      5500,703
-0,06635743;       0,03375445;      5500,72
-0,03770414;       0,005960536;      5500,737
0,001583896;       -0,01459498;      5500,756
-0,01679261;       0,008829469;      5500,777
-0,01832009;       0,01562094;      5500,795
0,01362204;       0,005542299;      5500,814
-0,003105765;       -0,01149133;      5500,833
-0,0192639;       -0,005978025;      5500,85
-0,02067342;       0,006413547;      5500,868
-0,02067342;       -0,006641936;      5500,886
-0,01664409;       0,01083191;      5500,905
-0,01550711;       0,01066808;      5500,923
-0,01966357;       -0,02298351;      5500,941
-0,01380359;       -0,002236396;      5500,96
-0,03243588;       0,01152078;      5500,977
0,005389956;       0,01750189;      5500,995
0,007281712;       -0,02090625;      5501,013
-0,004828807;       -0,00770305;      5501,03
-0,006277256;       -0,00770305;      5501,047
-0,006277256;       0,008429223;      5501,065
-0,008783185;       -0,008076955;      5501,083
-0,01162895;       0,009111114;      5501,1
-0,02669583;       0,009450091;      5501,119
-0,04549977;       -0,005696297;      5501,137
-0,01547572;       0,008685588;      5501,154
0,0100019;       0,0004704385;      5501,171
-0,005822451;       -0,001048948;      5501,191
-0,0080011;       0,003172944;      5501,208
-0,0080011;       0,008457017;      5501,227
-0,005177597;       -0,007921603;      5501,244
-0,01161956;       0,007360675;      5501,262
-0,01059271;       0,01524747;      5501,281
0,0005155265;       -0,00906965;      5501,299
-0,02330311;       -0,001906143;      5501,317
-0,03497081;       -0,003561306;      5501,336
-0,0196642;       0,01727419;      5501,354
-0,004286132;       -0,01066988;      5501,373
-0,01181901;       -0,01192283;      5501,389
-0,01181901;       0,003291963;      5501,407
-0,006950017;       -0,00200999;      5501,425
-0,01098673;       -0,009277658;      5501,442
-0,01254416;       -0,003574155;      5501,461
-0,02541636;       -0,007193283;      5501,479
-0,01881966;       -0,00398168;      5501,497
-0,01262819;       0,001197157;      5501,516
-0,01457337;       0,001844925;      5501,533
-0,004715664;       0,002150823;      5501,551
0,0008783895;       0,001044581;      5501,569
-0,001645232;       -0,003543969;      5501,588
-0,001819894;       0,0008262767;      5501,606
0,01078742;       0,006103428;      5501,624
-0,0006350728;       -0,01515642;      5501,642
-0,01758337;       -0,002294235;      5501,66
-0,01295506;       0,003057908;      5501,677
-0,004759631;       -0,000841346;      5501,694
-0,01760359;       -0,01062482;      5501,713
-0,0216243;       -0,006270727;      5501,732
-0,02692503;       0,005182805;      5501,75
-0,02692503;       0,008242958;      5501,766
-0,01963122;       0,00669881;      5501,782
-0,01678814;       0,01256725;      5501,799
-0,0219319;       0,0007623289;      5501,816
-0,02671558;       -0,008059456;      5501,834
-0,01260974;       -0,009076433;      5501,85
-0,01801327;       -0,003578603;      5501,868
-0,004047743;       -0,001041822;      5501,886
0,002511584;       0,004686898;      5501,904
-0,00495606;       -0,0009946947;      5501,922
-0,01248256;       -0,004590878;      5501,94
-0,01426783;       -0,01067498;      5501,958
-0,01666509;       0,004432364;      5501,975
-0,01672226;       0,005696178;      5501,992
-0,01672226;       -0,003404286;      5502,008
-0,02483843;       -0,007982756;      5502,025
-0,02126083;       0,006856556;      5502,043
-0,01534722;       0,003219268;      5502,061
-0,01082698;       -0,005249493;      5502,078
-0,003090918;       0,001252943;      5502,094
-0,007067298;       0,009253167;      5502,112
0,004264127;       0,005989347;      5502,13
0,004264127;       -0,00440779;      5502,147
0,00255776;       -0,01171485;      5502,164
-0,004715793;       -0,01490768;      5502,18
-0,02221861;       0,001104862;      5502,198
-0,02306524;       0,01128373;      5502,217
-0,01962673;       -0,004080112;      5502,235
-0,01855203;       0,00212952;      5502,253
-0,02108678;       0,002033725;      5502,271
-0,0133817;       0,009292467;      5502,289
-0,0133817;       0,004148121;      5502,306
-0,01586973;       -0,007627542;      5502,324
-0,01734825;       0,00984259;      5502,343
-0,006751322;       -0,005459426;      5502,362
-0,01766351;       0,001885512;      5502,38
-0,01680939;       0,004160495;      5502,398
-0,005751218;       -0,008618845;      5502,417
0,0003727314;       -0,008969173;      5502,435
-0,002007729;       0,002777935;      5502,454
-0,004684383;       0,01468669;      5502,472
-0,004684383;       0,004739993;      5502,49
-0,005097199;       0,01341189;      5502,51
-0,01600317;       -0,00432453;      5502,528
-0,01600317;       -0,009353326;      5502,546
-0,02375844;       0,0105214;      5502,564
-0,01668718;       0,009018184;      5502,583
-0,01604496;       0,008611076;      5502,601
-0,01840321;       -0,004243774;      5502,62
-0,005220348;       -0,01216225;      5502,639
-0,003411416;       -0,001876761;      5502,658
-0,006840094;       -0,0103289;      5502,675
-0,005015515;       -0,009628858;      5502,693
-0,01463636;       -0,006821061;      5502,71
-0,01522566;       0,006783141;      5502,729
-0,01522566;       -0,003919018;      5502,746
-0,01081192;       -0,006257009;      5502,765
-0,01433506;       -0,007298594;      5502,783
-0,006594964;       -0,0002391609;      5502,801
-0,008080624;       -0,0004535875;      5502,818
-0,01471549;       -0,007122395;      5502,835
-0,01121357;       0,002473481;      5502,853
-0,01033911;       -0,0140057;      5502,872
-0,007818785;       -0,001804965;      5502,89
-0,01219035;       -0,004456012;      5502,909
-0,01219035;       -0,001765469;      5502,927
-0,008047002;       -0,01630264;      5502,945
-0,005743761;       -0,002630796;      5502,964
-0,01240374;       -0,00107331;      5502,981
-0,01155789;       -0,003487047;      5502,998
-0,009587556;       0,009767525;      5503,016
-0,01936048;       -0,008635921;      5503,033
-0,01696073;       0,005523816;      5503,051
-0,0124849;       0,003926035;      5503,069
-0,01418454;       -0,007156341;      5503,088
-0,01418454;       0,009895659;      5503,106
-0,01304921;       0,002289749;      5503,125
-0,005889255;       -0,001297524;      5503,142
-0,005395618;       -0,0003901821;      5503,16
-0,01168146;       0,006260006;      5503,178
-0,01901076;       -0,0038918;      5503,195
-0,01863699;       -0,0008511115;      5503,213
-0,01811635;       -0,001077188;      5503,231
-0,002510311;       0,003651558;      5503,248
-0,002510311;       -0,007787058;      5503,267
0,002806767;       -0,02091357;      5503,285
0,002580231;       -0,02885097;      5503,302
-0,01513804;       -0,02407414;      5503,32
-0,02775932;       -0,004720679;      5503,338
-0,03839639;       0,02441269;      5503,356
-0,02709046;       0,038094;      5503,374
-0,02145662;       0,04377385;      5503,393
-0,02161106;       0,02019205;      5503,413
-0,02297432;       0,01345854;      5503,431
-0,02297432;       -0,004176103;      5503,447
-0,01207675;       -0,00973738;      5503,466
-0,001037226;       -0,01264785;      5503,484
0,006864818;       -0,01354733;      5503,502
-0,0003463479;       -0,01523184;      5503,521
0,005561705;       0,001534554;      5503,538
0,007323567;       -0,01024801;      5503,556
-0,01543084;       -0,01529905;      5503,574
-0,01582166;       0,00334538;      5503,591
-0,01935263;       0,003048496;      5503,61
-0,01935263;       0,0003925802;      5503,627
-0,01177757;       -0,001895604;      5503,645
-0,01646009;       -0,002228813;      5503,663
-0,01524716;       0,003055145;      5503,681
-0,01987534;       0,006144662;      5503,699
-0,006316091;       -0,01279615;      5503,717
-0,007379787;       0,009505198;      5503,734
-0,0102112;       0,004853931;      5503,752
-0,003741405;       0,008667341;      5503,769
-0,003741405;       0,001377896;      5503,786
-0,01404981;       -0,004752361;      5503,805
-0,01378305;       0,01676871;      5503,822
-0,01165611;       0,009178444;      5503,839
-0,01701774;       -0,004805185;      5503,855
-0,02043427;       0,005385656;      5503,873
-0,02043427;       -0,0009291385;      5503,888
0,002089876;       -0,01317332;      5503,904
-0,01202447;       -0,01210671;      5503,922
-0,02187642;       -0,00731149;      5503,939
-0,00799824;       -0,002373436;      5503,958
-0,009787053;       -0,008498157;      5503,975
-0,01801333;       -0,01139721;      5503,994
-0,02159658;       0,004968592;      5504,01
-0,02159658;       0,00177933;      5504,026
-0,01183758;       0,004729613;      5504,042
-0,01321028;       0,001220558;      5504,06
-0,01676802;       -0,004049123;      5504,076
-0,01617405;       0,00149691;      5504,093
-0,008388794;       -0,002157893;      5504,11
-0,008388794;       -0,0004698186;      5504,126
-0,01316571;       -0,0005816016;      5504,144
-0,00335674;       -0,006044163;      5504,16
-0,01288569;       0,00159003;      5504,178
-0,02329358;       0,007754491;      5504,195
-0,01961985;       -0,005829389;      5504,213
-0,009065727;       -0,006510454;      5504,23
-0,009065727;       0,0008183066;      5504,248
-0,01022586;       -0,001515353;      5504,265
-0,01901891;       -0,004171366;      5504,283
-0,0078741;       -0,002201452;      5504,3
-0,007853191;       0,0008227124;      5504,317
-0,01434647;       -0,002899329;      5504,336
-0,01885451;       -0,001662932;      5504,354
-0,01624429;       -0,008291171;      5504,371
-0,01624429;       -0,004635899;      5504,387
-0,008165468;       -0,003423643;      5504,404
-0,006477384;       -0,002237348;      5504,42
-0,01303353;       0,0008351229;      5504,44
-0,01253671;       -0,001139128;      5504,458
-0,01100547;       1,777924E-05;      5504,475
-0,01721726;       0,005586515;      5504,493
-0,01721726;       0,0003729794;      5504,509
-0,03184778;       0,001363138;      5504,527
-0,01577229;       -0,001177168;      5504,544
-0,01145368;       -0,00212508;      5504,563
-0,01760423;       -0,0152386;      5504,582
-0,007295536;       -0,002371476;      5504,6
-0,00995743;       0,00784067;      5504,618
-0,007372208;       -0,008858365;      5504,637
-0,007403502;       -0,00301185;      5504,655
-0,01157782;       0,008828984;      5504,674
-0,01456121;       0,01057507;      5504,692
-0,004150095;       0,002983787;      5504,709
-0,004150095;       -0,00326874;      5504,727
-0,009813883;       -0,002794899;      5504,745
-0,01613592;       0,001311439;      5504,762
-0,01614434;       -0,0003393004;      5504,781
-0,009367425;       -0,001649584;      5504,798
-0,004607185;       -0,01196345;      5504,815
-0,01415831;       -0,001601126;      5504,833
-0,01248963;       -1,533772E-06;      5504,852
-0,01202655;       -0,00310321;      5504,87
-0,01202655;       -0,004123367;      5504,887
-0,01198005;       -0,001683321;      5504,905
-0,01366595;       -0,007794919;      5504,923
-0,01333942;       -0,009375488;      5504,939
-0,01610939;       -0,00430983;      5504,957
-0,006540258;       0,001215688;      5504,975
-0,01126581;       0,002475503;      5504,994
-0,007065432;       0,004109396;      5505,011
-0,007065432;       0,001843033;      5505,027
-0,006429378;       -0,001343931;      5505,045
-0,01138364;       0,002522356;      5505,063
-0,01929998;       -0,004018791;      5505,08
-0,01448539;       0,005976865;      5505,098
-0,01262229;       0,009445684;      5505,116
-0,004022722;       -0,002695432;      5505,134
-0,01452779;       -0,004077409;      5505,153
-0,01797364;       0,0007038058;      5505,169
-0,01797364;       -0,0012879;      5505,187
-0,006869582;       -0,00264947;      5505,205
-0,0006463007;       -0,003430484;      5505,222
-0,004391665;       -0,0005346169;      5505,239
-0,007827599;       0,003960239;      5505,256
0,003632477;       0,01546482;      5505,274
0,01229858;       -0,009134427;      5505,292
0,01820257;       -0,01685413;      5505,308
0,01820257;       -0,02156522;      5505,326
0,00792081;       -0,0001468093;      5505,343
-0,008385358;       0,001643405;      5505,361
-0,02191811;       0,01157783;      5505,378
-0,05343822;       0,002445595;      5505,395
-0,05066966;       -0,002504413;      5505,412
-0,05544579;       0,009114868;      5505,429
-0,05544579;       -0,01597906;      5505,447
-0,06044545;       0,002571234;      5505,465
-0,03457992;       0,009142678;      5505,482
-0,0218034;       -0,01028622;      5505,502
-0,004473911;       -0,004944841;      5505,519
0,01036956;       0,002436212;      5505,537
0,02750215;       -0,001938112;      5505,555
0,01281114;       0,01085453;      5505,575
0,0005993433;       0,004567627;      5505,594
0,01082237;       -0,0003603464;      5505,612
0,002461154;       -0,0004672972;      5505,631
-0,01036319;       0,001927662;      5505,649
-0,01036319;       0,01457001;      5505,667
-0,010678;       -0,007196008;      5505,685
-0,02036992;       -4,024745E-05;      5505,703
-0,0270605;       0,003902176;      5505,722
-0,03164173;       0,001885787;      5505,74
-0,02346768;       -0,00573443;      5505,757
-0,01980204;       -0,004423295;      5505,774
-0,009192242;       -0,01235773;      5505,791
-0,009192242;       -0,005849528;      5505,807
-0,008462287;       0,003096553;      5505,825
-0,02259256;       0,005524738;      5505,841
-0,007249032;       -0,00458301;      5505,857
-0,00872184;       0,0009532793;      5505,874
-0,02095423;       -0,002671237;      5505,891
-0,02095423;       -0,007362076;      5505,907
-0,02086913;       -0,009850232;      5505,924
-0,01215663;       -0,005206014;      5505,94
-0,001768392;       0,007676848;      5505,958
-0,00538462;       0,0001461431;      5505,97
-0,00538462;       -0,004160757;      5505,988
-0,007070038;       0,002070286;      5506,004
0,00517222;       -0,001653906;      5506,021
-0,009271228;       -0,008362886;      5506,038
-0,01104543;       0,003702257;      5506,056
-0,01663514;       0,003086446;      5506,073
-0,01366732;       -0,001586974;      5506,09
-0,01366732;       0,01037782;      5506,105
-0,03766998;       -0,01360563;      5506,121
-0,01833555;       -0,01079443;      5506,136
-0,008940973;       -0,009827362;      5506,153
-0,01635145;       0,007054489;      5506,169
-0,01635145;       0,007125873;      5506,187
-0,01609996;       -0,00515354;      5506,204
-0,009759971;       -0,006137765;      5506,223
-0,01250378;       0,003644454;      5506,24
-0,009088311;       0,009602267;      5506,258
0,001634969;       0,001702058;      5506,275
-0,007736141;       -0,009584591;      5506,292
-0,01085889;       -0,003793003;      5506,31
-0,01085889;       0,008708127;      5506,328
-0,007973766;       -0,004119366;      5506,344
-0,02432764;       -0,002374119;      5506,361
-0,01702351;       -0,002900869;      5506,378
-0,01918701;       0,003570517;      5506,396
-0,01909338;       0,001641642;      5506,414
-0,01731069;       -0,008044497;      5506,43
-0,01476851;       -0,007248175;      5506,449
-0,01476851;       0,006176026;      5506,466
-0,01335221;       0,001527753;      5506,484
-0,004921085;       0,002929884;      5506,501
-0,01016636;       -0,0001758161;      5506,518
-0,007522226;       -0,001122212;      5506,535
-0,007128711;       -0,0009899283;      5506,552
-0,008650549;       0,002898986;      5506,569
-0,008650549;       -0,004633665;      5506,586
-0,01164034;       0,004327584;      5506,604
-0,01831044;       0,001200333;      5506,622
-0,01193752;       -0,003637614;      5506,639
-0,011373;       0,0006125247;      5506,656
-0,01747802;       -0,003382462;      5506,674
-0,01712759;       0,003717061;      5506,693
-0,008945449;       0,006273093;      5506,71
-0,007947908;       -0,008236169;      5506,728
-0,007947908;       -0,007623527;      5506,746
-0,0108236;       0,004890496;      5506,764
-0,01659055;       0,001390137;      5506,782
-0,008956036;       -0,009242808;      5506,8
-0,007756847;       -0,002600609;      5506,818
-0,02080685;       0,001477028;      5506,835
-0,007904414;       -0,004234231;      5506,854
-0,01944584;       0,01278751;      5506,871
-0,01113205;       0,000871371;      5506,889
-0,01113205;       -0,002593193;      5506,907
-0,01134736;       -0,002220316;      5506,925
-0,01319799;       -0,008536618;      5506,943
-0,0209844;       0,01324713;      5506,96
-0,00924571;       0,01103085;      5506,978
-0,01582091;       -0,004824365;      5506,995
-0,01838394;       0,0009402462;      5507,013
-0,004193331;       -0,008225257;      5507,032
-0,0008881527;       0,0001762146;      5507,048
-0,0008881527;       -0,001353805;      5507,065
-0,01500232;       -0,002532075;      5507,083
-0,009100809;       0,01790198;      5507,101
-0,01809215;       0,0104911;      5507,119
-0,001566882;       -0,01294774;      5507,136
-0,002396476;       -0,003457682;      5507,153
-0,01349112;       -0,00463928;      5507,17
-0,01741772;       0,006270152;      5507,189
-0,01741772;       0,02119815;      5507,206
-0,005838276;       0,007349739;      5507,223
-0,006324794;       0,001219936;      5507,241
-0,02726796;       0,004462534;      5507,258
-0,0342252;       0,004832119;      5507,277
-0,0190477;       0,003086231;      5507,294
-0,008299702;       -0,002861565;      5507,312
-0,002231201;       -0,01409593;      5507,331
-0,001659425;       -0,008568873;      5507,349
-0,001659425;       0,008986823;      5507,367
-0,005022869;       0,003518852;      5507,385
-0,004356731;       -0,01945654;      5507,403
-0,01018501;       -0,02759873;      5507,42
-0,01805427;       -0,02222863;      5507,438
-0,01098737;       -0,0004685987;      5507,456
-0,01071655;       0,009312935;      5507,474
-0,005172833;       0,006805515;      5507,492
-0,01001039;       0,01991757;      5507,509
-0,01001039;       0,01606253;      5507,526
-0,01901238;       0,01303416;      5507,544
-0,02067765;       0,008012805;      5507,562
-0,01129853;       -0,01036137;      5507,579
-0,004714357;       -0,024127;      5507,596
-0,02402705;       -0,01202022;      5507,615
-0,01626883;       0,009117557;      5507,633
-0,01251959;       0,007553421;      5507,651
-0,02009165;       0,0003634221;      5507,668
-0,02009165;       0,008641046;      5507,686
-0,016828;       0,03193393;      5507,704
-0,01102452;       0,008127255;      5507,722
-0,02519702;       0,001299954;      5507,739
-0,01914268;       -0,01540398;      5507,757
-0,008804524;       -0,00786512;      5507,775
-0,001873188;       7,668778E-05;      5507,792
-0,007770055;       -0,004766074;      5507,81
-0,007770055;       -0,01000911;      5507,828
-0,008957733;       -0,005879214;      5507,845
-0,003084267;       0,001076823;      5507,86
-0,01853615;       -0,0004745056;      5507,877
-0,01943021;       0,0004533492;      5507,894
-0,01727527;       0,001271575;      5507,909
-0,01727527;       0,002521679;      5507,926
-0,01764064;       0,005199837;      5507,941
-0,01252019;       0,008285294;      5507,957
-0,007697885;       0,00701004;      5507,973
-0,0134522;       -0,01061216;      5507,991
-0,0134522;       -0,008054402;      5508,008
-0,01771326;       -0,005354832;      5508,025
-0,001864602;       -0,005736345;      5508,043
-0,004668678;       -0,008461379;      5508,059
-0,0001747783;       -0,01815621;      5508,078
-0,006193325;       -0,01746952;      5508,095
-0,01595156;       -0,003732638;      5508,113
-0,02484834;       0,01338677;      5508,13
-0,02484834;       0,02733653;      5508,147
-0,03001461;       0,04400788;      5508,165
-0,02752717;       0,03066262;      5508,182
-0,0425779;       0,01833087;      5508,2
-0,04052344;       0,009640578;      5508,218
-0,007329826;       -0,02013718;      5508,235
0,007503618;       -0,01451508;      5508,253
0,02644077;       -0,01412938;      5508,271
0,02644077;       -0,01707929;      5508,287
0,0268941;       -0,01803915;      5508,305
0,002826527;       -0,007316428;      5508,323
-0,007790533;       -0,003676074;      5508,34
-0,02240741;       0,00337322;      5508,359
-0,01806502;       0,00863535;      5508,377
-0,0330552;       0,004337457;      5508,395
-0,02641467;       0,005376847;      5508,413
-0,01280306;       0,01102735;      5508,432
-0,0215263;       0,008160154;      5508,45
-0,0215263;       0,005855488;      5508,466
-0,01408858;       0,003689089;      5508,484
-0,01059641;       0,01140859;      5508,501
-0,007097352;       0,009664431;      5508,52
-0,007307246;       -0,0149734;      5508,536
-0,01238709;       -0,01446886;      5508,554
0,002334152;       -0,01351926;      5508,572
0,0008993919;       -0,02267321;      5508,589
0,0008993919;       -0,03262412;      5508,606
-0,008464984;       0,01619246;      5508,623
-0,02809295;       0,03759571;      5508,641
-0,02191892;       0,02499799;      5508,657
-0,02715147;       0,01221913;      5508,675
-0,04701705;       0,02220505;      5508,694
-0,02478629;       0,01568762;      5508,711
0,01331687;       -0,0266003;      5508,811
-0,007252381;       0,0179485;      5508,826
-0,006433763;       -0,003586505;      5508,84
-0,0124523;       0,006127452;      5508,857
-0,01963045;       -0,003288752;      5508,873
-0,01034281;       -0,005754361;      5508,893
-0,01034281;       0,005381494;      5508,91
-0,01750725;       -0,0004108999;      5508,93
-0,009129622;       0,001410847;      5508,95
-0,009129622;       0,003588644;      5508,968
-0,003662147;       0,0009402588;      5508,986
-0,007388724;       -0,0009119728;      5509,004
-0,007740359;       -5,993131E-05;      5509,024
-0,01128802;       -0,006548109;      5509,042
-0,01074337;       -0,002731117;      5509,06
-0,01370389;       0,0002330975;      5509,077
-0,01506628;       -0,0004908247;      5509,096
-0,01000212;       -0,0069825;      5509,112
-0,01337571;       0,001682979;      5509,131
-0,01337571;       0,0004755752;      5509,148
-0,01071401;       0,005071341;      5509,167
-0,005990641;       0,001836095;      5509,185
-0,0054731;       0,004714308;      5509,202
-0,01489752;       -0,001756727;      5509,22
-0,009682897;       -0,00371369;      5509,237
-0,007029936;       0,003533862;      5509,255
-0,0165101;       0,0009747805;      5509,272
-0,0165101;       -0,004525842;      5509,29
-0,009235315;       0,002972716;      5509,308
-0,0117903;       0,001325576;      5509,326
-0,01815774;       0,002860822;      5509,344
-0,01719391;       0,002750289;      5509,363
-0,01293846;       -0,008307989;      5509,38
-0,01768838;       -0,001500589;      5509,399
-0,009037359;       -0,0005726202;      5509,417
-0,007398657;       -0,007151157;      5509,437
-0,01864065;       -0,007981578;      5509,455
-0,01788425;       -0,0004450561;      5509,47
-0,02369249;       -0,0004047065;      5509,486
-0,01796814;       0,005971741;      5509,503
-0,004425713;       0,005959491;      5509,519
-0,01455881;       -0,004915074;      5509,536
-0,01754302;       0,004404144;      5509,551
-0,01754302;       -0,004454708;      5509,567
-0,01366133;       -0,002712564;      5509,583
0,001032524;       0,0005686188;      5509,601
-0,005942645;       -0,003609988;      5509,618
-0,02412719;       0,005126673;      5509,634
-0,02412719;       0,007759412;      5509,649
-0,0223572;       -0,01108919;      5509,667
-0,01461301;       -0,00499575;      5509,684
-0,006314439;       -0,003397068;      5509,701
-0,01371294;       0,009889822;      5509,719
-0,01157168;       -0,004802998;      5509,736
-0,00603832;       -0,009537998;      5509,755
-0,00673302;       0,007332654;      5509,773
-0,01143054;       0,012536;      5509,791
-0,01143054;       -0,003112519;      5509,808
-0,02801503;       -0,01086099;      5509,826
-0,01531945;       -0,00813459;      5509,842
-0,006561499;       0,002656644;      5509,859
-0,01331285;       0,001743028;      5509,877
-0,005005789;       -0,01389397;      5509,895
-0,007015293;       -0,009468434;      5509,913
-0,007015293;       -0,005690235;      5509,929
-0,001899383;       -0,008082479;      5509,948
-0,006062289;       -0,002785346;      5509,966
-0,01758986;       0,003376455;      5509,984
-0,009360447;       0,001787676;      5510
-0,001431145;       0,005077903;      5510,02
-0,004382594;       0,01760755;      5510,037
0,02890935;       0,03811571;      5510,054
0,08071771;       0,04304668;      5510,072
0,1775474;       0,004305509;      5510,09
0,1775474;       0,04018665;      5510,108
0,2483116;       -0,0009494011;      5510,125
0,2473719;       -0,02709273;      5510,143
0,2395559;       -0,00410817;      5510,159
0,226368;       0,01476214;      5510,177
0,2496977;       0,03965099;      5510,194
0,3032956;       0,006889096;      5510,212
0,3032956;       -0,02061127;      5510,23
0,3214181;       0,006480898;      5510,248
0,1671072;       0,01626204;      5510,267
0,1301063;       -0,01218143;      5510,284
0,1258447;       -0,01882276;      5510,302
0,04444943;       -0,05978972;      5510,32
-0,01174374;       0,01429848;      5510,339
-0,07014529;       -0,02131867;      5510,357
-0,1334251;       0,006689345;      5510,375
-0,232894;       -0,1130379;      5510,393
-0,3084433;       -0,1157902;      5510,412
-0,4066504;       -0,07685838;      5510,432
-0,4066504;       -0,07247031;      5510,449
-0,4094744;       -0,01105922;      5510,468
-0,3575387;       -0,05742091;      5510,486
-0,332145;       -0,001381377;      5510,503
-0,2951776;       -0,014593;      5510,521
-0,2045648;       0,0212339;      5510,54
-0,132542;       0,1085753;      5510,557
-0,08366684;       0,083034;      5510,575
-0,07230613;       0,01642693;      5510,592
-0,07230613;       -0,008101108;      5510,61
-0,06507131;       0,05608001;      5510,628
-0,03214308;       0,05091941;      5510,645
-0,01095828;       -0,009306794;      5510,663
0,0006882921;       -0,02912077;      5510,68
0,01023567;       -0,01443895;      5510,7
0,02565702;       0,01943021;      5510,717
0,02319979;       -0,004804029;      5510,735
0,03050827;       -0,02212927;      5510,753
0,01951871;       -0,007293232;      5510,771
0,01951871;       0,02518006;      5510,789
0,02368684;       0,01812312;      5510,808
0,02924824;       -0,02743049;      5510,826
0,008611105;       -0,03295716;      5510,844
0,003931034;       0,009465847;      5510,862
0,00700107;       0,02330767;      5510,88
-0,00273253;       0,01513567;      5510,899
-0,01441138;       0,018753;      5510,917
-0,01364856;       0,007724068;      5510,935
-0,01208266;       -0,006094513;      5510,952
-0,01884367;       0,006604084;      5510,97
-0,01884367;       0,009444248;      5510,988
-0,02137389;       -0,02336069;      5511,008
-0,02829657;       -0,02059335;      5511,026
-0,01971767;       -0,001215197;      5511,044
-0,01767069;       0,0002648733;      5511,062
-0,01866169;       -0,004817113;      5511,08
-0,02502239;       0,001429417;      5511,097
-0,01578281;       -0,002524469;      5511,116
-0,01659887;       -0,01748981;      5511,135
-0,01865031;       -0,01037356;      5511,153
-0,01008114;       -0,01452316;      5511,172
-0,01008114;       -0,01869201;      5511,189
-0,006835867;       -0,03446457;      5511,208
-0,009093292;       0,0007096488;      5511,226
-0,004664004;       0,04120767;      5511,243
-0,004382355;       0,02921971;      5511,26
0,004522156;       0,01308182;      5511,278
-0,001077965;       -0,03348871;      5511,295
-0,003770178;       -0,003661543;      5511,313
-0,003770178;       0,03467838;      5511,33
-0,01135895;       0,03014586;      5511,348
-0,007060084;       0,01774365;      5511,366
-0,013463;       0,002591965;      5511,383
-0,01969371;       -0,009238912;      5511,401
-0,02208062;       -0,006514822;      5511,418
-0,03043342;       0,02659366;      5511,435
-0,03374181;       0,02774736;      5511,452
-0,03374181;       -0,01354956;      5511,468
-0,03266243;       -0,02130573;      5511,487
-0,02763767;       -0,007672772;      5511,504
-0,04015849;       0,003965922;      5511,524
-0,03736242;       -0,01857252;      5511,541
-0,04644921;       -0,05177653;      5511,559
-0,04845259;       -0,05113668;      5511,575
-0,05748608;       -0,005235944;      5511,591
-0,05748608;       0,04279216;      5511,608
-0,06500006;       0,1173851;      5511,624
-0,06528273;       0,1148028;      5511,639
-0,04255151;       -0,02677898;      5511,658
-0,05443806;       -0,01317114;      5511,675
-0,04835948;       0,01613473;      5511,692
-0,04835948;       0,08902644;      5511,708
-0,05080578;       -0,01603992;      5511,726
-0,03747658;       -0,05041828;      5511,745
-0,03498737;       -0,01905785;      5511,762
-0,01403934;       0,03194286;      5511,779
-0,02115741;       -0,04160049;      5511,795
-0,01201328;       -0,04160049;      5511,812
-0,01201328;       -0,06897443;      5511,829
-0,01061146;       -0,09017748;      5511,846
-0,04921119;       -0,04726189;      5511,863
-0,06672925;       -0,01092669;      5511,882
-0,01621648;       0,1554167;      5511,9
0,01813605;       -0,008796514;      5511,917
-0,02298724;       -0,08871172;      5511,935
-0,06927942;       -0,06013256;      5511,954
-0,0206551;       0,1576311;      5511,972
-0,0206551;       0,1361914;      5511,989
0,01538018;       -0,05814026;      5512,006
-0,02335899;       -0,0819968;      5512,022
-0,04739762;       -0,03072582;      5512,039
-0,06393094;       0,0346005;      5512,058
-0,04462932;       0,06379274;      5512,075
-0,01948142;       0,05410541;      5512,092
-0,01948142;       -0,08978715;      5512,109
-0,04384494;       -0,0286622;      5512,127
-0,04819346;       0,04956749;      5512,144
-0,009504034;       0,07534795;      5512,161
0,03089807;       0,03388246;      5512,178
0,03896106;       -0,04631203;      5512,196
0,04096624;       -0,01802173;      5512,213
0,03162915;       -0,006149447;      5512,23
0,04075347;       -0,009343558;      5512,247
0,03714412;       0,0005800757;      5512,265
0,06150302;       0,009575224;      5512,282
0,06403573;       -0,004288657;      5512,299
0,07021405;       -0,0225987;      5512,317
0,07258557;       0,006684627;      5512,333
0,07258557;       0,02026136;      5512,349
0,07231584;       0,003305596;      5512,367
0,07844568;       -0,006205855;      5512,384
0,05910678;       -0,005264387;      5512,401
0,05863946;       0,006038899;      5512,419
0,03787092;       -0,01342091;      5512,436
0,01530244;       -0,007110706;      5512,453
-1,921039E-05;       -0,007006524;      5512,47
-1,921039E-05;       -0,003015132;      5512,488
-0,01136161;       -0,000648153;      5512,505
-0,03050962;       0,006115566;      5512,523
-0,04285083;       0,003284169;      5512,539
-0,04761174;       -0,00664066;      5512,556
-0,0582159;       -0,01038144;      5512,575
-0,07599854;       -0,02070038;      5512,594
-0,08791217;       -0,005266882;      5512,611
-0,08791217;       0,003140803;      5512,627
-0,08835776;       0,005364976;      5512,644
-0,08955424;       0,0004085227;      5512,661
-0,09105751;       0,007639097;      5512,679
-0,08227687;       0,008699098;      5512,697
-0,0723671;       0,003887255;      5512,715
-0,06631331;       -0,009848746;      5512,732
-0,05633427;       -0,0058112;      5512,75
-0,05750091;       -0,01404826;      5512,77
-0,05750091;       0,04127759;      5512,788
-0,03680348;       -0,01732391;      5512,805
-0,01667923;       -0,009843211;      5512,822
-0,01401832;       0,004605813;      5512,84
-0,01401832;       0,006467893;      5512,857
0,0001534196;       0,004901927;      5512,875
0,002256686;       0,003978333;      5512,891
0,002256686;       0,00501057;      5512,909
-6,313249E-05;       0,006209958;      5512,926
0,02235009;       0,005838883;      5512,944
0,02467201;       -0,02296655;      5512,963
0,02743691;       0,001195243;      5512,983
0,03059348;       0,005137018;      5513
0,02807856;       0,01075303;      5513,017
0,03390064;       -0,005909771;      5513,034
0,03000464;       -0,0008389776;      5513,053
0,0277335;       -0,005684812;      5513,07
0,0277335;       -0,01045894;      5513,087
0,02066257;       -0,008395674;      5513,106
0,01464205;       -0,000495129;      5513,124
0,01013759;       0,00413311;      5513,142
-0,003650408;       -0,006010577;      5513,159
0,0004963744;       0,007472407;      5513,176
-0,003407879;       -0,005995503;      5513,193
-0,006892918;       -0,009799482;      5513,21
-0,006892918;       0,003483889;      5513,227
-0,009237145;       0,009709734;      5513,245
-0,00635238;       -0,004976068;      5513,263
-0,005944084;       -0,01357148;      5513,282
-0,009879487;       -0,01159516;      5513,299
-0,01029133;       0,004087068;      5513,317
-0,007683853;       0,0124663;      5513,333
-0,01419707;       -0,002345054;      5513,352
-0,01419707;       -0,001007004;      5513,37
-0,02163897;       -0,003513254;      5513,389
-0,02728255;       0,00818059;      5513,406
-0,005175486;       0,0058551;      5513,424
-0,005955699;       0,004374521;      5513,442
-0,02354523;       -0,005562242;      5513,459
-0,01653325;       0,01082709;      5513,475
-0,007502543;       0,01503535;      5513,49
-0,007502543;       -0,002520393;      5513,506
-0,01352824;       -0,002349377;      5513,522
-0,01865635;       0,002079647;      5513,538
-0,01956988;       -0,004258163;      5513,554
-0,01956988;       0,002430654;      5513,569
-0,01526166;       0,009604842;      5513,585
-0,003908307;       -9,670248E-05;      5513,601
-0,01222313;       0,004054061;      5513,622
-0,02199193;       0,008904487;      5513,64
-0,01674194;       -0,0001442105;      5513,658
-0,007579486;       -0,003335897;      5513,677
-0,01337477;       -0,006735574;      5513,694
-0,01469538;       0,006130128;      5513,713
-0,01514035;       0,01381407;      5513,731
-0,01514035;       -0,003916365;      5513,749
-0,0174166;       -0,008594836;      5513,767
-0,01368798;       -0,001211631;      5513,784
-0,01395662;       -0,003596647;      5513,803
-0,003524961;       -0,0009627443;      5513,822
-0,003855205;       -0,004691688;      5513,84
-0,001997848;       -0,001723074;      5513,859
-0,01353449;       0,000771706;      5513,877
-0,008214858;       -0,0002561549;      5513,896
-0,007832151;       0,00109371;      5513,915
-0,005295949;       0,001541707;      5513,934
-0,01147095;       -0,005853647;      5513,952
-0,01147095;       -0,002129077;      5513,97
-0,02062824;       -0,006981303;      5513,988
-0,01304988;       -0,0007363491;      5514,005
-0,007301792;       0,0001063393;      5514,023
-0,02093242;       0,001083092;      5514,041
-0,01918431;       -0,003649566;      5514,059
-0,01453421;       0,004364768;      5514,078
-0,01150392;       -0,007283274;      5514,096
-0,01900594;       -0,00210734;      5514,114
-0,01395668;       0,002471334;      5514,132
-0,01597335;       -0,0004804117;      5514,15
-0,01597335;       0,004901413;      5514,17
-0,01600123;       0,009361135;      5514,187
-0,01091704;       -0,01209199;      5514,205
-0,01476951;       0,006487819;      5514,224
-0,01148956;       0,004971188;      5514,241
-0,009200653;       -0,01347413;      5514,259
-0,009200653;       -0,01112129;      5514,275
-0,005301237;       0,01237352;      5514,292
-0,005301237;       -0,006345961;      5514,309
-0,01189964;       -0,007239427;      5514,326
-0,02082074;       0,007534045;      5514,344
-0,02653403;       0,001674856;      5514,362
-0,01469686;       0,005352522;      5514,379
-0,007092731;       -0,001708886;      5514,397
-0,0127029;       -0,008782734;      5514,415
-0,007305192;       -0,003306667;      5514,433
-0,01699239;       0,001847266;      5514,45
-0,01699239;       -0,003433719;      5514,469
-0,006254236;       0,0006359408;      5514,486
-0,01133865;       -0,005308905;      5514,503
-0,01705506;       -0,0004693492;      5514,521
-0,01913964;       -0,003876431;      5514,538
-0,01091001;       6,833841E-05;      5514,556
-0,01591806;       -0,004800974;      5514,573
-0,02207899;       0,004273134;      5514,591
-0,02207899;       -0,006618632;      5514,608
-0,02283376;       0,003642372;      5514,625
-0,02006918;       -0,009338712;      5514,643
-0,02088539;       -0,01245386;      5514,661
-0,02340909;       0,003832398;      5514,68
-0,01481851;       0,01106224;      5514,699
-0,008748069;       -0,01104519;      5514,718
-0,01917897;       -0,001734399;      5514,735
-0,005585009;       0,008728586;      5514,753
-0,005585009;       0,006613574;      5514,771
-0,004035366;       -0,01163005;      5514,788
-0,008126166;       -0,003765413;      5514,806
-0,004328344;       0,0003345099;      5514,823
-0,01701061;       0,003361383;      5514,84
-0,009664156;       0,004499916;      5514,858
-0,008216816;       0,002108456;      5514,876
-0,01472089;       0,0009511849;      5514,895
-0,01447377;       0,004264842;      5514,914
-0,01634628;       0,003197363;      5514,932
-0,0163512;       -0,004547266;      5514,951
-0,0163512;       -0,001901788;      5514,967
-0,01814134;       0,0001392677;      5514,985
-0,01898482;       0,007734884;      5515,002
-0,01274856;       0,002764632;      5515,02
-0,01216781;       -0,003000311;      5515,038
-0,01535819;       0,006182453;      5515,055
-0,00683902;       -0,005983616;      5515,072
-0,00683902;       0,01329346;      5515,089
-0,01150056;       -0,003888582;      5515,105
-0,01917808;       -0,0110755;      5515,124
-0,01619557;       -0,0009098011;      5515,14
-0,01641729;       -0,0004703114;      5515,158
-0,01219038;       -0,002521516;      5515,176
-0,01696006;       0,0005041719;      5515,194
-0,009496095;       -0,001445105;      5515,212
-0,009496095;       0,005908002;      5515,229
-0,005432458;       0,004646579;      5515,248
-0,0161714;       -0,01539448;      5515,264
-0,02063318;       -0,009364431;      5515,282
-0,01072418;       0,01092173;      5515,299
-0,01741034;       0,001554107;      5515,319
-0,01900331;       0,002087881;      5515,336
-0,01676316;       -0,003097524;      5515,354
-0,0250049;       -0,01142142;      5515,372
-0,02247712;       -0,00814069;      5515,391
-0,02247712;       -0,0009859143;      5515,408
-0,02068853;       0,004364183;      5515,425
-0,01120388;       -0,01027304;      5515,443
-0,01526821;       -0,006589937;      5515,459
-0,01059061;       0,002525355;      5515,475
-0,01104362;       0,01072908;      5515,492
-0,01104362;       0,0002990864;      5515,508
-0,006030039;       -0,009382738;      5515,526
-0,009290813;       0,007732298;      5515,543
-0,0095437;       0,004469747;      5515,56
-0,01288785;       -0,002762544;      5515,576
-0,01359593;       -0,0004984932;      5515,593
-0,01359593;       -0,004192867;      5515,609
-0,01027347;       0,002915702;      5515,625
-0,01750696;       0,002063275;      5515,641
-0,01161196;       -0,003661895;      5515,658
-0,01308602;       -0,001753372;      5515,676
-0,01455778;       0,007405335;      5515,691
-0,01455778;       -0,009078461;      5515,707
-0,01169421;       0,002922867;      5515,724
-0,007106785;       0,005813112;      5515,739
-0,01822544;       -0,01869541;      5515,757
-0,01822544;       0,0005547821;      5515,774
-0,01822544;       0,0005547821;      5515,789
-0,01240626;       0,002600454;      5515,805
-0,01752195;       0,001937872;      5515,819
-0,01267206;       0,005112167;      5515,835
-0,01393897;       -0,01120887;      5515,853
-0,01393897;       -0,004023359;      5515,869
-0,01169765;       0,001014392;      5515,888
-0,009734287;       -0,001024307;      5515,906
-0,00397928;       0,002529061;      5515,923
-0,007684617;       0,0002646626;      5515,941
-0,01507227;       -0,00629401;      5515,959
-0,01525739;       -0,00232875;      5515,977
-0,01490429;       0,008748179;      5515,995
-0,01605117;       0,008825694;      5516,013
-0,02066014;       -0,001097523;      5516,032
-0,01641672;       0,002342333;      5516,05
-0,01641672;       0,003755945;      5516,067
-0,01981642;       0,003387267;      5516,086
-0,01698868;       -0,004318831;      5516,103
-0,02161552;       -0,00324423;      5516,12
-0,009557158;       0,0008310833;      5516,137
-0,01671171;       0,003738117;      5516,155
-0,01645437;       -0,0002643138;      5516,172
-0,01493788;       -0,0006728529;      5516,19
-0,01493788;       -0,006253054;      5516,208
-0,008457145;       0,007859499;      5516,225
-0,008184521;       0,0003555713;      5516,243
-0,008697973;       -0,007282157;      5516,26
-0,009952319;       -0,002083726;      5516,275
-0,009952319;       -0,002905372;      5516,292
-0,01006396;       -0,00804591;      5516,31
-0,005905984;       0,002610847;      5516,33
-0,006202453;       0,0009785207;      5516,347
-0,0160957;       -0,002537388;      5516,366
-0,01519278;       -0,001469942;      5516,384
-0,02047702;       -0,0019147;      5516,401
-0,01018933;       -0,005815497;      5516,418
-0,02132202;       0,0008304014;      5516,436
-0,01403206;       -0,003361468;      5516,454
-0,0112096;       -0,003759778;      5516,473
-0,00970582;       -0,001591406;      5516,491
-0,00970582;       0,004683685;      5516,508
-0,007001308;       -0,009506427;      5516,525
-0,01206681;       -0,005349369;      5516,542
-0,01786085;       -0,0008628413;      5516,56
-0,01529347;       0,006147802;      5516,577
-0,01138432;       0,004410306;      5516,596
-0,010865;       -0,0005023964;      5516,614
-0,010865;       -0,01351248;      5516,631
-0,008031563;       -0,00271348;      5516,65
-0,01355083;       0,00459731;      5516,668
-0,01651544;       0,01113095;      5516,687
-0,008200599;       -0,003006889;      5516,706
-0,01767968;       -0,01603574;      5516,723
-0,01060469;       0,01175299;      5516,741
-0,0140589;       0,005352228;      5516,759
-0,009476257;       -8,796467E-05;      5516,776
-0,01172287;       -0,006407473;      5516,793
-0,01259952;       -0,006891116;      5516,81
-0,01259952;       -0,001735765;      5516,828
-0,01683337;       0,002517567;      5516,847
-0,01657896;       -0,006727089;      5516,864
-0,009268586;       -0,002056623;      5516,882
-0,02003788;       -0,0009674212;      5516,9
-0,009762567;       0,007392429;      5516,918
-0,01335448;       -0,001069565;      5516,937
-0,01774121;       -0,002567748;      5516,955
-0,01942841;       0,0006988026;      5516,971
-0,01942841;       -0,01061701;      5516,988
-0,01159571;       0,006094928;      5517,005
-0,005622915;       0,007953191;      5517,022
-0,006753956;       -0,01018682;      5517,038
-0,008713431;       0,001858445;      5517,056
-0,01081772;       0,003693834;      5517,074
-0,01444914;       -0,002594332;      5517,09
-0,01444914;       0,001654702;      5517,108
-0,02025396;       -0,004493793;      5517,125
-0,01463465;       0,00288573;      5517,141
-0,01259755;       0,003030079;      5517,159
-0,01787397;       -0,003544176;      5517,176
-0,01604149;       -0,002656515;      5517,194
-0,01564819;       -0,0002121815;      5517,212
-0,01493199;       -0,002938326;      5517,231
-0,01493199;       -0,0002183151;      5517,248
-0,00203986;       -0,002614634;      5517,266
-0,01847896;       -0,005081511;      5517,283
-0,0215357;       -0,001904935;      5517,3
-0,01996939;       0,01117954;      5517,321
-0,01616394;       -0,002192332;      5517,337
-0,01545211;       -0,000896026;      5517,353
-0,01545211;       -0,008424945;      5517,37
-0,009508533;       0,006429508;      5517,388
-0,01105556;       0,003297356;      5517,408
-0,0147608;       -0,01034924;      5517,426
-0,01592568;       -0,002979249;      5517,443
-0,01567846;       0,002733246;      5517,459
-0,006703428;       0,006883769;      5517,476
-0,00883003;       0,004357685;      5517,493
-0,00883003;       0,01006925;      5517,509
-0,00400373;       -0,003781211;      5517,525
-0,0009447047;       -0,01579822;      5517,541
-0,007532548;       0,0009529998;      5517,558
-0,02341562;       -0,002982473;      5517,575
-0,02013763;       0,005594505;      5517,591
-0,02013763;       0,004506287;      5517,608
-0,02329455;       -0,00545452;      5517,624
-0,0268763;       -0,007259067;      5517,641
-0,02928866;       -0,007040368;      5517,656
-0,02710835;       -0,005123711;      5517,673
-0,02710835;       -0,001004175;      5517,69
-0,02311976;       -0,006043631;      5517,706
-0,01523766;       0,01062146;      5517,723
-0,01291775;       -0,01091668;      5517,74
-0,01799725;       -0,0057537;      5517,758
-0,01879217;       0,0050302;      5517,774
-0,005290998;       0,004453906;      5517,791
-0,005290998;       -0,007269677;      5517,807
-0,01333296;       -0,005976659;      5517,824
-0,0004479245;       -0,007845428;      5517,84
-0,01202149;       7,287704E-05;      5517,857
-0,004146667;       -0,003643503;      5517,875
0,005591345;       -0,0046315;      5517,893
0,004653429;       0,01488833;      5517,913
0,02564613;       0,02061565;      5517,932
0,05478583;       0,01817396;      5517,951
0,05478583;       0,000245553;      5517,968
0,07973849;       -0,003861741;      5517,986
0,102854;       0,01429087;      5518,004
0,1030486;       -0,008678305;      5518,022
0,10621;       -0,02419386;      5518,041
0,08453353;       -0,009329345;      5518,058
0,04978425;       0,005124393;      5518,076
0,02417189;       -0,006647596;      5518,094
-0,006913263;       -0,001239337;      5518,113
-0,04117298;       -0,007404367;      5518,13
-0,04117298;       0,002155656;      5518,148
-0,04376699;       -0,01198557;      5518,167
-0,04839192;       -0,008015265;      5518,185
-0,06042532;       -0,001238259;      5518,201
-0,05966312;       0,001826623;      5518,218
-0,06751213;       0,00455677;      5518,236
-0,06657232;       0,02087656;      5518,253
-0,06012708;       0,03191686;      5518,271
-0,06012708;       -0,02079122;      5518,288
-0,06594823;       -0,03050583;      5518,306
-0,08369181;       0,01970207;      5518,323
-0,07628748;       0,02700623;      5518,34
-0,06733343;       -0,03331668;      5518,359
-0,0829327;       -0,01141359;      5518,377
-0,06045065;       0,02934161;      5518,396
-0,06935934;       -0,005591139;      5518,414
-0,06447677;       -0,006624474;      5518,431
-0,04755753;       -0,01456131;      5518,45
-0,04755753;       -0,008293906;      5518,467
-0,05452099;       0,02755647;      5518,486
-0,0277498;       -0,016715;      5518,505
-0,02745002;       -0,003080257;      5518,522
-0,007622302;       0,003079649;      5518,54
-0,009172772;       -0,02208125;      5518,558
-0,006722942;       -0,006766155;      5518,575
-0,0007664929;       -0,00428796;      5518,594
-0,007641317;       0,006676967;      5518,611
-0,007641317;       -0,01605083;      5518,628
-0,004533192;       -0,0260901;      5518,646
-0,0261095;       -0,01509345;      5518,663
-0,03474558;       -0,009273163;      5518,681
-0,04886046;       -0,009271058;      5518,7
-0,06359917;       -0,02497519;      5518,717
-0,07804981;       0,004579877;      5518,734
-0,06014571;       0,03704159;      5518,753
-0,07867569;       0,003037404;      5518,772
-0,08488695;       0,01465526;      5518,791
-0,08488695;       0,007643493;      5518,809
-0,07974277;       -0,02999902;      5518,826
-0,1211734;       -0,02860783;      5518,844
-0,1411393;       -0,008622275;      5518,861
-0,1354278;       0,04005546;      5518,881
-0,149975;       -0,01176409;      5518,897
-0,1788392;       -0,009391516;      5518,916
-0,1566667;       0,06472648;      5518,934
-0,1592846;       0,02996255;      5518,952
-0,1620964;       -0,04339117;      5518,97
-0,1620964;       0,06308711;      5518,988
-0,08586137;       -0,002557743;      5519,006
-0,02673857;       -0,05371157;      5519,024
-0,01987509;       -0,0379664;      5519,041
0,04327111;       0,04933159;      5519,059
0,06189017;       -0,02257195;      5519,077
0,04714436;       -0,04239287;      5519,093
0,05424734;       -0,0475453;      5519,111
0,05424734;       0,02226967;      5519,129
0,1373998;       0,008115862;      5519,146
0,2095308;       -0,03146425;      5519,165
0,2476847;       -0,03146425;      5519,182
0,257485;       -0,02906615;      5519,2
0,245259;       0,01194554;      5519,218
0,1561344;       -0,01356753;      5519,236
0,04872499;       -0,038135;      5519,254
-0,02759917;       -0,03694981;      5519,271
-0,02759917;       -0,01670984;      5519,29
-0,04916375;       0,07763023;      5519,308
-0,02729823;       0,04145285;      5519,325
-0,02726066;       -0,01603091;      5519,343
-0,07049838;       -0,008829933;      5519,361
-0,1394408;       0,05928968;      5519,378
-0,08384503;       0,08487578;      5519,397
-0,02505058;       -0,001991113;      5519,415
0,05265477;       -0,01991555;      5519,433
0,1609705;       0,01351615;      5519,451
0,1609705;       0,01804817;      5519,467
0,1438029;       -0,05160599;      5519,483
0,009721762;       -0,07033156;      5519,5
-0,04674765;       -0,01818809;      5519,515
-0,007041103;       0,002392277;      5519,532
-0,007041103;       -0,01744485;      5519,55
0,004048558;       0,002055669;      5519,565
-0,00473243;       0,02939679;      5519,583
0,001690225;       0,01400202;      5519,6
0,02359616;       -0,01522056;      5519,618
-0,02013232;       -0,03119272;      5519,635
-0,007726555;       -0,01615107;      5519,654
-0,007726555;       -0,02090606;      5519,669
0,05232936;       -0,02294231;      5519,688
0,112545;       -0,01073087;      5519,704
0,08084163;       -0,03010017;      5519,721
-0,01923995;       -0,1440199;      5519,739
-0,08483461;       0,01117357;      5519,756
0,01608487;       0,1766699;      5519,773
0,08629213;       0,141677;      5519,791
0,08629213;       -0,1068868;      5519,806
0,1457185;       -0,0651127;      5519,823
0,1066799;       -0,06775633;      5519,839
0,07152469;       0,002386001;      5519,854
-0,04703641;       0,08974808;      5519,871
0,004469276;       0,108288;      5519,89
0,03973617;       -0,0006064791;      5519,906
0,1209186;       -0,005983423;      5519,923
0,2085552;       0,02247516;      5519,941
0,2510106;       0,108904;      5519,959
0,2793753;       0,04246766;      5519,977
0,2495547;       -0,04799657;      5519,996
0,2039571;       -0,007676422;      5520,013
0,1543077;       0,03593717;      5520,032
0,1543077;       0,05772746;      5520,049
0,1718036;       -0,03320297;      5520,067
0,2001879;       -0,02466719;      5520,084
0,08942042;       -0,06348795;      5520,103
0,02656954;       -0,04295997;      5520,121
-0,1086956;       -0,04438725;      5520,139
-0,1788303;       -0,02721363;      5520,157
-0,2243055;       -0,05682828;      5520,174
-0,3050607;       -0,07265233;      5520,191
-0,3050607;       -0,04004535;      5520,209
-0,3347287;       -0,02108523;      5520,227
-0,3235931;       0,0324425;      5520,249
-0,2662119;       0,06030229;      5520,266
-0,2096658;       0,04538899;      5520,284
-0,1885657;       -0,01610776;      5520,303
-0,1811472;       -0,02321468;      5520,321
-0,1416974;       0,07825799;      5520,338
-0,1246729;       0,02379125;      5520,356
-0,1051487;       -0,006662464;      5520,374
-0,05886218;       0,01144667;      5520,392
-0,05779238;       0,01726812;      5520,411
-0,05779238;       -0,06919791;      5520,428
-0,08053567;       0,01160546;      5520,446
-0,03450626;       0,05046654;      5520,464
-0,008507492;       0,02521898;      5520,481
-0,03826028;       -0,08091919;      5520,499
-0,01930302;       -0,01353361;      5520,516
0,004148252;       0,02052551;      5520,535
-0,00863883;       -0,05043046;      5520,553
-0,00863883;       -0,04913857;      5520,57
-0,02065451;       0,03106188;      5520,589
0,001141776;       0,07465144;      5520,605
0,01929763;       -0,07634015;      5520,625
-0,0009439141;       -0,03519455;      5520,643
-0,003333933;       -0,006533151;      5520,66
-0,02352456;       0,01463275;      5520,679
-0,006537837;       -0,0231847;      5520,697
-0,01637176;       -0,01588159;      5520,716
-0,03135284;       -0,001428591;      5520,733
-0,03022216;       0,00800331;      5520,75
-0,03022216;       0,009154763;      5520,768
-0,01593544;       0,007176218;      5520,786
-0,02831568;       0,03473877;      5520,805
-0,0154475;       0,01311027;      5520,822
-0,01935214;       -0,004187794;      5520,841
-0,01699892;       -0,000621058;      5520,859
-0,01774526;       -0,00981371;      5520,876
-0,01052272;       -0,00499825;      5520,895
-0,003394443;       0,01351194;      5520,912
-0,003394443;       0,003059664;      5520,929
-0,006947686;       -0,004538585;      5520,947
-0,003456677;       -0,007139458;      5520,965
-0,001268015;       -0,001936383;      5520,983
-0,005727681;       0,01116233;      5521
-0,003313035;       -0,01121971;      5521,018
-0,01159927;       -0,01671283;      5521,035
-0,007563048;       -0,006686552;      5521,052
-0,01501494;       -0,006610956;      5521,07
-0,01501494;       0,006072987;      5521,086
-0,01259965;       -0,001090914;      5521,105
-0,01199287;       -0,01034804;      5521,124
-0,0168083;       -0,008435502;      5521,142
-0,01966765;       0,008614951;      5521,16
-0,01729095;       0,004416336;      5521,177
-0,01220139;       0,003469952;      5521,195
-0,01851331;       0,007336746;      5521,213
-0,01851331;       0,01098687;      5521,231
-0,01387292;       0,00119769;      5521,248
-0,01737027;       0,01145765;      5521,267
-0,008167477;       -0,003833585;      5521,284
-0,01730704;       -0,01705861;      5521,302
-0,02942813;       -0,013277;      5521,319
-0,02942813;       0,00274097;      5521,339
-0,02113566;       0,006868875;      5521,357
-0,01478368;       -0,0006063677;      5521,375
-0,02142709;       -0,004012894;      5521,394
-0,01988283;       -0,01618787;      5521,413
-0,01988283;       -0,005116485;      5521,43
-0,008598564;       0,01644813;      5521,447
-0,007494005;       -0,009230551;      5521,465
-0,01038359;       -0,02910763;      5521,482
-0,01003093;       -0,0171588;      5521,501
-0,005012088;       0,01803676;      5521,517
0,008227836;       0,01773305;      5521,535
-0,003508775;       -0,01708256;      5521,553
-0,003508775;       -0,02941391;      5521,569
-0,005044684;       -0,006499237;      5521,587
-0,01295139;       0,003583086;      5521,604
-0,01734127;       -0,008105706;      5521,619
-0,0176704;       -0,0140453;      5521,635
-0,0211199;       0,0125313;      5521,652
-0,0211199;       -0,0002703591;      5521,668
-0,02492179;       -0,003142233;      5521,684
-0,02076473;       0,001186742;      5521,701
-0,02424106;       0,004666689;      5521,718
-0,02816597;       0,004612844;      5521,735
-0,01403258;       0,01130167;      5521,753
-0,01403258;       -8,109139E-05;      5521,77
-0,01968156;       -0,004344264;      5521,786
-0,01333418;       -8,649006E-05;      5521,802
-0,01439715;       0,01177075;      5521,819
-0,01219759;       -0,009780735;      5521,837
-0,006054778;       -0,01145018;      5521,853
-0,006054778;       -0,009792536;      5521,869
-0,008310806;       -0,01624362;      5521,887
-0,01194428;       0,004112958;      5521,905
-0,004385385;       0,001127541;      5521,922
-0,007615475;       -0,01137865;      5521,94
-0,01528188;       -0,004487649;      5521,957
-0,01440237;       0,01594757;      5521,974
-0,01999631;       0,02102898;      5521,991
-0,01682795;       3,304752E-05;      5522,01
-0,01433891;       -0,004581281;      5522,027
-0,01136286;       -0,01031017;      5522,045
-0,008988465;       -0,01361441;      5522,063
-0,004912132;       -0,01525068;      5522,081
-0,00193425;       -0,02390378;      5522,099
-0,01008627;       -0,01369227;      5522,116
-0,01184056;       0,02315398;      5522,135
-0,01479034;       0,02053666;      5522,151
-0,01479034;       0,009454736;      5522,167
-0,02918775;       0,02163869;      5522,187
-0,02249471;       0,00177482;      5522,205
-0,0255414;       -0,01433557;      5522,223
-0,01534885;       -0,01596959;      5522,241
-0,01375764;       -0,01621077;      5522,259
-0,005232912;       -0,01943121;      5522,277
-0,001775023;       -0,01243961;      5522,294
-0,01259554;       -0,002538451;      5522,312
-0,01448585;       0,008808041;      5522,33
-0,01448585;       0,01879795;      5522,347
-0,01793225;       0,011078;      5522,364
-0,0168109;       0,0105513;      5522,384
-0,01812453;       0,004035216;      5522,402
-0,006994701;       0,001247221;      5522,42
-0,008035297;       -0,008308058;      5522,438
-0,002303674;       -0,0280895;      5522,456
-0,008261616;       -0,00404144;      5522,473
-0,01115349;       -0,0002527109;      5522,491
-0,01115349;       0,001102075;      5522,509
-0,01653022;       0,00283562;      5522,526
-0,01904985;       0,007210482;      5522,545
-0,01499516;       -0,004333304;      5522,562
-0,02743904;       0,008721592;      5522,58
-0,0120407;       -0,00319958;      5522,597
-0,008994676;       -0,006074133;      5522,615
-0,008385944;       -0,008786869;      5522,632
-0,01197919;       -0,01288384;      5522,649
-0,01197919;       -0,01053213;      5522,667
-0,008531206;       -0,01061475;      5522,685
-0,004421061;       -0,003454269;      5522,703
-0,02123027;       0,004626503;      5522,722
-0,01060661;       -0,0006778188;      5522,739
-0,01823296;       -0,006727333;      5522,758
-0,01108575;       0,004660149;      5522,776
-0,01108815;       -0,004902167;      5522,793
-0,01297576;       -0,00515351;      5522,811
-0,01297576;       -0,002996515;      5522,83
-0,01204508;       -0,01227262;      5522,849
-0,02358265;       0,003585449;      5522,868
-0,0142728;       -2,950134E-05;      5522,888
-0,0192308;       0,002540459;      5522,905
-0,007676602;       0,003977806;      5522,921
-0,01560497;       -0,003736525;      5522,94
-0,01540128;       -0,004233661;      5522,957
-0,01624553;       0,005850472;      5522,976
-0,01102834;       0,00935893;      5522,994
-0,01276293;       0,0009368795;      5523,013
-0,01418626;       -0,007461068;      5523,031
-0,01521361;       -0,0009527947;      5523,05
-0,01521361;       -0,001318133;      5523,068
-0,01891849;       -0,006452735;      5523,086
-0,01476116;       0,003008059;      5523,106
-0,01242134;       0,002160648;      5523,125
-0,01624873;       0,01213107;      5523,143
-0,01339912;       -0,0009464481;      5523,16
-0,01372659;       -0,0002321604;      5523,18
-0,01909345;       -0,01038883;      5523,198
-0,01713352;       -0,001719025;      5523,214
-0,02052545;       0,003299995;      5523,232
-0,01407984;       -0,01101207;      5523,25
-0,01407984;       -0,003289257;      5523,268
-0,02333056;       0,005373566;      5523,286
-0,008190082;       0,008923052;      5523,303
-0,01069881;       -0,009948675;      5523,321
-0,01125313;       -0,01493326;      5523,339
-0,001078254;       -0,002414491;      5523,358
-0,01721052;       0,008785095;      5523,375
-0,0139448;       -0,001858416;      5523,394
-0,01311759;       -0,007799354;      5523,412
-0,01311759;       0,0002887872;      5523,429
-0,01380539;       -0,003688914;      5523,447
-0,01005611;       0,006173118;      5523,464
-0,01638541;       0,007554507;      5523,483
-0,01775262;       -0,001918194;      5523,5
-0,01651498;       0,0009026604;      5523,518
-0,0235754;       0,009255281;      5523,536
-0,02026921;       0,005737407;      5523,553
-0,01091028;       0,01071458;      5523,57
-0,01091028;       -0,01669146;      5523,588
-0,01368182;       -0,007364328;      5523,606
-0,01235514;       -0,0004403503;      5523,623
-0,00708398;       0,001351995;      5523,64
-0,01743204;       -0,01599995;      5523,657
-0,00800785;       -0,01350221;      5523,674
-0,00800785;       -0,009514012;      5523,69
-0,01152895;       0,005452904;      5523,707
-0,02077732;       0,006319758;      5523,723
-0,0131652;       0,009804604;      5523,739
-0,02065219;       -0,0006799017;      5523,755
-0,01644179;       0,00566516;      5523,773
-0,01644179;       -0,006933305;      5523,791
-0,007249714;       -0,005309813;      5523,807
-0,01484353;       0,01193716;      5523,824
-0,01499017;       0,005551116;      5523,842
-0,01920499;       -0,0008907647;      5523,859
-0,02136613;       -0,002771429;      5523,878
-0,01206897;       0,002290155;      5523,899
-0,0299009;       -0,01015012;      5523,919
-0,01667916;       -0,003594461;      5523,938
-0,01062495;       -0,002273633;      5523,955
-0,003744903;       -0,01020415;      5523,975
-0,01173584;       -0,003226037;      5523,993
-0,01173584;       0,00691123;      5524,009
-0,01447127;       -0,001706544;      5524,027
-0,0129073;       -0,001655892;      5524,044
-0,01471187;       -0,006325772;      5524,062
-0,004621247;       0,003700678;      5524,08
0,003059368;       -0,002125464;      5524,097
-0,004371345;       -0,009468956;      5524,116
-0,009757315;       0,008878859;      5524,135
-0,01702716;       0,001788471;      5524,153
-0,01879112;       0,00147208;      5524,171
-0,01879112;       -0,001550506;      5524,188
-0,02241941;       -0,001032908;      5524,206
-0,01625337;       0,001737651;      5524,224
-0,02353236;       0,006438257;      5524,243
-0,02394543;       0,01234727;      5524,26
-0,02841342;       -0,009958698;      5524,277
-0,01746758;       0,005782657;      5524,294
-0,02013099;       -0,004519993;      5524,313
-0,01657429;       0,004646352;      5524,331
-0,01657429;       0,01235636;      5524,349
-0,009372139;       -0,005294883;      5524,367
-0,01627284;       0,0009087632;      5524,385
-0,005551009;       -0,001300017;      5524,404
-0,01547458;       -0,01033946;      5524,422
-0,01083721;       -0,01410762;      5524,439
-0,01385623;       0,003237916;      5524,457
-0,02271635;       -0,0009936191;      5524,476
-0,02138384;       0,006047903;      5524,494
-0,01835465;       0,006581202;      5524,512
-0,01835465;       -0,001593542;      5524,53
-0,01574781;       -0,001097121;      5524,549
-0,01528493;       0,006037904;      5524,566
-0,01158372;       -0,004614256;      5524,585
-0,009021304;       -0,003807231;      5524,605
-0,007253458;       -0,0112968;      5524,623
-0,01030503;       -0,005943696;      5524,642
-0,01267293;       -0,007869178;      5524,662
-0,01736271;       -9,196956E-05;      5524,68
-0,01413808;       0,005952988;      5524,697
-0,0172669;       0,005400487;      5524,716
-0,01795872;       -0,0008757137;      5524,734
-0,03190473;       0,006055034;      5524,753
-0,0172081;       0,001144751;      5524,771
-0,0172081;       0,004482739;      5524,789
-0,01874377;       0,00558121;      5524,806
-0,0183522;       -0,01278559;      5524,824
-0,008792058;       0,000530909;      5524,842
-0,01318711;       0,02414177;      5524,86
-0,01007603;       0,01130377;      5524,879
-0,01830529;       0,007495135;      5524,898
-0,02060183;       -0,001502388;      5524,917
-0,0216183;       0,003350443;      5524,935
-0,016896;       -0,00720282;      5524,955
-0,02215037;       -0,01397895;      5524,974
-0,0163037;       0,002559187;      5524,994
-0,01698562;       0,005054685;      5525,012
-0,01698562;       0,00364758;      5525,03
-0,01345117;       0,0002877155;      5525,048
-0,01346312;       0,002909205;      5525,066
-0,01790743;       -0,002945179;      5525,084
-0,01868308;       -0,0008006436;      5525,104
-0,01133751;       0,000236064;      5525,121
-0,01875878;       -0,001206799;      5525,139
-0,0114044;       -0,004568529;      5525,158
-0,01444758;       -0,002321481;      5525,177
-0,007604716;       -0,005418639;      5525,193
-0,007604716;       -0,004878793;      5525,208
-0,01499053;       -0,0005057715;      5525,227
-0,01481359;       0,00529982;      5525,245
-0,01535039;       -0,007145368;      5525,263
-0,01658274;       -0,01173116;      5525,281
-0,01449998;       -0,01224308;      5525,299
-0,009413928;       0,003711555;      5525,318
-0,004753377;       0,006062827;      5525,337
-0,01331058;       -0,006919434;      5525,356
-0,01456714;       -0,004060922;      5525,375
-0,02253045;       -0,00526683;      5525,394
-0,009912435;       -0,009735368;      5525,413
-0,01923787;       0,006273318;      5525,432
-0,01259308;       0,002899538;      5525,451
-0,01259308;       -0,004746546;      5525,469
-0,02259699;       0,007148007;      5525,487
-0,009226002;       0,004429755;      5525,505
-0,01587378;       -0,003364557;      5525,522
-0,01551378;       0,001489251;      5525,539
-0,006280215;       0,01717344;      5525,557
-0,01767415;       0,001572544;      5525,574
-0,01327344;       -0,003684306;      5525,592
-0,01327344;       -0,01064832;      5525,609
-0,02224793;       -0,0005592576;      5525,627
-0,0109379;       0,0006224712;      5525,646
-0,005327837;       -0,001359083;      5525,664
-0,01219139;       -0,002264736;      5525,683
-0,01151967;       -0,02230141;      5525,702
-0,02003415;       -0,01466336;      5525,721
-0,02108177;       -5,00707E-05;      5525,739
-0,007617008;       0,003044097;      5525,758
-0,01987769;       0,003496795;      5525,775
-0,01283536;       -0,008494597;      5525,792
-0,01283536;       -0,001539174;      5525,808
-0,0169129;       0,008953393;      5525,824
-0,0118472;       0,007665566;      5525,84
-0,01921883;       0,0004030423;      5525,855
-0,01027582;       0,003627822;      5525,874
-0,01487877;       0,00316416;      5525,892
-0,02244194;       0,001310258;      5525,91
-0,02244194;       0,007673996;      5525,928
-0,01979108;       0,006080939;      5525,947
-0,01973035;       0,006938973;      5525,964
-0,02196438;       0,005874443;      5525,983
-0,01040126;       0,006274736;      5526,002
-0,006107752;       -0,009432767;      5526,02
-0,007514838;       -0,006759596;      5526,038
-0,006507541;       -0,009147499;      5526,056
-0,001426352;       0,005038357;      5526,074
-0,007287314;       -0,005604205;      5526,092
-0,01545223;       -0,009016955;      5526,11
-0,01545223;       -0,01821343;      5526,126
-0,01167138;       -0,009066359;      5526,144
-0,01750142;       0,002987226;      5526,161
-0,008707156;       0,002663607;      5526,178
-0,01783994;       -0,002560075;      5526,195
-0,01448707;       0,01234714;      5526,213
-0,02190207;       0,001016675;      5526,231
-0,02065952;       -0,001767422;      5526,25
-0,02065952;       0,004593214;      5526,267
-0,01377106;       -0,008235194;      5526,285
-0,01378592;       -0,004501792;      5526,303
-0,008804178;       0,003113267;      5526,32
-0,01269483;       0,005738924;      5526,338
-0,01395045;       0,001451028;      5526,36
-0,01395045;       -0,01126144;      5526,378
-0,01157236;       0,003562434;      5526,396
-0,01157236;       -0,00385919;      5526,413
-0,01250005;       0,006099205;      5526,431
-0,01319936;       0,004618931;      5526,449
-0,01319936;       -0,006137387;      5526,467
-0,01854231;       0,006852505;      5526,485
-0,0161387;       0,0005212143;      5526,502
-0,0172847;       -0,004229179;      5526,521
-0,01777776;       -0,005220893;      5526,54
-0,01387375;       -0,004125847;      5526,558
-0,01407822;       0,007637395;      5526,576
-0,02018533;       0,009414449;      5526,594
-0,01609509;       -0,006348749;      5526,612
-0,01705651;       -0,007962536;      5526,63
-0,01705651;       -0,002914082;      5526,648
-0,01421025;       0,001294945;      5526,667
-0,008815673;       -0,008755807;      5526,685
-0,01215523;       -0,002038876;      5526,703
-0,01442433;       -0,003547245;      5526,721
-0,01844922;       0,0002393996;      5526,738
-0,01861968;       -0,002747055;      5526,757
-0,004361795;       0,006824835;      5526,775
-0,009966166;       -0,005760935;      5526,793
-0,007955465;       -0,004875346;      5526,812
-0,01379952;       -0,02017886;      5526,83
-0,01379952;       -0,003130831;      5526,847
-0,01012683;       0,006687773;      5526,866
-0,01824731;       0,01140179;      5526,884
-0,01900256;       0,0006748051;      5526,902
-0,02465554;       -0,005027869;      5526,92
-0,007269738;       0,0009102372;      5526,938
-0,01023529;       -0,0002862477;      5526,958
-0,01017362;       -0,006215425;      5526,977
-0,01184956;       -0,003393613;      5526,994
-0,01184956;       -0,004300659;      5527,009
-0,01471892;       0,003056672;      5527,028
-0,01488405;       -0,005523932;      5527,046
-0,01698797;       0,002073404;      5527,063
-0,01011746;       0,003168805;      5527,081
-0,0188161;       -0,006558638;      5527,099
-0,01165762;       -0,001920947;      5527,117
-0,01664956;       0,007195711;      5527,134
-0,02239417;       -0,005233274;      5527,152
-0,02239417;       0,004794046;      5527,17
-0,0145345;       0,007802388;      5527,189
-0,01715331;       -0,009809131;      5527,208
-0,01361874;       -0,003983686;      5527,229
-0,01081535;       0,0004438738;      5527,247
-0,01520606;       -0,002679237;      5527,265
-0,01493112;       -0,002179949;      5527,283
-0,01597172;       -0,00148098;      5527,3
-0,01368797;       -0,008283844;      5527,316
-0,01282509;       0,001409413;      5527,334
-0,01642921;       0,01084857;      5527,352
-0,01075005;       0,005454653;      5527,37
-0,01075005;       -0,007336643;      5527,388
-0,01957508;       -0,004859898;      5527,407
-0,01031254;       0,003397997;      5527,425
-0,01389663;       -0,001096634;      5527,443
-0,01187146;       0,003041728;      5527,46
-0,0186644;       -0,00732186;      5527,478
-0,01581532;       0,003935473;      5527,495
-0,02012095;       0,001111209;      5527,51
-0,02012095;       0,004735869;      5527,526
-0,01355388;       -0,005721846;      5527,542
-0,01339465;       0,0003874955;      5527,559
-0,01597783;       0,002565759;      5527,575
-0,01004801;       0,005300085;      5527,592
-0,01004801;       0,007917027;      5527,61
-0,01388114;       -0,001613205;      5527,627
-0,01397637;       0,004431608;      5527,645
-0,001585213;       -0,003283133;      5527,662
-0,01581839;       -0,007979574;      5527,68
-0,01479005;       -0,001109831;      5527,697
-0,01164563;       -0,001576663;      5527,715
-0,01176516;       0,0006005677;      5527,732
-0,01176516;       -0,0002024372;      5527,75
-0,01495574;       -0,006701272;      5527,768
-0,01523127;       0,005203013;      5527,786
-0,01394542;       0,009428512;      5527,804
-0,01883258;       -0,006190279;      5527,821
-0,008976859;       -0,001829284;      5527,839
-0,01793863;       -0,001171648;      5527,856
-0,006836752;       0,001104109;      5527,874
-0,01867666;       -0,002925784;      5527,892
-0,008237291;       0,001340755;      5527,91
-0,008237291;       0,007909825;      5527,928
-0,0226982;       -0,003128862;      5527,945
-0,01118468;       0,001164331;      5527,963
-0,0164953;       0,001450045;      5527,982
-0,01444012;       -0,004042483;      5528
-0,01621489;       -0,001738173;      5528,017
-0,006587476;       -0,005025947;      5528,036
-0,01647151;       0,004492191;      5528,054
-0,008447378;       0,003395384;      5528,072
-0,01178234;       -0,001936054;      5528,09
-0,01178234;       -0,005374456;      5528,108
-0,0164987;       0,003553608;      5528,126
-0,01576466;       0,004424424;      5528,145
-0,01628027;       0,000607601;      5528,162
-0,01199485;       0,001392121;      5528,18
-0,01987591;       0,0003794557;      5528,198
-0,01476484;       0,003265396;      5528,215
-0,01356233;       -0,002157766;      5528,234
-0,01536144;       0,002278876;      5528,252
-0,01831285;       -0,0007870033;      5528,27
-0,01831285;       -0,007326929;      5528,287
-0,01454431;       0,0006491731;      5528,305
-0,0120208;       0,00406323;      5528,321
-0,009394385;       0,001407062;      5528,339
-0,01221433;       0,004674493;      5528,357
-0,01712501;       -0,006740631;      5528,375
-0,01712501;       0,004492886;      5528,395
-0,02066788;       -0,001928059;      5528,411
-0,02066788;       0,007800983;      5528,426
-0,02015051;       0,00252569;      5528,443
-0,0130546;       0,005016641;      5528,461
-0,02186472;       -0,007157789;      5528,478
-0,01968153;       -0,00456826;      5528,497
-0,01197923;       -0,01414203;      5528,514
-0,01081902;       -0,01663507;      5528,531
-0,01081902;       -0,01668713;      5528,549
-0,01738288;       0,001968522;      5528,567
-0,01416203;       -0,004289065;      5528,583
-0,01045509;       -0,003319263;      5528,603
-0,0117047;       -0,004292234;      5528,62
-0,006576622;       0,003075505;      5528,638
-0,01214868;       0,001685774;      5528,657
-0,01663978;       -0,005128905;      5528,675
-0,02053417;       0,002428083;      5528,692
-0,0209909;       0,005514746;      5528,71
-0,0209909;       0,007900738;      5528,728
-0,0147123;       0,0002022121;      5528,746
-0,01622757;       -0,00564541;      5528,764
-0,01215332;       0,008745902;      5528,782
-0,01505317;       0,007336361;      5528,799
-0,01369518;       -0,006168084;      5528,816
-0,01836221;       0,003100989;      5528,834
-0,0137941;       -0,0007698208;      5528,851
-0,0137941;       0,001934701;      5528,868
-0,01764641;       -0,001692136;      5528,886
-0,01224069;       -0,002552875;      5528,904
-0,01521674;       0,002048278;      5528,922
-0,01477072;       -0,003629695;      5528,939
-0,01088206;       -0,01109147;      5528,958
-0,01198116;       0,008509412;      5528,976
-0,01544136;       -0,0002180503;      5528,993
-0,009864659;       0,003597357;      5529,011
-0,009864659;       -0,007569919;      5529,029
-0,008849714;       -0,001604937;      5529,045
-0,0093794;       0,001658486;      5529,063
-0,01288691;       -0,01259931;      5529,082
-0,01413834;       -0,006087076;      5529,099
-0,01674812;       -0,0004149264;      5529,117
-0,01303278;       0,007652082;      5529,135
-0,01640475;       0,005772431;      5529,154
-0,01756467;       -0,00297439;      5529,172
-0,02210132;       0,005043981;      5529,19
-0,02210132;       0,005010219;      5529,207
-0,01215877;       -0,003227066;      5529,223
-0,01284914;       -0,005406302;      5529,239
-0,01395325;       -0,001056303;      5529,257
-0,01081781;       -0,002484436;      5529,274
-0,004603802;       -0,011581;      5529,293
-0,004603802;       -0,006149591;      5529,31
-0,01413818;       0,001027623;      5529,328
-0,009885323;       0,004845834;      5529,345
-0,01077117;       0,00142521;      5529,362
-0,01112033;       -0,003803235;      5529,379
-0,01303571;       0,0008138758;      5529,398
-0,01030277;       0,0009461645;      5529,416
-0,0179022;       0,002635938;      5529,433
-0,0131214;       0,003866529;      5529,452
-0,0131214;       -0,0006207609;      5529,469
-0,01874995;       -0,003476857;      5529,487
-0,01220731;       0,0004839886;      5529,503
-0,01406932;       0,003256546;      5529,519
-0,01511782;       -0,001052913;      5529,535
-0,01520048;       -0,006913511;      5529,551
-0,01520048;       0,001867826;      5529,567
-0,0107673;       0,002960743;      5529,583
-0,01006838;       -0,003450249;      5529,598
-0,01273555;       -0,007816735;      5529,614
-0,0163559;       -0,005732971;      5529,633
-0,01365087;       0,001795452;      5529,65
-0,01365087;       0,009264322;      5529,667
-0,01096932;       0,0004104425;      5529,685
-0,008378167;       0,004290472;      5529,702
-0,01784003;       -0,01349153;      5529,719
-0,015554;       0,006556333;      5529,734
-0,02283594;       0,007970792;      5529,751
-0,01669691;       -0,0004946155;      5529,769
-0,01669691;       0,001209273;      5529,788
-0,01950972;       -0,001858629;      5529,806
-0,01680379;       -0,0002163036;      5529,824
-0,009081786;       -0,009951717;      5529,842
-0,01812671;       0,004029307;      5529,86
-0,01098057;       0,004083975;      5529,876
-0,01732542;       -0,0008259088;      5529,895
-0,01389986;       0,003246378;      5529,914
-0,01720472;       0,0005854742;      5529,933
-0,01235603;       -0,004737882;      5529,952
-0,008178766;       -0,0118262;      5529,97
-0,008178766;       -0,007318148;      5529,987
-0,01181524;       -0,000483037;      5530,007
-0,005317594;       0,003611579;      5530,026
-0,01663191;       0,01149582;      5530,045
-0,01600386;       -0,001988359;      5530,063
-0,0100377;       -0,0003757565;      5530,082
-0,01348222;       -0,0008652695;      5530,101
-0,01331188;       0,0001997182;      5530,12
-0,01509261;       0,002917099;      5530,139
-0,01223427;       -0,008349631;      5530,158
-0,009773524;       0,001148591;      5530,178
-0,01153689;       0,0001750622;      5530,197
-0,0229621;       0,004935409;      5530,216
-0,01548988;       0,0017484;      5530,235
-0,01465319;       0,004018222;      5530,253
-0,01570214;       0,0008440817;      5530,272
-0,01661814;       -0,002189945;      5530,291
-0,01661814;       0,005179121;      5530,308
-0,0167834;       0,003032187;      5530,326
-0,01648541;       0,000963012;      5530,344
-0,01950401;       -0,005796548;      5530,363
-0,01308136;       -0,005535034;      5530,383
-0,01581161;       -0,0009337116;      5530,401
-0,01581161;       -0,0009337116;      5530,419
-0,02541358;       0,006353909;      5530,438
-0,008231361;       -0,0032387;      5530,456
-0,01725016;       -0,01369501;      5530,474
-0,01392444;       -0,01113261;      5530,493
-0,005630528;       -0,00405144;      5530,511
-0,01556231;       -0,006287854;      5530,53
-0,01556231;       -0,006064388;      5530,547
-0,01557572;       0,01154159;      5530,566
-0,01407857;       -0,00819241;      5530,585
-0,01069389;       0,01005475;      5530,604
-0,00343142;       0,01278719;      5530,623
-0,01356375;       0,008267736;      5530,641
-0,0151841;       -0,002573384;      5530,661
-0,01652714;       0,005873093;      5530,68
-0,007837771;       0,002618227;      5530,699
-0,01829489;       0,007890986;      5530,717
-0,007581306;       0,0008194401;      5530,735
-0,01501713;       -0,001810201;      5530,754
-0,0160523;       -0,00440547;      5530,771
-0,01447173;       0,00299118;      5530,79
-0,01447173;       0,005757471;      5530,808
-0,01524749;       -0,005468526;      5530,828
-0,01593898;       -0,005500848;      5530,846
-0,01521402;       0,0003418205;      5530,865
-0,02480943;       -0,0007754166;      5530,882
-0,01476432;       -0,002988543;      5530,901
-0,02597357;       -0,01004908;      5530,921
-0,01540732;       -0,0127635;      5530,938
-0,02365483;       -0,005303259;      5530,957
-0,02229576;       -0,01434691;      5530,976
-0,03469333;       -0,01035075;      5530,995
-0,02282579;       0,02139823;      5531,013
-0,01266823;       0,04766836;      5531,032
-0,01266823;       0,04984996;      5531,049
-0,006857365;       0,03725147;      5531,067
0,02634501;       0,1087859;      5531,086
0,06901602;       0,1335807;      5531,105
0,1429467;       -0,01597416;      5531,124
0,1992132;       -0,1274832;      5531,143
0,1428271;       -0,189256;      5531,162
0,04458503;       -0,03630428;      5531,179
0,03374389;       -0,02854769;      5531,197
-0,02200612;       -0,03081475;      5531,216
-0,0552669;       -0,04605921;      5531,233
-0,08500094;       -0,04318535;      5531,25
-0,08500094;       -0,04262017;      5531,269
-0,1344742;       0,02854467;      5531,287
-0,1303471;       -0,006935492;      5531,306
-0,1060761;       0,05976885;      5531,324
-0,07700936;       0,05717048;      5531,341
-0,07178038;       0,0221254;      5531,359
-0,09103736;       -0,02103682;      5531,377
-0,05635545;       0,03105737;      5531,396
-0,05342454;       0,05785952;      5531,416
-0,04919735;       0,0242085;      5531,434
-0,03936355;       0,03450384;      5531,452
-0,03936355;       -0,04772068;      5531,47
-0,04672741;       -0,04292531;      5531,488
-0,03575366;       -0,01610458;      5531,506
-0,02511069;       -0,02122236;      5531,524
-0,02566726;       -0,003466115;      5531,542
-0,01898391;       -0,01368907;      5531,56
-0,02476765;       -0,03016731;      5531,578
-0,02500969;       -0,03309685;      5531,596
-0,008676056;       -0,004134062;      5531,613
-0,0117791;       0,03673132;      5531,631
-0,0117791;       0,04318172;      5531,649
-0,01875961;       -0,03289537;      5531,667
-0,02172082;       -0,01428827;      5531,686
-0,008172158;       0,01115181;      5531,704
-0,008285901;       0,01317202;      5531,719
-0,005565553;       0,005269703;      5531,734
-0,001007069;       0,01229217;      5531,752
-0,01585357;       0,006774424;      5531,771
-0,01585357;       -0,005675082;      5531,789
-0,02357675;       -0,009445671;      5531,807
-0,008384872;       0,01760948;      5531,824
-0,0165838;       0,02586886;      5531,841
-0,008266618;       -0,01135451;      5531,859
-0,009151078;       -0,008143846;      5531,877
-0,006230445;       0,005235242;      5531,896
-0,006746818;       -0,01347917;      5531,913
-0,008391392;       0,0008695223;      5531,931
-0,008391392;       -0,007586473;      5531,949
-0,01298489;       0,007957037;      5531,967
-0,008166486;       0,01061456;      5531,984
-0,004091499;       -0,003732915;      5532,003
-0,009243918;       -0,01203929;      5532,021
-0,01149084;       -0,007350469;      5532,039
-0,002324188;       -0,00741871;      5532,056
-0,004087509;       0,009019638;      5532,074
0,001169037;       0,00840471;      5532,093
-0,006604411;       -0,0008229972;      5532,111
-0,009108428;       0,01059933;      5532,129
-0,009108428;       0,01197382;      5532,146
-0,007806995;       -0,005857913;      5532,165
-0,01073024;       -0,01053743;      5532,182
-0,01146796;       -0,007752807;      5532,198
-0,01971885;       -0,006781658;      5532,216
-0,01311091;       0,007059947;      5532,234
-0,01304266;       -0,006261874;      5532,252
-0,01321584;       -0,0009299181;      5532,27
-0,01321584;       -0,0171051;      5532,288
-0,01685293;       -0,01358001;      5532,305
-0,008152718;       0,0007063213;      5532,323
-0,00847715;       0,00523706;      5532,339
-0,0115321;       -0,005204369;      5532,356
-0,01075852;       -0,005188155;      5532,374
-0,02216093;       -0,006521739;      5532,391
-0,01648994;       -0,002430795;      5532,41
-0,01648994;       0,02081027;      5532,428
-0,01475849;       0,01128905;      5532,446
-0,01679837;       -0,004884515;      5532,463
-0,008201111;       -0,005016638;      5532,48
0,002882564;       0,01326416;      5532,497
0,03287999;       0,0052859;      5532,515
0,01326978;       -0,01028377;      5532,534
-0,03797139;       -0,00961696;      5532,552
0,008695362;       0,01009162;      5532,57
0,008695362;       0,008219449;      5532,587
0,001434184;       -0,005097213;      5532,606
-0,0007539643;       -0,005559066;      5532,624
-0,006989188;       -0,01116437;      5532,642
-0,00673813;       -0,01748983;      5532,66
-0,002486605;       -0,003038019;      5532,678
-0,009828424;       0,00235004;      5532,696
-0,01210319;       0,001387179;      5532,714
-0,009888493;       -0,008908976;      5532,732
-0,001942593;       0,002629912;      5532,75
-0,001942593;       0,01466785;      5532,768
-0,0004948308;       0,00562906;      5532,788
0,0006502438;       0,003644886;      5532,807
0,003515586;       0,002456316;      5532,826
0,01144915;       0,00646587;      5532,843
0,01336138;       0,003455113;      5532,859
-0,002484121;       0,009603973;      5532,875
0,0006306718;       0,0004949768;      5532,892
-0,003536101;       0,005677867;      5532,91
-0,01132102;       0,003799488;      5532,928
-0,01132102;       -0,002331617;      5532,949
-0,01999107;       -0,005708558;      5532,968
-0,04078214;       -0,01243225;      5532,987
-0,02276789;       -0,004178265;      5533,004
-0,03661605;       -0,003545785;      5533,022
-0,009007853;       -0,02870465;      5533,04
0,04772374;       0,0155626;      5533,057
0,1718653;       0,02950911;      5533,075
0,3768149;       0,09911529;      5533,094
0,4469094;       0,024211;      5533,113
0,7473251;       -0,1757673;      5533,131
0,7473251;       -0,05856682;      5533,149
0,8994782;       0,02162616;      5533,167
0,5160577;       -0,293252;      5533,186
-0,06793338;       -0,1699794;      5533,203
-0,8568059;       -0,004626371;      5533,221
-1,342721;       0,155922;      5533,238
-1,53024;       0,08920228;      5533,256
-1,528061;       1,476079;      5533,276
-1,049708;       0,1957742;      5533,293
-0,4301853;       -0,4868891;      5533,311
0,2368843;       -0,5596258;      5533,331
0,2368843;       -0,5915974;      5533,349
-0,2886707;       -0,2109546;      5533,367
0,1758305;       0,477827;      5533,386
1,43672;       -0,1232079;      5533,404
0,951196;       -0,08724793;      5533,423
0,05687442;       -0,1852599;      5533,441
0,2339865;       -0,1070599;      5533,459
0,4508746;       0,3959259;      5533,478
0,2759395;       0,1648611;      5533,496
0,0702473;       -0,1704158;      5533,515
0,00385681;       -0,07021282;      5533,534
0,01427272;       0,08136897;      5533,552
0,03947902;       0,009882189;      5533,571
0,03975088;       -0,03461464;      5533,589
0,03975088;       -0,01523968;      5533,607
-0,0193691;       0,06670033;      5533,624
-0,03817442;       0,06287008;      5533,641
-0,01757686;       0,01559842;      5533,658
0,002028333;       -0,002645615;      5533,676
-0,03652269;       -0,01981007;      5533,692
-0,03652269;       -0,01878351;      5533,708
-0,06092311;       0,003019451;      5533,726
-0,0591134;       0,01268021;      5533,743
-0,06375253;       -0,02026918;      5533,761
-0,07693846;       -0,01171775;      5533,778
-0,08369797;       -0,008425394;      5533,797
-0,09155443;       -0,0003627003;      5533,815
-0,07575622;       0,02436035;      5533,833
-0,04289512;       8,047139E-05;      5533,853
-0,0115027;       -0,007629517;      5533,87
-0,0115027;       -0,02434067;      5533,888
-0,01914183;       -0,01133649;      5533,905
0,00484957;       0,01993596;      5533,923
0,01431918;       0,003007515;      5533,941
0,01090536;       -0,01524497;      5533,959
0,00570276;       -0,01942759;      5533,977
-0,01831148;       -0,005779037;      5533,996
-0,04380842;       -0,003136657;      5534,015
-0,08997452;       -0,01084322;      5534,034
-0,1614327;       -0,02527075;      5534,052
-0,2275366;       -0,0393022;      5534,07
-0,2410036;       -0,01920106;      5534,09
-0,2410036;       0,06198196;      5534,107
-0,195046;       0,04394256;      5534,125
-0,1318125;       -0,01572083;      5534,144
-0,1252224;       -0,04496628;      5534,163
-0,2526929;       -0,04816768;      5534,179
-0,1229744;       -0,03245474;      5534,197
-0,1048865;       0,02140771;      5534,214
-0,05387065;       0,02729361;      5534,231
0,08580774;       -0,01678333;      5534,249
0,08580774;       0,01909423;      5534,266
0,3405499;       -0,0009843196;      5534,284
0,3742805;       0,03162235;      5534,303
0,2850682;       0,02338693;      5534,321
0,3198137;       -0,02060815;      5534,338
0,2279848;       -0,07505704;      5534,355
0,08385696;       -0,04653321;      5534,373
-0,05736349;       0,002498135;      5534,393
-0,0835349;       0,05476119;      5534,413
-0,08932652;       0,02197383;      5534,433
-0,02757102;       0,006219689;      5534,455
-0,01997393;       0,03318962;      5534,48
-0,001971948;       0,02104674;      5534,505
0,03024958;       -0,0250854;      5534,532
0,03024958;       -0,02734579;      5534,549
0,02595952;       -0,02974419;      5534,566
0,01102326;       -0,03242027;      5534,585
0,02012184;       -0,01282179;      5534,603
-0,01336772;       0,005862202;      5534,621
-0,03571661;       0,0332601;      5534,638
-0,05608092;       0,01914732;      5534,656
-0,02770787;       0,001156088;      5534,674
-0,01866386;       0,03109751;      5534,694
0,0003260374;       0,02964423;      5534,713
-0,02085172;       0,01888211;      5534,731
-0,02085172;       0,01013548;      5534,749
-0,0166091;       0,004300933;      5534,766
0,01185066;       -0,01420848;      5534,784
0,01097391;       -0,004673095;      5534,802
0,02101585;       -0,0009789264;      5534,82
7,562805E-06;       -0,008150428;      5534,838
-0,02185599;       -0,003328633;      5534,856
-0,02529856;       -0,01132652;      5534,875
-0,03608232;       -0,007894902;      5534,89
-0,03608232;       0,002577074;      5534,907
-0,02500982;       -0,00371064;      5534,925
0,006100692;       -0,006898702;      5534,942
-0,00369529;       -0,007415777;      5534,959
0,007676567;       -0,007870975;      5534,978
0,00416076;       -0,004933745;      5534,997
-0,02656103;       -0,004132162;      5535,015
-0,02072351;       0,008077592;      5535,036
-0,01807631;       0,007000209;      5535,053
-0,02666317;       -0,005914384;      5535,071
-0,02666317;       -0,003192571;      5535,088
-0,00217148;       0,0001912558;      5535,106
0,005958845;       0,003401902;      5535,125
-0,01593539;       -0,0001835379;      5535,144
-0,02446889;       -0,001627466;      5535,161
-0,007060406;       0,004389402;      5535,181
-0,001703989;       -0,007055432;      5535,199
-0,0116506;       -0,001672475;      5535,217
-0,009385072;       -0,001312918;      5535,234
-0,00527593;       -0,001359895;      5535,253
-0,009297844;       -0,0118432;      5535,271
-0,01067462;       -0,0005961882;      5535,29
-0,01067462;       0,00175604;      5535,308
-0,006227853;       0,000448962;      5535,326
-0,01793153;       -0,0007845119;      5535,345
-0,008525012;       -0,002584213;      5535,363
-0,01111987;       0,004585559;      5535,38
-0,01231221;       0,005400864;      5535,399
-0,01065389;       -0,002430172;      5535,417
-0,02190009;       0,005733221;      5535,438
-0,02190009;       0,0005977959;      5535,456
-0,0068787;       0,001146183;      5535,476
0,0005339363;       0,0005825188;      5535,495
-0,01770286;       0,006842283;      5535,514
-0,02276013;       0,0004732001;      5535,534
-0,01229187;       -0,008355044;      5535,556
-0,002506464;       -0,005847763;      5535,575
-0,005335934;       -0,0007711282;      5535,594
-0,002356895;       0,005659467;      5535,612
-0,01122655;       -0,003666235;      5535,631
-0,009574868;       0,001808463;      5535,65
-0,009574868;       -0,005734977;      5535,668
-0,005063531;       -0,003326237;      5535,688
-0,01395326;       0,004700945;      5535,705
-0,0124353;       0,001860867;      5535,724
-0,006969282;       -0,008829677;      5535,742
-0,01442547;       -0,0004312743;      5535,761
-0,004598356;       -0,008982442;      5535,781
0,0003766455;       -0,0007297661;      5535,8
-0,009646175;       0,0008492498;      5535,819
-0,006826842;       -0,01329703;      5535,837
-0,006169494;       -0,01161985;      5535,855
-0,007532144;       0,005639144;      5535,874
-0,01453075;       0,00512585;      5535,892
-0,01769463;       8,169923E-05;      5535,909
-0,01769463;       -0,01186841;      5535,928
-0,01034568;       -0,0003161933;      5535,947
-0,008909186;       0,000542453;      5535,967
-0,009893135;       0,01247601;      5535,986
-0,02603004;       -0,004577343;      5536,004
-0,01814695;       -0,002629725;      5536,023
-0,02941509;       0,005745009;      5536,041
-0,007920605;       0,003909026;      5536,059
-0,004657115;       0,005959787;      5536,076
-0,0110539;       -0,0004310568;      5536,097
-0,01126859;       0,003033504;      5536,116
-0,01091334;       -0,0007220141;      5536,132
-0,003603541;       0,006197001;      5536,152
-0,01730992;       0,004388462;      5536,171
-0,01730992;       -0,0008837203;      5536,189
