125,5331;        602,7395
125,4071;        602,7668
125,3543;        602,7864
125,3289;        602,806
125,2465;        602,8251
125,2264;        602,843
125,0649;        602,8624
125,0866;        602,8807
125,0989;        602,9
125,0708;        602,9189
125,0146;        602,9373
124,9883;        602,9564
125,0028;        602,9758
125,0356;        602,9965
125,0798;        603,0167
125,1061;        603,0358
125,1454;        603,0555
125,2538;        603,0751
125,3285;        603,0945
125,3237;        603,1154
125,3428;        603,1349
125,3023;        603,1542
125,2698;        603,1734
125,2555;        603,1929
125,2024;        603,2115
125,0838;        603,2306
125,0272;        603,2493
124,9533;        603,2674
124,9055;        603,2853
124,9015;        603,3033
124,8531;        603,3223
124,8117;        603,3419
124,7728;        603,3609
124,7281;        603,3798
124,7145;        603,4015
124,676;        603,4203
124,6558;        603,4398
124,6596;        603,4573
124,6463;        603,4777
124,6091;        603,4963
124,5846;        603,5162
124,5344;        603,5343
124,4771;        603,5533
124,4606;        603,5719
124,4607;        603,5917
124,4779;        603,6104
124,5001;        603,6307
124,5205;        603,6509
124,5258;        603,6702
124,5335;        603,6877
124,5311;        603,7068
124,5505;        603,7265
124,5925;        603,7454
124,6095;        603,7656
124,6299;        603,7849
124,6529;        603,8047
124,6186;        603,824
124,5965;        603,8434
124,5928;        603,8621
124,5909;        603,8828
124,6176;        603,9023
124,6323;        603,9225
124,6447;        603,941
124,626;        603,9612
124,6425;        603,9816
124,6418;        604,0009
124,6571;        604,0207
124,7119;        604,0389
124,739;        604,0585
124,8497;        604,0782
125,4081;        604,0992
126,5205;        604,1179
127,0181;        604,1367
126,6704;        604,1564
125,9583;        604,1753
126,0268;        604,1927
126,001;        604,2116
125,5844;        604,2299
124,832;        604,2506
124,0895;        604,2693
123,8568;        604,2881
123,1204;        604,306
122,3222;        604,3232
121,3883;        604,3417
120,6485;        604,3616
119,7723;        604,3818
118,7827;        604,4003
118,3076;        604,4184
117,042;        604,4372
115,5466;        604,4553
113,876;        604,4749
112,0433;        604,4942
110,0553;        604,5153
107,8339;        604,5349
105,8627;        604,5543
103,543;        604,5724
101,2347;        604,5916
99,31358;        604,61
97,69746;        604,6304
96,13727;        604,6503
95,30406;        604,6693
93,45374;        604,6876
91,73273;        604,7072
90,14491;        604,7269
88,29147;        604,7459
86,4668;        604,7664
84,2391;        604,7864
81,82508;        604,8058
79,52386;        604,8254
77,27602;        604,8441
74,78969;        604,8636
71,84709;        604,8839
68,74494;        604,9033
65,89021;        604,9223
63,81839;        604,941
62,38034;        604,9611
60,52942;        604,9811
58,44525;        605,0001
56,18055;        605,0207
54,95466;        605,0395
53,3407;        605,0587
52,31473;        605,0789
51,29593;        605,0983
50,05146;        605,1169
49,17508;        605,136
48,52364;        605,1561
47,97751;        605,175
47,63226;        605,1941
47,45321;        605,2142
47,34963;        605,2339
46,95258;        605,2527
46,59691;        605,2714
46,55083;        605,29
46,83062;        605,3082
47,35563;        605,3272
47,813;        605,3457
48,08649;        605,3646
48,33356;        605,3833
48,5663;        605,4017
48,84718;        605,4201
49,00546;        605,4384
49,34446;        605,4584
49,61587;        605,4775
49,80696;        605,496
49,95734;        605,5154
50,11293;        605,5334
50,25206;        605,5513
50,44506;        605,5696
50,52401;        605,5873
50,69985;        605,6051
50,94971;        605,624
51,32701;        605,6413
51,74453;        605,6591
51,95159;        605,6764
52,57885;        605,6951
53,38758;        605,7136
54,38998;        605,7333
54,99422;        605,7517
56,99837;        605,7705
58,04692;        605,7885
59,91161;        605,8074
61,84436;        605,8254
63,67003;        605,844
65,86733;        605,8611
67,20488;        605,879
69,95695;        605,8975
73,00998;        605,9162
76,22533;        605,9346
78,97897;        605,9537
80,59747;        605,9717
85,31515;        605,99
87,14479;        606,0074
90,51172;        606,0271
93,58347;        606,0447
96,3847;        606,062
99,25113;        606,0817
102,2375;        606,1004
103,9403;        606,1185
106,8976;        606,1367
109,277;        606,1546
109,277;        606,1721
113,827;        606,1905
115,8073;        606,209
116,6944;        606,2272
118,5085;        606,246
120,3739;        606,2647
122,2073;        606,2836
124,1055;        606,3021
126,2265;        606,3204
127,0259;        606,3386
127,1308;        606,3577
126,8578;        606,3762
126,1227;        606,3945
125,1986;        606,4128
125,1852;        606,431
125,5312;        606,4489
125,506;        606,467
125,8794;        606,4857
125,9402;        606,5047
125,7188;        606,5223
125,5768;        606,5399
125,4893;        606,5597
125,5133;        606,5779
125,5559;        606,5966
125,4621;        606,6155
125,4367;        606,6333
125,4809;        606,6512
125,4918;        606,6689
125,4727;        606,6858
125,5056;        606,7026
125,5309;        606,7204
125,5486;        606,7383
125,5365;        606,7559
125,5111;        606,7752
125,463;        606,7935
125,4418;        606,8123
125,46;        606,8323
125,4558;        606,8496
125,476;        606,8676
125,5016;        606,8861
125,5401;        606,9055
125,5884;        606,9258
125,6307;        606,945
125,5994;        606,9647
125,5495;        606,9825
125,5282;        607,0011
125,5126;        607,0197
125,5249;        607,0378
125,5464;        607,0569
125,5507;        607,0747
125,5348;        607,0928
125,5069;        607,1114
125,4996;        607,1315
125,5058;        607,1501
125,4903;        607,1694
125,4903;        607,1882
125,497;        607,2081
125,521;        607,2289
125,5536;        607,2474
125,5703;        607,2667
125,5519;        607,2861
125,5196;        607,3056
125,522;        607,3243
125,5444;        607,3419
125,5569;        607,3604
125,5514;        607,3787
125,5491;        607,3964
125,5208;        607,4142
125,4752;        607,4325
125,4735;        607,4503
125,4542;        607,4681
125,4469;        607,4851
125,4353;        607,5015
125,4334;        607,5198
125,4465;        607,5366
125,4333;        607,554
125,414;        607,5702
125,3585;        607,5888
125,3395;        607,6074
125,3648;        607,626
125,3771;        607,6445
125,3617;        607,6635
125,3418;        607,6815
125,3451;        607,7004
125,347;        607,7186
125,3394;        607,7374
125,3384;        607,756
125,3486;        607,7741
125,3396;        607,793
125,3452;        607,8124
125,3859;        607,8309
125,4518;        607,8495
125,5396;        607,869
125,6888;        607,8885
125,8394;        607,9092
125,9175;        607,93
125,9547;        607,9497
125,961;        607,9681
125,9764;        607,9862
125,9601;        608,0052
125,9084;        608,024
125,8593;        608,0439
125,8092;        608,0632
125,8176;        608,0812
125,7687;        608,0995
125,7045;        608,1193
125,6175;        608,139
125,5469;        608,1584
125,5056;        608,178
125,4929;        608,1978
125,5042;        608,2172
125,5018;        608,2361
125,5025;        608,2554
125,5135;        608,2744
125,5215;        608,2938
125,5184;        608,312
125,5055;        608,3324
125,492;        608,3519
125,4748;        608,3704
125,4728;        608,3892
125,4662;        608,4081
125,4298;        608,4276
125,4125;        608,4479
125,382;        608,4661
125,3801;        608,4849
125,3594;        608,5027
125,3459;        608,5225
125,3542;        608,5422
125,3369;        608,5627
125,3171;        608,5823
125,3114;        608,6013
125,2848;        608,6192
125,2757;        608,6372
125,2997;        608,6567
125,308;        608,6766
125,3009;        608,696
125,2916;        608,7173
125,2967;        608,7355
125,3014;        608,7545
125,3194;        608,7728
125,3239;        608,7923
125,3017;        608,8155
125,3173;        608,8337
125,3173;        608,851
125,3154;        608,8694
125,3133;        608,8871
125,2958;        608,9053
125,2705;        608,9236
125,2649;        608,9424
125,272;        608,9623
125,263;        608,9829
125,2614;        609,0009
125,2348;        609,0192
125,2306;        609,0365
125,2373;        609,0558
125,2442;        609,0735
125,2347;        609,0926
125,2466;        609,1118
125,2691;        609,1329
125,2802;        609,1517
125,2954;        609,1703
125,3084;        609,1899
125,3215;        609,2086
125,3242;        609,2268
125,3219;        609,2471
125,3253;        609,2656
125,3405;        609,2837
125,3602;        609,302
125,3662;        609,3192
125,3714;        609,3351
125,3611;        609,3509
125,3726;        609,3672
125,3707;        609,3829
125,3672;        609,3979
125,3598;        609,4123
125,3704;        609,4274
125,404;        609,4435
125,4114;        609,4592
125,4418;        609,4761
125,4271;        609,4928
125,4089;        609,5106
125,3981;        609,528
125,3779;        609,5453
125,3766;        609,5611
125,3815;        609,5786
125,3844;        609,5948
125,3781;        609,6107
125,3795;        609,628
125,3874;        609,6434
125,3899;        609,6616
125,3842;        609,6799
125,3805;        609,6984
125,3966;        609,7177
125,406;        609,7352
125,4029;        609,7548
125,3846;        609,7733
125,3843;        609,7911
125,3826;        609,81
125,3826;        609,8281
125,4089;        609,847
125,41;        609,8651
125,4056;        609,8837
125,397;        609,9011
125,3918;        609,9188
125,3719;        609,937
125,3769;        609,9547
125,3547;        609,9727
125,3635;        609,9913
125,3639;        610,0101
125,365;        610,0273
125,3786;        610,0452
125,372;        610,0643
125,3644;        610,0836
125,377;        610,1016
125,3811;        610,1209
125,3899;        610,1404
125,4068;        610,1584
125,3989;        610,1763
125,377;        610,1951
125,3792;        610,2147
125,3888;        610,2341
125,4079;        610,2522
125,423;        610,2714
125,4251;        610,2902
125,4154;        610,3099
125,4086;        610,3273
125,398;        610,3458
125,3884;        610,3633
125,3974;        610,3802
125,398;        610,3974
125,396;        610,4159
125,3879;        610,4349
125,3801;        610,4534
125,376;        610,4732
125,377;        610,4932
125,3827;        610,5128
125,3736;        610,5321
125,3841;        610,5524
125,4134;        610,5714
125,4065;        610,5901
125,3974;        610,6089
125,4035;        610,629
125,3883;        610,6479
125,3709;        610,6671
125,3689;        610,6865
125,3572;        610,7056
125,3756;        610,7253
125,4039;        610,7461
125,4401;        610,7664
125,4401;        610,7868
125,432;        610,8066
125,4015;        610,8261
125,3783;        610,8448
125,3568;        610,8641
125,3334;        610,8836
125,3226;        610,9022
125,3242;        610,9213
125,3378;        610,9418
125,3472;        610,9603
125,3592;        610,9792
125,3628;        610,9977
125,3516;        611,0173
125,3676;        611,0367
125,3751;        611,0557
125,374;        611,0747
125,3733;        611,0939
125,3539;        611,1136
125,3408;        611,1333
125,3364;        611,152
125,3244;        611,1713
125,3203;        611,1913
125,3321;        611,2101
125,3528;        611,2292
125,3747;        611,2496
125,3744;        611,269
125,3606;        611,2888
125,3548;        611,3083
125,3499;        611,3281
125,3485;        611,3468
125,3294;        611,3654
125,3239;        611,3835
125,3264;        611,4029
125,3287;        611,4207
125,3399;        611,4395
125,3387;        611,4586
125,3439;        611,478
125,3381;        611,4963
125,3319;        611,5151
125,3287;        611,5338
125,3215;        611,5526
125,34;        611,571
125,3422;        611,5887
125,3449;        611,6061
125,3444;        611,6221
125,3421;        611,6391
125,3399;        611,6577
125,3406;        611,6774
125,3342;        611,6953
125,3279;        611,7148
125,3203;        611,7339
125,3228;        611,7518
125,3437;        611,7725
125,3497;        611,7919
125,3379;        611,8108
125,3307;        611,8295
125,3192;        611,8475
125,3124;        611,8667
125,2822;        611,886
125,2968;        611,9049
125,2991;        611,9229
125,3211;        611,9423
125,3285;        611,9608
125,3113;        611,98
125,3057;        611,9985
125,3041;        612,0173
125,3049;        612,0364
125,3205;        612,0553
125,3205;        612,0749
125,3217;        612,0958
125,3093;        612,1147
125,2967;        612,1332
125,3033;        612,1517
125,2943;        612,1707
125,2992;        612,1891
125,3033;        612,2066
125,3036;        612,2245
125,312;        612,2422
125,327;        612,2606
125,3141;        612,2798
125,3062;        612,2969
125,2816;        612,3145
125,275;        612,3331
125,273;        612,352
125,2998;        612,3711
125,3211;        612,392
125,321;        612,41
125,3185;        612,4312
125,3136;        612,4502
125,2934;        612,4681
125,2791;        612,4876
125,2865;        612,5071
125,2978;        612,5251
125,2833;        612,543
125,2895;        612,5619
125,2879;        612,5822
125,2875;        612,6005
125,3084;        612,621
125,2875;        612,6413
125,2812;        612,6613
125,2935;        612,6817
125,2897;        612,701
125,2802;        612,7197
125,295;        612,7379
125,291;        612,7564
125,3166;        612,7755
125,3385;        612,7939
125,3297;        612,813
125,3113;        612,8325
125,2966;        612,8506
125,2855;        612,8677
125,2826;        612,8864
125,2826;        612,9054
125,2802;        612,9226
125,2773;        612,9415
125,2837;        612,9608
125,2778;        612,98
125,27;        612,9987
125,2743;        613,0173
125,2754;        613,037
125,2878;        613,0563
125,2983;        613,075
125,288;        613,0922
125,2918;        613,1102
125,2992;        613,131
125,2833;        613,1489
125,2926;        613,1675
125,2936;        613,1859
125,2936;        613,2054
125,3127;        613,2241
125,3193;        613,2419
125,3215;        613,2602
125,314;        613,2808
125,2883;        613,2994
125,2553;        613,3171
125,2458;        613,3366
125,245;        613,3536
125,2525;        613,3741
125,2746;        613,3929
125,278;        613,4117
125,2831;        613,431
125,3109;        613,45
125,2985;        613,4679
125,2903;        613,4867
125,2674;        613,5045
125,2503;        613,5226
125,254;        613,5411
125,2669;        613,5599
125,2651;        613,5784
125,2605;        613,5979
125,2689;        613,616
125,2844;        613,6339
125,2893;        613,6515
125,2792;        613,6705
125,2771;        613,6878
125,2681;        613,7072
125,26;        613,7263
125,2586;        613,745
125,2605;        613,7656
125,2669;        613,784
125,2815;        613,8029
125,2834;        613,822
125,2776;        613,8404
125,2495;        613,8597
125,2559;        613,879
125,26;        613,8987
125,2496;        613,9181
125,2432;        613,9363
125,2273;        613,9545
125,2278;        613,9739
125,2443;        613,994
125,2423;        614,0128
125,2449;        614,0313
125,2494;        614,0486
125,2505;        614,0669
125,2503;        614,0879
125,2539;        614,1067
125,2549;        614,126
125,2813;        614,1472
125,3036;        614,1652
125,3218;        614,1837
125,3685;        614,2022
125,5111;        614,2229
125,4957;        614,2418
126,1448;        614,2623
126,2929;        614,2827
126,4479;        614,3023
126,3084;        614,3197
126,2817;        614,3384
126,1835;        614,3574
126,0491;        614,3766
125,7205;        614,3971
125,0143;        614,4153
124,1214;        614,4334
123,1335;        614,4513
121,6276;        614,47
120,6679;        614,4881
118,8538;        614,5071
116,5977;        614,5264
113,8845;        614,5474
110,7751;        614,5665
107,419;        614,5851
103,7837;        614,6031
99,8157;        614,6229
95,45065;        614,643
91,22408;        614,6623
87,00919;        614,6811
83,33434;        614,7007
79,31219;        614,719
77,16052;        614,7364
73,36012;        614,7553
70,54372;        614,7744
68,40448;        614,7929
66,41034;        614,8108
64,32885;        614,8289
63,29263;        614,848
61,39249;        614,8659
59,24455;        614,8841
57,36535;        614,902
55,58867;        614,9194
54,52642;        614,9383
52,32115;        614,9573
50,07871;        614,9757
48,36912;        614,9943
46,99992;        615,0137
45,56391;        615,0325
44,07498;        615,0524
42,82401;        615,0708
41,88883;        615,0892
41,32772;        615,1083
40,6134;        615,127
40,12553;        615,1459
39,90649;        615,1648
39,98329;        615,1835
40,14752;        615,2015
40,4785;        615,2206
40,67782;        615,2378
41,01559;        615,2556
41,46017;        615,2748
41,89307;        615,2938
42,54268;        615,3141
43,37968;        615,3323
44,36732;        615,3503
45,05486;        615,3675
46,16452;        615,3865
47,25356;        615,4057
48,65464;        615,425
50,27435;        615,4432
51,72706;        615,4618
52,27256;        615,481
53,61665;        615,4995
53,98947;        615,5176
55,13334;        615,536
56,5708;        615,5555
57,99999;        615,574
59,41234;        615,5923
61,05003;        615,6115
63,16643;        615,6313
65,7134;        615,6496
67,24875;        615,6681
69,69861;        615,686
71,88572;        615,7043
74,72868;        615,722
77,60768;        615,7406
81,01347;        615,7592
82,72275;        615,7781
85,78828;        615,7971
89,00196;        615,8166
92,52325;        615,8351
96,08047;        615,8536
99,53463;        615,8728
101,2308;        615,8911
105,4001;        615,9097
108,7592;        615,9285
110,6878;        615,9465
114,1065;        615,9655
116,6862;        615,9843
118,8635;        616,0061
121,0081;        616,0253
122,9794;        616,0448
124,7318;        616,0639
126,1878;        616,0836
126,4794;        616,103
125,5126;        616,1216
123,9234;        616,1397
123,0741;        616,1586
123,2676;        616,1776
123,9706;        616,1962
124,387;        616,2151
125,1104;        616,2364
125,1069;        616,2552
124,1731;        616,2741
123,9951;        616,2928
124,1727;        616,3145
124,2431;        616,3344
124,1339;        616,3549
124,0705;        616,3741
124,0882;        616,3933
124,0654;        616,4139
124,0153;        616,434
123,9803;        616,4526
123,9725;        616,4721
123,981;        616,4918
123,9943;        616,5112
123,9766;        616,5306
123,9544;        616,5493
123,9763;        616,5686
124,0684;        616,588
124,4204;        616,6067
124,8889;        616,6254
125,1685;        616,6445
125,0886;        616,6635
125,0643;        616,6833
124,9955;        616,7027
124,3123;        616,7213
123,3756;        616,7401
122,1049;        616,7599
120,6014;        616,7791
119,866;        616,7979
118,0256;        616,8185
115,7869;        616,8374
113,3287;        616,8571
110,7463;        616,8757
108,4306;        616,8951
105,5773;        616,9135
102,3896;        616,9324
99,35622;        616,9518
96,78661;        616,9714
94,50605;        616,9917
92,41854;        617,0103
91,46487;        617,0288
89,67905;        617,0474
88,14794;        617,0657
86,86696;        617,0821
85,42208;        617,1002
84,61003;        617,1173
83,26263;        617,1355
82,06579;        617,1536
80,78132;        617,1733
80,0691;        617,1924
78,19883;        617,2116
77,00274;        617,231
75,75832;        617,2498
75,75832;        617,2684
74,01767;        617,2869
73,00301;        617,3055
72,04347;        617,3229
70,97666;        617,3427
70,06273;        617,3622
69,19603;        617,382
68,24273;        617,402
67,20943;        617,4219
66,36284;        617,441
65,47019;        617,4594
65,13406;        617,4781
64,28677;        617,4979
63,46013;        617,5172
62,58276;        617,5372
61,64898;        617,5557
60,87363;        617,5746
60,32912;        617,5933
60,00118;        617,6141
59,76175;        617,6329
59,54567;        617,6517
59,40701;        617,6713
59,3274;        617,6904
59,47378;        617,7087
59,65296;        617,7278
59,94796;        617,7455
60,16175;        617,7636
60,3301;        617,7819
60,52927;        617,7997
60,6444;        617,8167
60,67067;        617,8351
60,96705;        617,8549
61,07752;        617,874
61,22035;        617,8936
61,4226;        617,9128
61,63647;        617,9315
61,85902;        617,9507
69,68868;        618,0507
77,20995;        618,0667
76,22099;        618,0858
76,17557;        618,1033
76,15649;        618,122
76,13522;        618,1418
76,08513;        618,1603
76,00882;        618,1863
75,9623;        618,2057
75,94903;        618,2241
75,88007;        618,2428
75,8044;        618,263
75,73323;        618,2814
75,63593;        618,3005
75,46609;        618,3192
75,26279;        618,3386
75,05949;        618,3581
74,86672;        618,3766
74,6759;        618,3955
74,4998;        618,4141
74,39181;        618,4326
74,21195;        618,4503
74,00156;        618,4684
73,7855;        618,4865
73,6189;        618,5053
73,50394;        618,5234
73,32516;        618,5422
73,19902;        618,5606
73,16171;        618,5787
73,29266;        618,598
73,46346;        618,6148
73,44432;        618,6324
73,92931;        618,6502
75,41045;        618,6695
77,76537;        618,6886
80,27061;        618,7067
82,26379;        618,726
84,1903;        618,7448
84,95558;        618,7633
86,83179;        618,7814
89,20256;        618,8001
92,06771;        618,8185
94,71141;        618,8369
96,04544;        618,8547
100,019;        618,8736
101,4114;        618,8906
104,2659;        618,9114
106,8022;        618,9294
109,0211;        618,9478
110,9913;        618,9658
112,5725;        618,986
113,2818;        619,0046
114,831;        619,0225
116,1618;        619,0414
117,1823;        619,0605
118,0994;        619,0796
118,9932;        619,0981
119,7968;        619,1161
120,6853;        619,1345
121,1387;        619,1525
122,3822;        619,1714
123,4982;        619,1894
124,6444;        619,2076
125,738;        619,2261
125,8853;        619,2443
124,8311;        619,2626
123,5711;        619,2802
123,9672;        619,2984
124,5492;        619,316
124,2453;        619,3347
124,1999;        619,3527
124,2993;        619,3719
124,0007;        619,3918
123,7902;        619,4129
123,9511;        619,4313
124,0885;        619,45
124,0926;        619,4668
124,0712;        619,4852
124,1148;        619,5047
124,137;        619,5231
124,0843;        619,5411
124,0466;        619,5601
124,0082;        619,5801
123,9108;        619,599
123,8614;        619,6184
123,905;        619,636
123,9036;        619,6554
123,9556;        619,6747
124,0494;        619,6953
124,0497;        619,7139
123,953;        619,7328
123,8739;        619,7503
123,7866;        619,7693
123,7707;        619,7875
123,7621;        619,8073
123,7207;        619,826
123,723;        619,8462
123,7783;        619,8649
123,8261;        619,8831
123,7916;        619,9015
123,8058;        619,9196
123,7601;        619,9368
123,6675;        619,9552
123,6269;        619,9741
123,6197;        619,9955
123,6813;        620,0131
123,7592;        620,0318
123,8045;        620,0497
123,7591;        620,067
123,7499;        620,0845
123,6721;        620,1025
123,6715;        620,1212
123,6967;        620,1385
123,821;        620,1562
123,8925;        620,1748
123,9226;        620,1934
123,9922;        620,2139
124,0758;        620,2316
124,1023;        620,2497
124,0741;        620,2689
124,0355;        620,287
124,0262;        620,306
124,0064;        620,3259
124,0143;        620,3447
124,1052;        620,363
124,1175;        620,3811
124,0639;        620,4003
123,993;        620,4201
123,8766;        620,439
123,838;        620,4585
123,8501;        620,4781
123,9371;        620,4974
124,0343;        620,5173
124,0173;        620,5357
123,9221;        620,5543
123,9965;        620,5731
124,0193;        620,5918
124,0285;        620,6108
124,0995;        620,6307
124,1402;        620,6495
124,1822;        620,6679
124,2054;        620,6877
124,2023;        620,7058
124,185;        620,7253
124,1723;        620,7441
124,1642;        620,7621
124,1369;        620,7801
124,1808;        620,799
124,2035;        620,8168
124,2539;        620,835
124,3602;        620,853
124,3667;        620,8712
124,424;        620,8897
124,4584;        620,9081
124,4999;        620,927
124,4498;        620,947
124,389;        620,9652
124,3498;        620,9838
124,2958;        621,0024
124,2425;        621,0205
124,131;        621,0384
123,9486;        621,0579
123,8155;        621,0778
123,5042;        621,0951
123,1246;        621,1129
122,7726;        621,1314
122,3253;        621,149
121,9437;        621,1667
121,9845;        621,1839
121,6744;        621,2016
121,2371;        621,2198
120,8634;        621,2377
120,4519;        621,2556
120,0383;        621,2737
119,7684;        621,2918
119,6779;        621,3119
119,5985;        621,3297
119,5637;        621,3475
119,5884;        621,3649
119,4618;        621,3829
119,3823;        621,4018
119,3516;        621,4198
119,3796;        621,4387
119,4409;        621,4567
119,5273;        621,4747
119,6235;        621,4932
119,6214;        621,5113
119,855;        621,5301
119,9287;        621,5494
119,9147;        621,5674
119,8786;        621,5858
119,8865;        621,6053
119,9316;        621,6238
119,9444;        621,6431
119,9505;        621,6617
120,0071;        621,6809
120,1354;        621,6993
120,2338;        621,7184
120,3198;        621,7375
120,4477;        621,7568
120,5535;        621,7765
120,6263;        621,7949
120,6671;        621,8138
120,6865;        621,8328
120,6855;        621,8522
120,7785;        621,8704
120,796;        621,8904
120,7627;        621,9088
120,7504;        621,929
120,7271;        621,9487
120,6462;        621,9677
120,6488;        621,9866
120,6424;        622,0057
120,7001;        622,024
120,7642;        622,0428
120,8147;        622,0621
120,8607;        622,082
120,864;        622,1017
120,8718;        622,12
120,777;        622,1387
120,7392;        622,1569
120,732;        622,1757
120,7109;        622,1941
120,6914;        622,2125
120,7137;        622,2306
120,7644;        622,2499
120,7795;        622,2692
120,7865;        622,2877
120,7923;        622,306
120,7633;        622,3242
120,7439;        622,343
120,7412;        622,3619
120,7297;        622,3809
120,6686;        622,4003
120,6389;        622,4205
120,5786;        622,4395
120,5416;        622,4583
120,5102;        622,4768
120,4978;        622,4963
120,5412;        622,5149
120,5475;        622,533
120,578;        622,5523
120,6373;        622,571
120,6641;        622,5878
120,671;        622,6071
120,688;        622,6257
120,7121;        622,6448
120,6963;        622,6634
120,6936;        622,6818
120,6871;        622,7006
120,7006;        622,7202
120,706;        622,7398
120,7231;        622,7586
120,7446;        622,777
120,7375;        622,795
120,7386;        622,813
120,7594;        622,8321
120,7966;        622,8514
120,7696;        622,8718
120,7763;        622,8926
120,8123;        622,9099
120,8588;        622,9282
120,8991;        622,9468
120,9663;        622,969
120,9885;        622,9874
120,9476;        623,0055
120,9404;        623,0236
120,9327;        623,0418
120,9195;        623,0612
120,8921;        623,0811
120,9078;        623,1016
120,8896;        623,1215
120,8656;        623,1407
120,9317;        623,1611
121,0842;        623,1799
121,7097;        623,1976
122,6312;        623,2159
122,4489;        623,2352
122,5436;        623,2548
122,3563;        623,2747
122,2233;        623,2952
121,7565;        623,3138
121,8559;        623,3324
121,1926;        623,3513
120,518;        623,3695
119,8837;        623,3875
119,3873;        623,406
119,3069;        623,4234
118,8539;        623,4422
118,1371;        623,4617
117,4065;        623,4806
116,6852;        623,4989
116,0263;        623,5172
115,4348;        623,5361
115,1429;        623,5553
115,1871;        623,5732
114,162;        623,5912
113,8275;        623,6107
113,4137;        623,6298
113,104;        623,6481
112,6491;        623,6661
112,1737;        623,6851
111,9649;        623,7034
111,2477;        623,723
111,2569;        623,7426
109,4314;        623,762
108,4734;        623,7837
107,1507;        623,8045
106,2151;        623,8246
105,2492;        623,8445
104,8094;        623,8628
103,9446;        623,8814
103,2254;        623,9004
102,8035;        623,9185
102,6441;        623,9368
102,6243;        623,9551
102,524;        623,9726
102,3861;        623,9913
102,2595;        624,0097
102,1584;        624,0296
102,0147;        624,0478
101,8259;        624,0661
101,562;        624,0844
101,3991;        624,1034
101,1362;        624,1214
100,8603;        624,141
100,735;        624,1595
100,3645;        624,1778
100,1842;        624,1975
99,95102;        624,2161
99,79113;        624,2361
99,72301;        624,2547
99,70449;        624,2739
99,7235;        624,2941
100,0719;        624,3143
100,5527;        624,3351
101,1567;        624,3547
101,6015;        624,3724
102,5688;        624,3906
103,5014;        624,4101
104,5907;        624,4288
105,7117;        624,4482
106,8035;        624,4664
107,3288;        624,4841
108,4534;        624,502
109,6956;        624,5207
111,0645;        624,5389
112,3566;        624,5574
113,3353;        624,5767
114,1012;        624,5984
115,0317;        624,6165
115,8946;        624,635
116,7136;        624,6536
117,1608;        624,6724
118,0855;        624,6911
118,9894;        624,7124
119,9043;        624,7312
120,725;        624,75
121,3411;        624,7677
121,9101;        624,7871
122,3114;        624,8068
122,9199;        624,8283
123,0755;        624,8469
122,8893;        624,8649
122,3622;        624,8829
122,2964;        624,9011
122,3662;        624,918
122,2923;        624,936
122,2394;        624,9544
122,1971;        624,9728
122,0764;        624,9906
121,9345;        625,009
121,8601;        625,0279
121,8891;        625,0461
121,7629;        625,0645
121,721;        625,0852
121,6745;        625,1028
121,5955;        625,1213
121,5788;        625,1401
121,5341;        625,1602
121,5172;        625,1801
121,5497;        625,1985
121,5054;        625,2173
121,4869;        625,2345
121,5063;        625,2537
121,5049;        625,2725
121,5122;        625,2911
121,5165;        625,31
121,4966;        625,3293
121,4607;        625,3477
121,4524;        625,3661
121,4429;        625,3841
121,4158;        625,4011
121,3824;        625,4201
121,3745;        625,4395
121,3846;        625,4579
121,3951;        625,4768
121,3582;        625,4948
121,3206;        625,5139
121,3299;        625,5317
121,344;        625,5507
121,2838;        625,5684
121,269;        625,5875
121,2642;        625,606
121,2709;        625,6243
121,2762;        625,6434
121,2508;        625,6613
121,2311;        625,6799
121,2497;        625,6981
121,269;        625,7159
121,2536;        625,7322
121,2524;        625,7503
121,2578;        625,7692
121,2484;        625,7878
121,2471;        625,806
121,2444;        625,8248
121,2541;        625,8448
121,2744;        625,863
121,2721;        625,8816
121,2833;        625,9002
121,2808;        625,9194
121,2561;        625,9415
121,2434;        625,9614
121,2559;        625,9805
121,2554;        625,9988
121,2557;        626,0167
121,2599;        626,0353
121,2439;        626,0538
121,2477;        626,0729
121,2435;        626,0915
121,2505;        626,1103
121,2719;        626,1289
121,2694;        626,1474
121,2566;        626,1656
121,2341;        626,1851
121,2303;        626,2048
121,2396;        626,2245
121,2343;        626,2445
121,2292;        626,2656
121,2316;        626,2852
121,2383;        626,3047
121,2404;        626,3242
121,2354;        626,3421
121,2399;        626,3596
121,2474;        626,3778
121,2408;        626,3967
121,2487;        626,414
121,2512;        626,4344
121,2519;        626,4526
121,265;        626,4706
121,2622;        626,4908
121,2724;        626,5104
121,2536;        626,5293
121,2346;        626,5501
121,2385;        626,5695
121,244;        626,5883
121,2439;        626,6074
121,2516;        626,6262
121,2473;        626,6452
121,2482;        626,6636
121,2376;        626,6818
121,2154;        626,7009
121,1839;        626,7197
121,1756;        626,7401
121,2807;        626,7592
121,5692;        626,7796
121,9529;        626,8002
122,098;        626,8199
122,0983;        626,8401
122,1277;        626,8602
122,3245;        626,8793
122,4672;        626,8992
122,4317;        626,9189
122,2797;        626,9396
122,23;        626,9603
122,1808;        626,9809
121,9952;        627,0001
121,5107;        627,0181
120,967;        627,0372
120,323;        627,0579
119,4641;        627,0761
118,3773;        627,0952
117,2043;        627,1148
116,6237;        627,1336
115,1717;        627,1515
113,4345;        627,1698
111,6612;        627,1895
109,2964;        627,2093
106,743;        627,2278
103,898;        627,2462
100,8858;        627,265
97,69075;        627,2837
95,90669;        627,3033
92,46262;        627,3235
88,84904;        627,3423
85,45026;        627,361
82,46752;        627,3799
80,02194;        627,3981
77,32281;        627,4164
74,9782;        627,4348
73,76808;        627,4526
71,25408;        627,4711
68,94246;        627,4903
67,12832;        627,5092
65,53915;        627,5276
63,91609;        627,5468
62,43984;        627,5651
60,98106;        627,585
60,08913;        627,6032
58,83955;        627,6216
57,75115;        627,6409
56,62258;        627,6592
55,68834;        627,6786
54,90661;        627,6984
54,43967;        627,7188
53,984;        627,7371
53,63172;        627,7559
53,51299;        627,7747
52,56763;        627,7927
52,1741;        627,8125
51,90575;        627,8318
51,75658;        627,8523
51,1829;        627,8731
50,65148;        627,8926
50,21487;        627,9122
50,04342;        627,9312
49,92382;        627,9491
48,71138;        627,9679
48,25805;        627,9871
47,86934;        628,0057
47,82573;        628,0236
47,15794;        628,0416
46,6324;        628,0618
45,99721;        628,0818
45,39226;        628,1011
44,93181;        628,1199
44,51038;        628,1382
44,07637;        628,1584
43,64131;        628,1782
43,50491;        628,1982
42,74466;        628,2175
42,37687;        628,2379
42,08098;        628,2572
41,848;        628,2769
41,49084;        628,2947
41,21461;        628,3134
40,91395;        628,3318
40,72277;        628,3502
40,55375;        628,37
40,43208;        628,3901
40,33915;        628,4095
40,23204;        628,4289
40,13412;        628,4487
40,18186;        628,468
40,31922;        628,4875
40,43406;        628,5076
40,52561;        628,5273
40,6394;        628,5461
40,7553;        628,5645
40,88616;        628,5842
41,04904;        628,6035
41,05056;        628,621
41,27872;        628,6391
41,57388;        628,6583
41,76852;        628,6766
41,95805;        628,6951
42,05154;        628,7136
42,22082;        628,7321
42,39882;        628,7522
42,63129;        628,7728
42,74843;        628,7915
43,07182;        628,8115
43,62466;        628,8305
44,0049;        628,8501
44,46387;        628,8705
44,47238;        628,8895
45,94305;        628,9073
46,94282;        628,9252
47,63671;        628,9444
48,42988;        628,9626
48,76736;        628,9815
51,80917;        629,0005
53,24812;        629,0183
55,06564;        629,0359
57,42139;        629,0546
60,08255;        629,0736
61,60648;        629,0918
63,81229;        629,1117
65,21252;        629,1308
65,83321;        629,1487
72,72027;        629,1672
75,18607;        629,1867
77,65058;        629,2052
80,25686;        629,2235
81,68073;        629,2419
84,66116;        629,2607
87,74347;        629,2791
90,53667;        629,2965
93,0285;        629,3141
94,33532;        629,3322
95,46391;        629,3509
99,05966;        629,3683
100,0293;        629,3866
100,0293;        629,4048
103,9011;        629,423
105,7059;        629,4409
107,7344;        629,4595
109,5749;        629,4788
111,0763;        629,4976
112,4481;        629,5154
113,9139;        629,5354
115,5011;        629,5552
116,7171;        629,5746
117,2231;        629,5934
118,3727;        629,6116
119,4974;        629,6296
120,7305;        629,6473
121,05;        629,6652
122,2258;        629,6851
120,6852;        629,7041
119,5441;        629,7239
119,76;        629,744
120,119;        629,7629
120,1521;        629,7823
120,3895;        629,8008
120,4687;        629,8198
120,1241;        629,8385
119,9257;        629,8575
119,9634;        629,8776
120,0018;        629,8959
119,9464;        629,9149
119,9094;        629,9338
119,9332;        629,9523
119,9384;        629,9719
119,9321;        629,9901
119,9601;        630,007
119,9444;        630,0254
119,9428;        630,0447
119,9264;        630,0621
119,8931;        630,0808
119,8664;        630,0994
119,885;        630,1171
119,9024;        630,1368
119,9001;        630,1559
119,913;        630,1761
119,9169;        630,1953
119,9043;        630,2139
119,9179;        630,2328
119,9139;        630,2514
119,908;        630,2688
119,9029;        630,2883
119,8971;        630,3072
119,9207;        630,3271
119,9336;        630,3458
119,9399;        630,3647
119,9472;        630,3829
119,9425;        630,4008
119,9397;        630,4207
119,951;        630,4395
119,9498;        630,4583
119,9342;        630,4778
119,9381;        630,4956
119,9469;        630,5136
119,9363;        630,532
119,9407;        630,5505
119,9617;        630,5682
119,9626;        630,5868
119,9693;        630,6065
119,9688;        630,6282
119,9696;        630,647
119,9693;        630,6659
119,9633;        630,6829
119,9689;        630,701
119,9652;        630,72
119,9632;        630,738
119,9738;        630,7571
119,9876;        630,7781
119,9962;        630,7964
119,997;        630,8147
119,9986;        630,8333
120,003;        630,8517
120,0026;        630,8718
120,0015;        630,8898
120,0184;        630,9072
120,0134;        630,9254
120,0176;        630,9431
120,0194;        630,962
120,0118;        630,9801
120,0096;        630,9995
120,018;        631,0176
120,0029;        631,0361
119,9834;        631,054
119,9677;        631,0721
119,9702;        631,0909
119,9901;        631,109
119,992;        631,1274
119,9958;        631,1466
119,9853;        631,1652
119,9658;        631,1835
119,9463;        631,202
119,9278;        631,2198
119,9111;        631,2385
119,9136;        631,2574
119,9007;        631,2756
119,8856;        631,2953
119,8863;        631,3149
119,8908;        631,334
119,8759;        631,3525
119,868;        631,3713
119,8931;        631,3898
119,9691;        631,4077
119,9662;        631,4246
120,0409;        631,4432
120,1216;        631,4614
120,403;        631,4808
120,8898;        631,4997
121,0071;        631,5181
120,8418;        631,5374
120,6155;        631,5563
120,0024;        631,5754
119,1689;        631,5944
117,9522;        631,6132
117,2796;        631,6319
115,6817;        631,6512
113,9812;        631,6693
113,0604;        631,6876
113,109;        631,7075
106,6723;        631,7256
105,3291;        631,743
102,7763;        631,7618
99,72244;        631,7803
96,56622;        631,7973
93,32893;        631,815
90,08424;        631,8343
87,17542;        631,854
85,86421;        631,8729
83,50826;        631,8917
81,05666;        631,91
78,52502;        631,9308
76,0223;        631,9507
73,91967;        631,9695
71,80906;        631,9885
69,72889;        632,0079
67,73753;        632,027
65,71015;        632,0469
63,78977;        632,0654
62,57432;        632,0836
60,75805;        632,1021
59,49865;        632,1203
58,36136;        632,1392
57,42996;        632,1574
56,59292;        632,1768
55,86829;        632,1957
55,15634;        632,2159
54,42047;        632,2347
53,82169;        632,254
53,29363;        632,2734
53,15098;        632,2928
53,01226;        632,3119
52,68784;        632,3315
52,59996;        632,3497
52,50708;        632,3689
52,49237;        632,3877
52,38994;        632,4059
52,35453;        632,4241
52,31033;        632,4426
52,3411;        632,4607
52,41658;        632,4787
52,41451;        632,4969
52,39326;        632,5153
52,40897;        632,534
52,38656;        632,5532
52,39943;        632,571
52,44707;        632,5905
52,52218;        632,6087
52,58954;        632,6288
52,61932;        632,6479
52,64727;        632,6658
52,69413;        632,6843
52,7608;        632,7037
52,79141;        632,7221
52,83064;        632,7397
52,89137;        632,7582
52,87949;        632,7764
52,85022;        632,7942
52,83849;        632,8127
52,83616;        632,832
52,89182;        632,8505
52,95869;        632,8694
52,97581;        632,8883
52,95974;        632,9072
53,10014;        632,9257
53,17194;        632,9438
53,24004;        632,9625
53,36374;        632,9802
53,42601;        632,9982
53,48402;        633,0166
53,62305;        633,0348
53,73091;        633,0532
53,75496;        633,0712
53,76305;        633,0896
53,74278;        633,1078
53,60036;        633,1267
53,40697;        633,1464
53,40697;        633,1649
52,77263;        633,1843
52,60901;        633,2021
52,37018;        633,2214
52,06969;        633,2399
51,76063;        633,2588
51,4022;        633,2783
51,01634;        633,2968
50,78627;        633,3157
50,73837;        633,3344
50,05304;        633,3521
49,58884;        633,3703
48,97914;        633,3887
48,62193;        633,4061
48,62193;        633,425
47,72271;        633,4427
47,35027;        633,4603
47,07235;        633,4786
47,00063;        633,4976
46,36172;        633,5168
46,03869;        633,5356
45,8454;        633,5547
45,77037;        633,5735
45,74459;        633,5932
45,74386;        633,6114
45,79221;        633,63
45,89429;        633,6479
45,93178;        633,666
45,93178;        633,6839
46,14477;        633,7014
46,27763;        633,7204
46,45604;        633,7377
46,48489;        633,756
46,73241;        633,775
46,86977;        633,7944
46,93795;        633,8126
47,0059;        633,8308
46,98897;        633,8491
47,27031;        633,8671
47,42758;        633,8854
47,51124;        633,9032
47,57671;        633,9203
47,54379;        633,9361
47,90675;        633,9529
48,12623;        633,9703
48,39977;        633,9876
48,63576;        634,0054
48,53534;        634,0225
49,82541;        634,0401
50,74641;        634,0573
51,90241;        634,0746
52,68043;        634,0934
54,28099;        634,1135
56,05191;        634,1332
57,84304;        634,1511
60,30551;        634,1695
63,1812;        634,1877
66,11255;        634,2065
68,60966;        634,2253
71,38581;        634,2457
72,91663;        634,2645
76,02719;        634,2827
79,00809;        634,3006
81,4585;        634,3188
83,91568;        634,3383
86,29782;        634,3544
87,77161;        634,3721
90,46799;        634,3914
92,84054;        634,4104
95,01828;        634,4304
97,28477;        634,449
99,63821;        634,4679
101,885;        634,4873
104,2073;        634,5044
105,4546;        634,5231
107,8376;        634,5432
108,6956;        634,5612
111,4505;        634,5801
113,0818;        634,5997
114,741;        634,6181
116,3872;        634,6371
117,6362;        634,6552
118,5813;        634,6737
118,8573;        634,6935
119,7207;        634,7117
120,9081;        634,73
121,395;        634,749
120,335;        634,767
119,5061;        634,7856
119,1041;        634,8041
119,4817;        634,8222
119,5072;        634,8429
119,6589;        634,8619
119,8537;        634,8805
119,6608;        634,8997
119,4136;        634,9176
119,3947;        634,9372
119,6011;        634,9551
119,6289;        634,9733
119,6289;        634,9912
119,5562;        635,0098
119,6011;        635,028
119,5936;        635,0458
119,5642;        635,0635
119,5738;        635,0822
119,5627;        635,1008
119,5509;        635,1193
119,5635;        635,1373
119,5641;        635,1544
119,5652;        635,1733
119,5557;        635,1929
119,5413;        635,2111
119,5567;        635,23
119,5589;        635,2485
119,5616;        635,2663
119,5635;        635,2848
119,5707;        635,3036
119,5714;        635,3224
119,5541;        635,3422
119,5561;        635,3615
119,5418;        635,3796
119,5384;        635,3979
119,5514;        635,415
119,5597;        635,4332
119,5655;        635,4518
119,5579;        635,4711
119,5354;        635,4896
119,5435;        635,5098
119,5492;        635,5277
119,5494;        635,5464
119,5512;        635,5647
119,5379;        635,5831
119,5317;        635,6015
119,5293;        635,6201
119,5276;        635,6385
119,5244;        635,6588
119,5176;        635,6769
119,521;        635,6951
119,5162;        635,7147
119,5135;        635,7335
119,5136;        635,7516
119,5109;        635,7701
119,5011;        635,7888
119,4991;        635,8068
119,4772;        635,8255
119,4621;        635,8439
119,4587;        635,8621
119,438;        635,8795
119,422;        635,8969
119,4056;        635,916
119,4057;        635,934
119,4035;        635,9519
119,3823;        635,9699
119,369;        635,9882
119,3745;        636,0059
119,3666;        636,024
119,3617;        636,0425
119,3399;        636,0612
119,3361;        636,0797
119,3267;        636,0981
119,3233;        636,1161
119,3285;        636,1367
119,3271;        636,1556
119,3371;        636,1765
119,3452;        636,1958
119,3404;        636,2162
119,3341;        636,2357
119,3448;        636,2546
119,3571;        636,274
119,3729;        636,2929
119,3861;        636,3123
119,3906;        636,3309
119,3903;        636,3503
119,3922;        636,369
119,3817;        636,3878
119,3945;        636,4063
119,4004;        636,4244
119,3992;        636,4426
119,4068;        636,4613
119,4062;        636,4805
119,4211;        636,4995
119,4196;        636,5173
119,4135;        636,5355
119,4169;        636,5549
119,4268;        636,5731
119,4313;        636,5911
119,4185;        636,6102
119,4185;        636,6283
119,4148;        636,6459
119,4146;        636,6637
119,4195;        636,6821
119,4191;        636,7
119,4306;        636,7199
119,4362;        636,7382
119,4277;        636,7557
119,4306;        636,7736
119,439;        636,7918
119,4487;        636,8104
119,447;        636,8293
119,4348;        636,8474
119,4314;        636,8661
119,4347;        636,884
119,4475;        636,9013
119,4439;        636,9178
119,4455;        636,9352
119,4405;        636,9526
119,4435;        636,9704
119,4505;        636,9888
119,451;        637,0051
119,454;        637,0234
119,4485;        637,0404
119,4464;        637,0576
119,449;        637,0761
119,4397;        637,0937
119,4464;        637,1124
119,44;        637,1312
119,4405;        637,1502
119,4429;        637,1685
119,4466;        637,187
119,4366;        637,2056
119,4294;        637,2245
119,4417;        637,2429
119,4472;        637,2617
119,4411;        637,2808
119,4439;        637,3004
119,4416;        637,3195
119,4391;        637,3386
119,4332;        637,3576
119,4282;        637,377
119,4254;        637,3953
119,4363;        637,4138
119,4349;        637,4323
119,4411;        637,4517
119,4388;        637,4713
119,4202;        637,4899
119,4329;        637,5087
119,4186;        637,5277
119,4149;        637,5466
119,4055;        637,5649
119,3905;        637,5844
119,3844;        637,6046
119,3772;        637,6238
119,3814;        637,6426
119,3794;        637,6616
119,3746;        637,6802
119,3791;        637,6986
119,3684;        637,7166
119,3557;        637,7349
119,3395;        637,7526
119,3379;        637,7708
119,3381;        637,7889
119,3309;        637,807
119,3335;        637,8254
119,3279;        637,8436
119,3256;        637,8626
119,3228;        637,8805
119,3288;        637,8987
119,3283;        637,9172
119,3264;        637,936
119,3322;        637,9544
119,3277;        637,9739
119,3275;        637,9927
119,3303;        638,0108
119,3261;        638,0305
119,3138;        638,0505
119,3196;        638,0694
119,3153;        638,0895
119,3218;        638,1078
119,3218;        638,1291
119,3394;        638,1477
119,3391;        638,1667
119,3451;        638,1851
119,3393;        638,204
119,3372;        638,2227
119,3415;        638,2419
119,3313;        638,2604
119,337;        638,2796
119,3439;        638,2987
119,3521;        638,3178
119,3452;        638,3368
119,3499;        638,3564
119,3499;        638,3749
119,3476;        638,3946
119,3552;        638,4147
119,3622;        638,4338
119,3574;        638,4527
119,3621;        638,4735
119,3525;        638,4966
119,3523;        638,5167
119,3477;        638,5354
119,3465;        638,5535
119,3519;        638,5732
119,3439;        638,5922
119,3466;        638,6099
119,3436;        638,6276
119,3505;        638,647
119,3508;        638,6652
119,3453;        638,683
119,3441;        638,7001
119,3402;        638,7178
119,3322;        638,7369
119,3321;        638,7557
119,3281;        638,7751
119,3381;        638,7935
119,3366;        638,8118
119,3435;        638,8318
119,3309;        638,8515
119,3344;        638,87
119,333;        638,8875
119,3329;        638,9063
119,3183;        638,9237
119,3223;        638,9413
119,3294;        638,9597
119,3512;        638,9781
119,3547;        638,996
119,3604;        639,0153
119,3665;        639,0333
119,3507;        639,0515
119,3306;        639,07
119,325;        639,0879
119,3231;        639,1052
119,3425;        639,1263
119,3451;        639,145
119,3448;        639,1626
119,3531;        639,1809
119,3598;        639,1994
119,3542;        639,2174
119,3527;        639,2369
119,3496;        639,2552
119,3533;        639,2729
119,3506;        639,2943
119,3494;        639,3127
119,3539;        639,3328
119,3578;        639,3531
119,3501;        639,3734
119,3538;        639,3925
119,3481;        639,4117
119,3499;        639,4304
119,3549;        639,4503
119,3496;        639,4694
119,3524;        639,4881
119,3524;        639,5067
119,3522;        639,5253
119,3348;        639,5443
119,3357;        639,5622
119,3406;        639,5804
119,3342;        639,5994
119,3427;        639,6208
119,3413;        639,639
119,3444;        639,6584
119,35;        639,6776
119,3554;        639,699
119,3524;        639,718
119,3571;        639,7366
119,3496;        639,7546
119,3484;        639,773
119,3404;        639,7913
119,3447;        639,8097
119,358;        639,8279
119,3611;        639,8475
119,3561;        639,8687
119,3602;        639,8878
119,3519;        639,9083
119,3635;        639,9271
119,3626;        639,9476
119,3737;        639,9664
119,3808;        639,9845
119,3749;        640,0027
119,369;        640,0228
119,3646;        640,0424
119,3637;        640,0617
119,3595;        640,0804
119,3446;        640,0987
119,346;        640,1175
119,3553;        640,136
119,3637;        640,1544
119,3621;        640,1736
119,3606;        640,1931
119,3532;        640,2115
119,3558;        640,2304
119,3501;        640,25
119,3498;        640,2685
119,3552;        640,2858
119,362;        640,3038
119,3707;        640,3229
119,3624;        640,3456
119,3608;        640,3646
119,3827;        640,383
119,3807;        640,4031
119,3786;        640,4218
119,3767;        640,4409
119,3868;        640,459
119,3915;        640,4782
119,3934;        640,4968
119,386;        640,5145
119,3888;        640,5342
119,3951;        640,5539
119,3996;        640,5728
119,3919;        640,5922
119,3912;        640,6108
119,4005;        640,629
119,3966;        640,6484
119,4032;        640,6653
119,4028;        640,684
119,4156;        640,7028
119,416;        640,7223
119,4168;        640,7412
119,4023;        640,7604
119,3968;        640,7789
119,3917;        640,7974
119,3966;        640,8168
119,4041;        640,8353
119,399;        640,8533
119,408;        640,8732
119,4021;        640,8957
119,4003;        640,9149
119,4019;        640,9348
119,388;        640,9545
119,3927;        640,9738
119,3937;        640,9938
119,3886;        641,0125
119,4201;        641,0313
119,4245;        641,0494
119,421;        641,067
119,4247;        641,0869
119,4194;        641,1036
119,4058;        641,1228
119,3951;        641,1425
119,3929;        641,16
119,4059;        641,179
119,4033;        641,1987
119,3979;        641,2184
119,3996;        641,236
119,4115;        641,2549
119,411;        641,2733
119,4182;        641,2943
119,4247;        641,3137
119,4315;        641,3339
119,4382;        641,3543
119,4359;        641,3744
119,4202;        641,3931
119,4218;        641,4115
119,4149;        641,4302
119,418;        641,4483
119,4106;        641,4662
119,4128;        641,4841
119,4101;        641,5026
119,4046;        641,522
119,4221;        641,5418
119,4215;        641,5598
119,4125;        641,5779
119,4084;        641,5975
119,4019;        641,6176
119,4071;        641,6382
119,4053;        641,6566
119,4012;        641,6758
119,4059;        641,6946
119,4123;        641,7126
119,42;        641,7304
119,424;        641,7492
119,4245;        641,7693
119,4115;        641,7891
119,4136;        641,8076
119,4207;        641,8257
119,4269;        641,8445
119,4391;        641,8628
119,4132;        641,8823
119,408;        641,9022
119,4126;        641,9219
119,4161;        641,9422
119,407;        641,9612
119,3943;        641,9808
119,4048;        641,9996
119,4039;        642,0181
119,4066;        642,0378
119,4085;        642,0552
119,3983;        642,0736
119,4146;        642,0923
119,4123;        642,1106
119,4248;        642,129
119,4353;        642,1472
119,4349;        642,165
119,4353;        642,1826
119,4187;        642,2006
119,4109;        642,2208
119,4178;        642,2399
119,4148;        642,258
119,4163;        642,2773
119,4307;        642,2955
119,4604;        642,3143
119,4786;        642,3326
119,449;        642,3528
119,4254;        642,3727
119,4253;        642,3935
119,4332;        642,4122
119,4409;        642,4308
119,4684;        642,45
119,5008;        642,4683
119,4885;        642,4874
119,4989;        642,5059
118,0697;        642,5255
117,9637;        642,544
120,6616;        642,5638
124,2586;        642,5802
125,493;        642,598
122,2365;        642,6155
118,5312;        642,634
117,0379;        642,6517
117,0984;        642,6704
118,4728;        642,6894
118,3001;        642,7084
118,3601;        642,726
118,3664;        642,7437
118,2326;        642,762
118,3254;        642,7807
118,338;        642,7997
118,2995;        642,8184
118,2863;        642,8419
118,3128;        642,8619
118,3406;        642,8809
118,3273;        642,9012
118,3144;        642,9219
118,3162;        642,941
118,3218;        642,9584
118,3002;        642,9764
118,2951;        642,994
118,2992;        643,0125
118,2969;        643,0308
118,3055;        643,0497
118,2792;        643,0682
118,2857;        643,0867
118,282;        643,1052
118,2784;        643,1232
118,2734;        643,1421
118,2798;        643,1617
118,2824;        643,1808
118,3;        643,1989
118,3078;        643,2172
118,3233;        643,2357
118,3606;        643,2552
118,3612;        643,2737
118,3827;        643,2927
118,3883;        643,3115
118,4034;        643,3298
118,4003;        643,3483
118,3943;        643,367
118,4498;        643,386
118,4404;        643,4033
118,4601;        643,4193
118,462;        643,4368
118,5087;        643,4539
118,5082;        643,4731
118,5098;        643,4916
118,517;        643,5109
118,521;        643,5293
118,5263;        643,549
118,5329;        643,5676
118,5561;        643,5857
118,5508;        643,6056
118,5461;        643,6229
118,5345;        643,642
118,5251;        643,6613
118,5399;        643,6791
118,5399;        643,6971
118,5613;        643,7162
118,5578;        643,7348
118,5686;        643,7539
118,5612;        643,7729
118,5571;        643,7921
118,5674;        643,8115
118,5707;        643,8303
118,577;        643,8486
118,5798;        643,8672
118,5891;        643,8862
118,6021;        643,9064
118,6136;        643,9258
118,6084;        643,9464
118,5955;        643,9667
118,6037;        643,9859
118,6055;        644,0046
118,6183;        644,0235
118,6236;        644,0412
118,6479;        644,0596
118,6633;        644,0786
118,6546;        644,0983
118,6327;        644,1169
118,6327;        644,1353
118,6401;        644,1534
118,6451;        644,1725
118,6469;        644,1919
118,6637;        644,2104
118,6609;        644,2303
118,6347;        644,2482
118,631;        644,2671
118,64;        644,2863
118,6335;        644,3049
118,6412;        644,3242
118,6456;        644,3425
118,6591;        644,361
118,6833;        644,379
118,6927;        644,3973
118,6831;        644,4162
118,6778;        644,4352
118,6857;        644,4539
118,704;        644,4741
118,7051;        644,492
118,7051;        644,511
118,7127;        644,5305
118,6953;        644,549
118,6892;        644,5681
118,6859;        644,5864
118,7014;        644,6067
118,7044;        644,626
118,6953;        644,6443
118,6797;        644,6628
118,6692;        644,6815
118,6737;        644,6999
118,6845;        644,7186
118,6845;        644,7374
118,691;        644,756
118,6794;        644,7749
118,6757;        644,7927
118,677;        644,8099
118,6842;        644,829
118,6977;        644,8474
118,695;        644,8665
118,6913;        644,8852
118,6928;        644,9026
118,6814;        644,9211
118,6725;        644,9423
118,6699;        644,9622
118,6765;        644,9816
118,686;        644,9978
118,6783;        645,0168
118,6831;        645,035
118,6959;        645,054
118,7004;        645,0724
118,6996;        645,0919
118,7023;        645,1099
118,6987;        645,1277
118,6989;        645,1477
118,6931;        645,1672
118,6916;        645,1855
118,6765;        645,2034
118,664;        645,2224
118,6658;        645,2418
118,6684;        645,261
118,6747;        645,2799
118,6773;        645,2983
118,6811;        645,317
118,6693;        645,3366
118,6604;        645,3559
118,6627;        645,3759
118,6716;        645,3933
118,6751;        645,412
118,6834;        645,43
118,669;        645,4471
118,6601;        645,4661
118,6535;        645,4844
118,6452;        645,5035
118,6502;        645,5219
118,6561;        645,5416
118,6979;        645,559
118,8786;        645,5771
119,25;        645,5953
119,7249;        645,6146
119,8116;        645,6321
119,6105;        645,6523
119,4219;        645,6707
119,2367;        645,6898
119,0441;        645,7103
118,782;        645,7288
118,4649;        645,7472
118,1418;        645,7653
117,9167;        645,7841
117,8739;        645,803
117,6129;        645,8223
117,4455;        645,8423
116,7319;        645,8604
116,25;        645,8787
115,6982;        645,8971
115,446;        645,9179
115,446;        645,9351
114,104;        645,9549
113,6402;        645,9767
113,2307;        645,9957
112,7999;        646,0154
112,7075;        646,0328
112,3234;        646,0516
111,9479;        646,0721
111,656;        646,0925
111,3589;        646,1106
111,1257;        646,129
110,7808;        646,1473
110,3915;        646,1652
110,0152;        646,1852
109,686;        646,2038
109,5581;        646,2213
109,2875;        646,2427
109,0582;        646,2615
108,8615;        646,2798
108,5883;        646,2972
108,3694;        646,3163
108,2558;        646,3361
108,168;        646,3556
108,1672;        646,376
108,0707;        646,3951
107,9504;        646,4144
107,8932;        646,4333
107,7878;        646,4521
107,6452;        646,4709
107,4747;        646,4902
107,2372;        646,509
107,2372;        646,5275
106,4774;        646,5461
105,9223;        646,5645
105,6286;        646,5825
104,8874;        646,602
103,9324;        646,6198
102,9172;        646,6383
101,7023;        646,6567
100,4918;        646,6751
100,4918;        646,6941
97,03411;        646,7147
94,97565;        646,7334
93,92466;        646,7525
91,76749;        646,7714
89,65186;        646,7897
87,72302;        646,8109
85,87617;        646,8298
84,11932;        646,8481
82,74048;        646,868
81,39156;        646,8873
80,31446;        646,9062
79,30886;        646,9258
78,22459;        646,9446
77,24363;        646,9635
76,71252;        646,9812
75,72926;        646,9989
74,79369;        647,0167
74,15905;        647,0344
72,65424;        647,0526
71,37029;        647,0706
70,75667;        647,0895
67,94765;        647,1073
66,26827;        647,1259
64,16086;        647,1445
62,85623;        647,1629
60,74346;        647,1825
59,10875;        647,2026
57,75212;        647,2209
55,96717;        647,2401
54,53074;        647,2591
53,4224;        647,2789
52,46616;        647,2969
51,39676;        647,3171
50,50546;        647,3363
49,62655;        647,355
48,57613;        647,3743
47,57088;        647,3942
47,1197;        647,4124
46,56667;        647,4307
46,21624;        647,4503
46,04768;        647,4686
45,85822;        647,487
45,74122;        647,5056
45,73552;        647,5242
45,80489;        647,543
45,88659;        647,5623
46,04921;        647,5821
46,21078;        647,6014
46,35513;        647,6218
46,49849;        647,6404
46,64693;        647,6594
46,7811;        647,6789
46,86828;        647,6968
46,95718;        647,7154
47,06076;        647,7357
47,15343;        647,7538
47,21454;        647,7719
47,27685;        647,7903
47,31792;        647,8085
47,34883;        647,829
47,42991;        647,8472
47,52047;        647,8655
47,57723;        647,8837
47,6408;        647,9046
47,66823;        647,9225
47,71206;        647,9408
47,76322;        647,9594
47,84363;        647,9778
47,91097;        647,996
48,00207;        648,0145
48,02829;        648,0329
48,0406;        648,0521
48,07977;        648,0711
48,13104;        648,0905
48,23561;        648,1107
48,37133;        648,1295
48,4518;        648,1487
48,48524;        648,1677
48,54702;        648,1857
48,61971;        648,2053
48,69455;        648,2258
48,76702;        648,2437
48,81126;        648,2623
48,91357;        648,2804
49,04048;        648,2988
49,26783;        648,3178
49,49663;        648,3353
49,71515;        648,3537
49,83612;        648,3714
50,17627;        648,3893
50,66518;        648,4086
51,25751;        648,4264
52,00725;        648,4446
52,39215;        648,4633
53,48775;        648,4818
54,89559;        648,5015
56,48843;        648,5193
58,0718;        648,5375
59,72482;        648,5558
61,56467;        648,5741
62,78365;        648,593
65,25137;        648,6117
67,76875;        648,6311
70,1937;        648,6487
70,1937;        648,668
74,52588;        648,6879
76,53333;        648,7074
78,71341;        648,726
80,97215;        648,7444
82,09333;        648,7625
84,51099;        648,7809
86,28452;        648,7995
88,1656;        648,8175
90,25458;        648,8361
92,19145;        648,8549
94,20443;        648,8755
95,9569;        648,8945
96,75041;        648,9126
96,80015;        648,9316
100,682;        648,949
102,6025;        648,9669
104,3322;        648,9849
105,0819;        649,0029
106,5972;        649,0206
108,1214;        649,0389
109,5562;        649,0564
111,1298;        649,0764
112,558;        649,0941
113,2221;        649,1118
114,3011;        649,1297
115,6481;        649,1473
117,1438;        649,1659
118,4983;        649,184
118,9405;        649,2025
119,6088;        649,221
119,8982;        649,2389
119,8632;        649,2572
119,5752;        649,2757
119,21;        649,293
119,131;        649,309
119,283;        649,3259
119,2927;        649,3428
119,5319;        649,3608
119,4755;        649,3784
119,4336;        649,3955
119,4334;        649,4143
119,4258;        649,4328
119,4368;        649,4514
119,503;        649,4696
119,495;        649,4883
119,4597;        649,5065
119,4747;        649,5256
119,4535;        649,5439
119,4178;        649,5618
119,3679;        649,5812
119,324;        649,5993
119,3155;        649,6175
119,1866;        649,6358
119,1318;        649,6539
119,1002;        649,6729
119,0755;        649,6918
119,0507;        649,7103
119,0275;        649,7291
119,0156;        649,7459
119,0313;        649,7641
119,0097;        649,7823
118,9815;        649,8004
118,9804;        649,8184
118,9713;        649,8356
118,9553;        649,8543
118,9444;        649,8719
118,9341;        649,8895
118,919;        649,9061
118,9231;        649,9234
118,9346;        649,941
118,9498;        649,9593
118,9504;        649,9783
118,9397;        649,9964
118,9238;        650,0153
118,9323;        650,0344
118,9376;        650,053
118,9258;        650,0715
118,9187;        650,0903
118,9223;        650,1093
118,9136;        650,1279
118,9085;        650,1466
118,9133;        650,1661
118,9194;        650,1838
118,9103;        650,2028
118,909;        650,2207
118,9025;        650,2389
118,8946;        650,2563
118,8944;        650,2751
118,902;        650,2943
118,9038;        650,3136
118,9065;        650,3315
118,9077;        650,3483
118,9022;        650,3668
118,9057;        650,3859
118,9024;        650,4052
118,895;        650,4235
118,8968;        650,4429
118,897;        650,4602
118,8961;        650,4788
118,8941;        650,498
118,8906;        650,5173
118,901;        650,535
118,9097;        650,5538
118,9179;        650,575
118,9242;        650,5933
118,9183;        650,6115
118,9199;        650,6295
118,9214;        650,6482
118,9058;        650,6651
118,9059;        650,6835
118,9137;        650,7021
118,9201;        650,7201
118,9284;        650,7383
118,9029;        650,7574
118,8961;        650,7763
118,9035;        650,7946
118,9109;        650,8146
118,9036;        650,8317
118,9054;        650,8503
118,9053;        650,8693
118,9068;        650,8883
118,9074;        650,9077
118,9085;        650,9265
118,9169;        650,9451
118,9321;        650,964
118,9148;        650,9815
118,9089;        651,0001
118,9031;        651,0187
118,8981;        651,0378
118,8989;        651,058
118,9002;        651,0773
118,8928;        651,0957
118,9055;        651,1155
118,9054;        651,1325
118,907;        651,1509
118,9016;        651,1698
118,9152;        651,1878
118,9172;        651,2076
118,9204;        651,2264
118,9136;        651,2449
118,8965;        651,2619
118,8924;        651,2808
118,8931;        651,2997
118,896;        651,3172
118,8909;        651,3358
118,8944;        651,3528
118,8886;        651,3706
118,9022;        651,3893
118,9088;        651,408
118,905;        651,4258
118,909;        651,4442
118,9058;        651,4622
118,9031;        651,4798
118,9029;        651,4981
118,9134;        651,5161
118,9171;        651,5344
118,912;        651,553
118,9015;        651,5708
118,8962;        651,5897
118,899;        651,6088
118,9096;        651,6271
118,9174;        651,6448
118,9258;        651,6628
118,9239;        651,6808
118,9239;        651,701
118,9145;        651,7196
118,9045;        651,7382
118,9037;        651,7576
118,8996;        651,7769
118,9099;        651,7961
118,9121;        651,815
118,9059;        651,8339
118,9044;        651,8521
118,9096;        651,8706
118,9027;        651,8888
118,905;        651,9067
118,9002;        651,9246
118,8954;        651,9425
118,9097;        651,9617
118,9147;        651,9815
118,9213;        651,9995
118,9264;        652,0172
118,9127;        652,0359
118,9247;        652,0539
118,9258;        652,0713
118,9208;        652,0891
118,9152;        652,107
118,9151;        652,1249
118,9272;        652,1437
118,9218;        652,162
118,9296;        652,1807
118,9401;        652,1993
118,9399;        652,2208
118,9318;        652,239
118,932;        652,2575
118,9332;        652,2773
118,9401;        652,2956
118,9286;        652,3136
118,9279;        652,3319
118,9268;        652,35
118,9264;        652,3679
118,9294;        652,3861
118,9325;        652,4032
118,9442;        652,4222
118,9388;        652,4409
118,9375;        652,459
118,9283;        652,4771
118,9265;        652,4953
118,9287;        652,5136
118,9319;        652,5323
118,9269;        652,551
118,9246;        652,5696
118,9243;        652,5887
118,9294;        652,6068
118,9299;        652,6245
118,9372;        652,6434
118,9276;        652,7433
118,9337;        652,7592
118,9309;        652,7753
118,9386;        652,7903
118,9341;        652,8091
118,9322;        652,8266
118,9303;        652,8486
118,9258;        652,8716
118,9187;        652,8903
118,9173;        652,9079
118,9364;        652,9254
118,9289;        652,9454
118,9284;        652,9654
118,9326;        652,9842
118,9213;        653,003
118,9216;        653,0209
118,912;        653,0391
118,9118;        653,0582
118,9096;        653,0759
118,9092;        653,0938
118,9154;        653,1119
118,911;        653,13
118,9036;        653,1485
118,8927;        653,1667
118,8978;        653,1853
118,8965;        653,2046
118,8997;        653,2221
118,8951;        653,2411
118,8925;        653,2594
118,9008;        653,2791
118,9114;        653,2973
118,9028;        653,3157
118,8991;        653,3334
118,902;        653,3512
118,9056;        653,3701
118,9138;        653,3879
118,9174;        653,4067
118,9185;        653,4256
118,9209;        653,4446
118,9215;        653,4642
118,9226;        653,4835
118,9263;        653,5024
118,9277;        653,5204
118,9204;        653,5391
118,9229;        653,558
118,9336;        653,577
118,9223;        653,5955
118,9253;        653,6136
118,9331;        653,632
118,9265;        653,6498
118,9218;        653,6685
118,9252;        653,6858
118,927;        653,7067
118,9421;        653,7265
118,9408;        653,745
118,9344;        653,7636
118,9374;        653,782
118,9233;        653,8008
118,9181;        653,8187
118,9316;        653,8378
118,9247;        653,8577
118,9231;        653,8775
118,9264;        653,8967
118,9175;        653,915
118,9194;        653,9344
118,9235;        653,9525
118,9177;        653,9716
118,9162;        653,9897
118,9078;        654,0084
118,9249;        654,0261
118,9204;        654,0441
118,9081;        654,062
118,9015;        654,0807
118,898;        654,0988
118,8839;        654,1171
118,8895;        654,1361
118,8886;        654,1539
118,8909;        654,1725
118,89;        654,1909
118,8882;        654,2088
118,895;        654,2275
118,8892;        654,2464
118,8932;        654,2642
118,8972;        654,2828
118,8987;        654,3021
118,901;        654,3207
118,9001;        654,3392
118,9051;        654,3575
118,9021;        654,3756
118,8999;        654,394
118,8918;        654,414
118,8954;        654,432
118,898;        654,4501
118,8988;        654,4686
118,8981;        654,488
118,9108;        654,506
118,9099;        654,5239
118,9004;        654,5424
118,8987;        654,5611
118,8958;        654,5798
118,8987;        654,5991
118,8939;        654,617
118,9058;        654,6357
118,9045;        654,6537
118,8864;        654,6719
118,8874;        654,6899
118,9028;        654,708
118,9115;        654,7271
118,9043;        654,7468
118,8904;        654,7673
118,9017;        654,7873
118,9171;        654,8054
118,9183;        654,8239
118,9176;        654,8425
118,9175;        654,8606
118,9111;        654,8796
118,9028;        654,8984
118,902;        654,917
118,9002;        654,9345
118,9123;        654,9546
118,9169;        654,9754
118,9204;        654,9932
118,9118;        655,012
118,9183;        655,0302
118,9142;        655,0484
118,9091;        655,0662
118,9021;        655,0868
118,9069;        655,1044
118,898;        655,125
118,8905;        655,1446
118,8937;        655,1639
118,8907;        655,1827
118,8839;        655,2033
118,8815;        655,2215
118,8961;        655,2401
118,9012;        655,2593
118,893;        655,2765
118,8907;        655,2985
118,8899;        655,3185
118,8937;        655,3374
118,8969;        655,358
118,8851;        655,3824
118,884;        655,4037
118,8882;        655,4244
118,8876;        655,4434
118,8866;        655,4668
118,886;        655,4893
118,8977;        655,5122
118,901;        655,5363
118,9088;        655,5568
118,902;        655,5748
118,9006;        655,5916
118,8926;        655,6101
118,8912;        655,6281
118,8967;        655,6454
118,8954;        655,6628
118,8933;        655,6809
118,8982;        655,7045
118,9001;        655,7224
118,8987;        655,7408
118,9022;        655,7583
118,9057;        655,7763
118,9045;        655,795
118,8956;        655,8138
118,9034;        655,8323
118,9055;        655,8508
118,9023;        655,8699
118,9056;        655,8891
118,9045;        655,9078
118,8985;        655,9268
118,9041;        655,9437
118,902;        655,9618
118,9007;        655,9803
118,8876;        655,9966
118,8933;        656,0142
118,8933;        656,0322
118,9053;        656,0508
118,9106;        656,0699
118,9069;        656,0873
118,8989;        656,1068
118,9039;        656,1254
118,8999;        656,1439
118,896;        656,1632
118,8894;        656,1823
118,8923;        656,2003
118,8944;        656,2188
118,8828;        656,2381
118,8884;        656,2571
118,892;        656,2761
118,8829;        656,2941
118,8845;        656,312
118,8748;        656,3303
118,8777;        656,3477
118,8828;        656,3658
118,887;        656,3835
118,8886;        656,4019
118,8921;        656,4211
118,8876;        656,4403
118,8892;        656,458
118,8837;        656,4763
118,8844;        656,4937
118,8923;        656,5105
118,8945;        656,5298
118,8889;        656,5494
118,8885;        656,5687
118,8933;        656,5864
118,8846;        656,6044
118,8764;        656,6216
118,8783;        656,6388
118,8787;        656,6564
118,8781;        656,6734
118,8805;        656,6912
118,8784;        656,7092
118,8725;        656,7264
118,8714;        656,7444
118,8695;        656,7622
118,8688;        656,7792
118,8654;        656,7969
118,8654;        656,8132
118,8641;        656,832
118,8816;        656,8499
118,8761;        656,8661
118,8689;        656,8839
118,8667;        656,9011
118,8622;        656,9192
118,8602;        656,9364
118,8596;        656,9544
118,8578;        656,9724
118,865;        656,9903
118,8656;        657,0084
118,8677;        657,0261
118,8633;        657,0447
118,8572;        657,0657
118,8515;        657,084
118,8457;        657,1025
118,872;        657,1217
118,8676;        657,1409
118,871;        657,1594
118,8822;        657,1786
118,8716;        657,1972
118,8579;        657,2159
118,8581;        657,2339
118,8643;        657,2521
118,8574;        657,2699
118,8528;        657,2895
118,8404;        657,3065
118,8519;        657,3237
118,8555;        657,3421
118,8625;        657,3604
118,8586;        657,3796
118,8669;        657,397
118,8706;        657,4148
118,8733;        657,4322
118,8684;        657,4495
118,8642;        657,4671
118,8634;        657,4836
118,8715;        657,503
118,8712;        657,5209
118,8713;        657,5399
118,8777;        657,558
118,8806;        657,577
118,883;        657,5952
118,8759;        657,6143
118,8722;        657,6332
118,8705;        657,6534
118,8642;        657,6721
118,8656;        657,6913
118,8639;        657,7088
118,8679;        657,7275
118,8662;        657,7451
118,8718;        657,7631
118,8766;        657,7817
118,8707;        657,8005
118,8678;        657,8188
118,8711;        657,8372
118,8649;        657,8571
118,8628;        657,876
118,8688;        657,8956
118,8697;        657,9141
118,8822;        657,9327
118,8821;        657,9515
118,8767;        657,9697
118,8709;        657,9881
118,8542;        658,0069
118,8631;        658,0248
118,8602;        658,0433
118,8582;        658,0624
118,8548;        658,0809
118,866;        658,099
118,8614;        658,1172
118,8623;        658,1354
118,8634;        658,1537
118,8574;        658,1722
118,8533;        658,192
118,8535;        658,2115
118,85;        658,2307
118,8568;        658,2487
118,8448;        658,2668
118,8342;        658,2851
118,8307;        658,3029
118,8313;        658,3207
118,8453;        658,3394
118,8526;        658,3578
118,8414;        658,3767
118,8411;        658,3958
118,8465;        658,4152
118,8529;        658,4341
118,8538;        658,4521
118,8615;        658,47
118,8524;        658,4894
118,8418;        658,5084
118,848;        658,5265
118,8497;        658,5445
118,8321;        658,5628
118,8361;        658,5805
118,8412;        658,5984
118,8475;        658,6172
118,8683;        658,6357
118,8724;        658,654
118,8663;        658,6721
118,872;        658,6883
118,8635;        658,7053
118,8518;        658,7228
118,8597;        658,7396
118,8566;        658,7572
118,8521;        658,7753
118,8513;        658,7953
118,855;        658,8155
118,8549;        658,8333
118,8654;        658,8525
118,8586;        658,8706
118,8615;        658,8906
118,8629;        658,9084
118,8474;        658,9252
118,8345;        658,9417
118,8431;        658,9603
118,8391;        658,9803
118,8467;        658,9993
118,8529;        659,0171
118,8575;        659,0363
118,8434;        659,0555
118,842;        659,0751
118,8512;        659,0934
118,8405;        659,1113
118,8457;        659,1292
118,8456;        659,1483
118,8407;        659,1663
118,8587;        659,1843
118,8598;        659,2029
118,8552;        659,2208
118,8493;        659,239
118,8361;        659,2568
118,8437;        659,2766
118,8492;        659,2954
118,8445;        659,314
118,8419;        659,3339
118,8439;        659,3514
118,8389;        659,3706
118,8422;        659,3886
118,8405;        659,406
118,8428;        659,423
118,8399;        659,4407
118,8417;        659,4622
118,8464;        659,4824
118,8489;        659,5007
118,8518;        659,5231
118,8511;        659,5418
118,8555;        659,5608
118,8492;        659,5796
118,8564;        659,5983
118,8566;        659,6168
118,8556;        659,6353
118,8595;        659,6532
118,8548;        659,6726
118,8529;        659,6929
118,8642;        659,7115
118,8614;        659,7311
118,8685;        659,7495
118,8631;        659,7689
118,8608;        659,7866
118,8684;        659,8039
118,876;        659,8227
118,876;        659,8408
118,8659;        659,8596
118,8564;        659,8774
118,8509;        659,897
118,8519;        659,9177
118,8568;        659,9368
118,875;        659,9573
118,8746;        659,977
118,8856;        659,9963
118,8794;        660,0156
118,875;        660,0349
118,8886;        660,0557
118,8819;        660,076
118,8823;        660,0958
118,8781;        660,1147
118,8665;        660,1348
118,8734;        660,1545
118,8705;        660,1736
118,8688;        660,1932
118,8737;        660,2123
118,8731;        660,231
118,8842;        660,2497
118,8943;        660,2684
118,8888;        660,2877
118,8794;        660,3066
118,8679;        660,3268
118,8674;        660,3457
118,8678;        660,3649
118,8672;        660,3854
118,869;        660,4041
118,8737;        660,4222
118,8702;        660,4406
118,8736;        660,4598
118,8682;        660,4795
118,8568;        660,4991
118,8581;        660,5188
118,8667;        660,5388
118,8756;        660,5571
118,8799;        660,576
118,8642;        660,5948
118,8595;        660,6136
118,8629;        660,6315
118,8684;        660,6503
118,881;        660,6714
118,8761;        660,6909
118,8697;        660,7082
118,8721;        660,7269
118,8761;        660,7457
118,8768;        660,765
118,8642;        660,7858
118,8628;        660,8036
118,8673;        660,8218
118,8726;        660,8416
118,8609;        660,8617
118,8586;        660,8808
118,8635;        660,8994
118,86;        660,9201
118,8868;        660,9378
118,9656;        660,9564
118,9474;        660,9744
119,2219;        660,9945
119,1766;        661,0134
119,5705;        661,0352
119,4839;        661,054
119,1161;        661,0728
118,9773;        661,0911
118,2911;        661,1109
117,4228;        661,1288
116,4249;        661,1478
115,2522;        661,1686
114,0377;        661,1878
112,7051;        661,2061
111,4223;        661,2247
109,8456;        661,2425
109,0964;        661,261
107,4981;        661,2794
105,7936;        661,2976
103,9994;        661,3156
102,1542;        661,3353
100,5897;        661,3538
99,27029;        661,3726
98,7215;        661,3912
97,80978;        661,4088
96,76059;        661,4265
95,68129;        661,4449
94,66875;        661,4627
93,77229;        661,4818
93,39594;        661,5004
92,52494;        661,5209
91,57813;        661,5399
90,59081;        661,5584
89,46011;        661,5767
88,17675;        661,5956
87,11679;        661,6139
87,03688;        661,6346
86,3806;        661,653
83,10216;        661,6723
82,2892;        661,6912
80,79888;        661,7097
79,40968;        661,7286
77,93253;        661,7473
76,35168;        661,7667
74,9221;        661,7863
73,73843;        661,8055
72,40162;        661,8246
71,11521;        661,8422
70,4241;        661,8606
69,03613;        661,8801
67,71906;        661,8986
66,64227;        661,9183
65,61452;        661,9374
64,55208;        661,9571
63,50984;        661,9745
62,58626;        661,9933
61,79003;        662,0129
61,40675;        662,0308
60,71825;        662,0503
59,90685;        662,0699
59,06981;        662,0882
58,24485;        662,1063
57,6076;        662,1248
57,21196;        662,1432
56,91454;        662,1621
56,84316;        662,18
56,48055;        662,1984
55,98201;        662,217
55,56938;        662,236
55,4103;        662,2531
55,34601;        662,27
55,40732;        662,2864
55,47052;        662,3058
55,40117;        662,3238
55,3256;        662,3427
55,29866;        662,3625
55,38617;        662,3829
55,50757;        662,4018
55,64293;        662,4216
55,68067;        662,441
55,78183;        662,4604
55,90731;        662,4786
56,0164;        662,498
56,14209;        662,5169
56,2747;        662,5355
56,37106;        662,5538
56,41874;        662,5715
56,50982;        662,5886
56,60678;        662,6052
56,69268;        662,6235
56,72815;        662,6412
56,75464;        662,6594
56,78798;        662,6782
56,83297;        662,6968
56,88011;        662,7152
56,92314;        662,7337
56,97282;        662,7514
57,12987;        662,7701
57,35667;        662,7886
57,51939;        662,8062
57,29486;        662,8242
56,66669;        662,8428
56,23676;        662,8611
55,7099;        662,8789
55,35677;        662,8976
55,0817;        662,915
54,60862;        662,9318
54,32173;        662,9496
53,37635;        662,9679
52,27446;        662,9863
51,4041;        663,0055
50,66889;        663,0243
50,13437;        663,0424
49,88608;        663,061
49,66293;        663,079
49,46824;        663,0977
49,24729;        663,1167
49,11634;        663,1356
49,0983;        663,1533
49,14479;        663,1716
49,3474;        663,1909
49,55346;        663,2087
49,75849;        663,2271
50,00508;        663,2486
50,29148;        663,2679
50,55172;        663,2874
50,77131;        663,3083
50,99213;        663,3284
51,21591;        663,3463
51,47118;        663,364
51,79319;        663,3824
52,1605;        663,4019
52,43871;        663,4198
53,2363;        663,4388
54,23333;        663,4568
55,28352;        663,475
56,3313;        663,4943
57,66092;        663,5136
58,53189;        663,5318
60,1932;        663,5498
61,90718;        663,5686
63,68518;        663,5869
65,31572;        663,6067
67,16198;        663,6242
69,13499;        663,6421
70,18803;        663,66
71,82533;        663,6769
73,49115;        663,6957
75,17119;        663,7145
76,7768;        663,7319
77,54993;        663,7501
79,05644;        663,7681
80,87766;        663,7862
82,80288;        663,805
84,65144;        663,8251
86,08674;        663,8438
86,89918;        663,8617
88,46598;        663,88
90,46401;        663,8972
92,20171;        663,9158
93,22054;        663,933
93,59267;        663,95
94,43829;        663,9688
95,37742;        663,9875
95,97256;        664,0049
96,10473;        664,0237
95,84612;        664,0439
95,6441;        664,0616
95,27894;        664,0788
94,7868;        664,0964
94,13415;        664,1164
93,4499;        664,134
92,76505;        664,1528
92,4127;        664,1703
91,74555;        664,1888
91,16746;        664,2059
90,50421;        664,2236
90,1994;        664,2411
89,63684;        664,2595
89,09645;        664,2775
88,55173;        664,2988
87,8939;        664,3176
87,24373;        664,3376
86,62095;        664,356
85,98743;        664,3738
85,40157;        664,3931
84,75961;        664,413
84,07288;        664,431
83,75214;        664,45
83,08634;        664,4683
82,46338;        664,4872
81,90277;        664,5065
81,33772;        664,5247
80,76405;        664,5427
80,49221;        664,5605
79,96577;        664,5784
79,48666;        664,5973
78,86314;        664,6141
78,06912;        664,6337
77,74131;        664,6526
76,74718;        664,672
76,40083;        664,6903
75,67387;        664,7077
74,86541;        664,7267
74,02538;        664,7441
73,56916;        664,7602
72,69277;        664,7775
71,93043;        664,7965
71,18242;        664,8138
70,36654;        664,8317
69,63096;        664,8513
69,27419;        664,8698
68,63852;        664,8896
68,042;        664,909
67,49777;        664,9271
67,05151;        664,9446
66,68375;        664,9634
66,57088;        664,981
66,37503;        665,0025
66,30854;        665,0208
66,23061;        665,0416
66,27354;        665,0621
66,3056;        665,0816
66,3475;        665,1005
66,42542;        665,1187
66,49055;        665,1393
66,59562;        665,1598
66,67219;        665,1777
66,65559;        665,1973
66,62299;        665,2158
66,69719;        665,2341
66,74511;        665,2534
66,85268;        665,2717
67,05138;        665,2914
67,13002;        665,3101
67,33761;        665,3289
67,61249;        665,3474
68,01649;        665,3659
68,68346;        665,384
69,41429;        665,4013
71,24961;        665,4195
73,09278;        665,4376
74,54308;        665,4562
75,85191;        665,4747
77,2979;        665,4929
78,11294;        665,5105
79,74837;        665,527
81,28107;        665,545
82,79359;        665,5638
83,97429;        665,582
83,93291;        665,6002
84,44222;        665,6186
86,24313;        665,6376
87,12286;        665,6568
88,14858;        665,6766
88,8689;        665,6959
89,36964;        665,7147
89,95833;        665,7337
90,5217;        665,7532
91,02611;        665,772
91,20357;        665,7914
91,71824;        665,81
92,32922;        665,8292
92,86402;        665,8477
93,43484;        665,8668
94,11134;        665,8868
94,95293;        665,9069
96,12141;        665,9266
97,42718;        665,9454
98,60897;        665,963
99,18581;        665,9816
100,26;        665,9993
101,582;        666,0172
101,5708;        666,0367
103,8748;        666,0552
106,2485;        666,074
107,8231;        666,0928
109,407;        666,1121
110,2481;        666,1302
112,0702;        666,1508
113,962;        666,1698
115,3826;        666,1886
116,6817;        666,2065
117,9563;        666,2248
119,2236;        666,2438
120,4425;        666,2621
120,7071;        666,2802
120,8546;        666,2999
120,2666;        666,3196
119,1434;        666,3386
119,043;        666,3578
119,5364;        666,3745
119,5965;        666,3936
119,6069;        666,4124
119,5997;        666,4312
119,4793;        666,4521
119,4333;        666,4728
119,4944;        666,4932
119,5526;        666,5142
119,5263;        666,5317
119,5143;        666,5523
119,5169;        666,5724
119,5147;        666,5908
119,5381;        666,6091
119,5635;        666,6282
119,5477;        666,6465
119,5223;        666,6649
119,5168;        666,6842
119,5233;        666,7037
119,523;        666,7228
119,517;        666,7414
119,5079;        666,7589
119,5074;        666,7778
119,5225;        666,7977
119,5248;        666,8159
119,5148;        666,8356
119,5256;        666,8522
119,5232;        666,8725
119,5161;        666,8895
119,5386;        666,9069
119,5538;        666,9249
119,5573;        666,9445
119,5684;        666,9637
119,5705;        666,9812
119,5788;        666,9998
119,5687;        667,0182
119,5558;        667,0361
119,5596;        667,0553
119,568;        667,0737
119,5838;        667,0916
119,5915;        667,111
119,6018;        667,1295
119,6233;        667,1483
119,6212;        667,1676
119,618;        667,1862
119,6247;        667,2051
119,6296;        667,2234
119,6236;        667,241
119,6325;        667,2595
119,6251;        667,2778
119,6246;        667,2969
119,6313;        667,315
119,6237;        667,3334
119,6257;        667,3521
119,6143;        667,3705
119,5869;        667,389
119,5698;        667,4073
119,8283;        667,4257
120,4323;        667,4439
120,8971;        667,4627
120,9055;        667,4821
120,6728;        667,5008
120,3223;        667,5203
119,987;        667,539
119,6633;        667,5583
119,2136;        667,5768
118,5649;        667,5952
117,71;        667,6132
116,6594;        667,6313
116,1001;        667,6496
114,5861;        667,6678
112,7284;        667,6857
110,601;        667,7034
109,5186;        667,7215
106,9095;        667,7407
104,0352;        667,7586
100,9702;        667,7775
97,03542;        667,796
92,81651;        667,8145
88,3472;        667,8328
82,90923;        667,8515
79,58608;        667,8706
74,27357;        667,8893
71,43185;        667,9074
66,15121;        667,9253
61,75805;        667,943
60,60646;        667,9619
59,17992;        667,9798
57,72838;        667,9973
56,37585;        668,0174
55,41822;        668,0352
54,46459;        668,053
54,06313;        668,071
53,45253;        668,0898
53,15428;        668,108
52,82566;        668,1276
53,17606;        668,1451
52,8757;        668,1641
52,69876;        668,1829
52,64944;        668,2009
52,74582;        668,219
52,97166;        668,2365
53,14094;        668,2543
53,38172;        668,2726
53,49809;        668,2902
53,75406;        668,3093
54,06137;        668,3292
54,44925;        668,3488
54,84083;        668,3675
55,35732;        668,386
55,96045;        668,4044
56,63309;        668,423
57,47896;        668,4431
58,59526;        668,4623
58,59526;        668,4823
60,89425;        668,5017
61,47525;        668,5201
62,71625;        668,5383
64,02947;        668,5572
65,28626;        668,5748
65,94051;        668,5931
67,46821;        668,6115
68,94022;        668,6291
70,52205;        668,648
72,28046;        668,6662
74,08331;        668,6841
75,65899;        668,7026
77,15077;        668,722
77,15077;        668,7402
79,71671;        668,7582
80,47924;        668,777
80,54778;        668,7944
84,55718;        668,8127
86,22284;        668,8324
87,2193;        668,8505
89,2374;        668,8683
91,1648;        668,8864
93,0685;        668,9065
94,11249;        668,9259
94,11249;        668,9443
98,15776;        668,9624
99,9194;        668,9792
101,9629;        668,9954
104,1005;        669,0129
106,1821;        669,0311
107,2016;        669,0492
109,1629;        669,0683
110,9502;        669,0869
112,4828;        669,105
114,142;        669,1238
115,9657;        669,1425
116,9818;        669,1608
118,2089;        669,1801
119,6521;        669,2001
120,74;        669,218
121,0715;        669,2366
119,7462;        669,2571
118,4187;        669,2762
118,372;        669,2946
118,9311;        669,3137
119,3668;        669,3328
119,7272;        669,3519
119,8316;        669,3714
119,8302;        669,3904
119,3193;        669,4097
119,234;        669,4285
119,4946;        669,4462
119,5626;        669,4658
119,4999;        669,4843
119,4622;        669,5033
119,4921;        669,5222
119,5057;        669,541
119,4638;        669,5603
119,469;        669,58
119,4992;        669,5993
119,5115;        669,6176
119,5073;        669,6362
119,5069;        669,6559
119,5049;        669,6751
119,5071;        669,6938
119,5274;        669,7128
119,5292;        669,7321
119,5347;        669,751
119,5387;        669,7706
119,5555;        669,7893
119,5576;        669,8073
119,5471;        669,825
119,5535;        669,8432
119,5614;        669,8616
119,5562;        669,8814
119,5668;        669,902
119,5736;        669,9194
119,5815;        669,9382
119,5866;        669,9565
119,5943;        669,9744
119,5995;        669,9927
119,6066;        670,0099
119,6227;        670,0275
119,626;        670,0454
119,6251;        670,0634
119,6366;        670,083
119,6469;        670,1017
119,6457;        670,1211
119,6429;        670,1396
119,6649;        670,1596
119,6748;        670,1793
119,6701;        670,199
119,6806;        670,2189
119,6975;        670,2374
119,6893;        670,2573
119,6773;        670,2764
119,6758;        670,2955
119,672;        670,314
119,6608;        670,3323
119,6652;        670,3531
119,6714;        670,373
119,6791;        670,3929
119,6946;        670,4116
119,6941;        670,4296
119,6986;        670,4475
119,7241;        670,4694
119,7205;        670,4887
119,7028;        670,5076
119,6989;        670,5261
119,7136;        670,5445
119,7271;        670,5638
119,7238;        670,5807
119,7157;        670,5996
119,7312;        670,6171
119,7405;        670,6356
119,7376;        670,6542
119,7441;        670,672
119,7467;        670,6904
119,7441;        670,7078
119,7414;        670,7263
119,7507;        670,7451
119,7478;        670,7643
119,762;        670,7833
119,7605;        670,8035
119,7715;        670,8236
119,7791;        670,8423
119,7715;        670,8602
119,7564;        670,8799
119,7543;        670,8985
119,7532;        670,9167
119,7551;        670,936
119,7556;        670,9547
119,7634;        670,9739
119,7716;        670,993
119,7848;        671,0114
119,7939;        671,0302
119,7865;        671,0495
119,7901;        671,067
119,7811;        671,0846
119,7811;        671,103
119,7858;        671,1216
119,7993;        671,1411
119,803;        671,1598
119,8033;        671,1788
119,8002;        671,1978
119,7918;        671,2162
119,7968;        671,2354
119,796;        671,2549
119,7943;        671,274
119,7874;        671,293
119,7879;        671,312
119,7918;        671,3331
119,7891;        671,3524
119,7938;        671,3712
119,8017;        671,3893
119,8168;        671,4088
119,8259;        671,4277
119,8245;        671,4473
119,8322;        671,4658
119,8297;        671,4847
119,8112;        671,5035
119,792;        671,522
119,7949;        671,54
119,7987;        671,5591
119,8137;        671,578
119,8265;        671,5988
119,8401;        671,6182
119,8323;        671,6375
119,8116;        671,6563
119,8055;        671,6757
119,8196;        671,6944
119,8174;        671,7129
119,8176;        671,7315
119,8249;        671,7519
119,8281;        671,7703
119,8252;        671,7889
119,8236;        671,8061
119,8341;        671,8254
119,831;        671,8446
119,8356;        671,8633
119,8372;        671,8813
119,8452;        671,8989
119,8499;        671,918
119,8499;        671,9355
119,852;        671,9543
119,8529;        671,9739
119,8426;        671,9918
119,8379;        672,0097
119,8344;        672,0277
119,8139;        672,0462
119,8836;        672,0645
120,1439;        672,082
120,4765;        672,1021
120,602;        672,121
120,5703;        672,1398
120,5289;        672,1582
120,4791;        672,1767
120,4447;        672,1948
120,3109;        672,2144
120,1254;        672,2338
119,9521;        672,2524
119,8811;        672,2704
119,7624;        672,2889
119,6795;        672,3087
119,6546;        672,3271
119,6548;        672,3441
119,6055;        672,363
119,5238;        672,382
119,4358;        672,402
119,336;        672,4209
119,279;        672,4396
119,1051;        672,4561
118,824;        672,476
118,4551;        672,4947
117,9412;        672,5135
117,3681;        672,5327
116,7753;        672,5521
116,4082;        672,5704
115,5202;        672,588
114,5781;        672,6065
113,6456;        672,6245
112,6806;        672,6429
111,6194;        672,662
111,0804;        672,6807
110,0577;        672,6999
109,0956;        672,7195
108,1183;        672,7382
107,2779;        672,7544
106,3279;        672,7747
105,5193;        672,7927
105,1704;        672,812
104,6175;        672,8319
104,0189;        672,8515
103,9213;        672,8702
103,7528;        672,8906
103,6869;        672,9092
103,7023;        672,9283
103,6964;        672,9463
103,8217;        672,9661
103,8994;        672,9846
103,9644;        673,0026
103,9977;        673,0225
103,9977;        673,0401
104,0169;        673,0591
103,9483;        673,0767
103,8692;        673,0956
103,8761;        673,1149
