1254,147
1254,162
1254,177
1254,192
1254,21
1254,226
1254,242
1254,257
1254,27
1254,283
1254,297
1254,312
1254,325
1254,339
1254,353
1254,365
1254,38
1254,393
1254,408
1254,422
1254,435
1254,448
1254,462
1254,475
1254,488
1254,5
1254,514
1254,528
1254,543
1254,56
1254,575
1254,59
1254,606
1254,621
1254,636
1254,652
1254,667
1254,683
1254,7
1254,715
1254,729
1254,742
1254,756
1254,77
1254,781
1254,796
1254,809
1254,822
1254,836
1254,847
1254,863
1254,877
1254,891
1254,907
1254,922
1254,938
1254,951
1254,966
1254,983
1254,998
1255,015
1255,031
1255,047
1255,061
1255,076
1255,09
1255,104
1255,117
1255,131
1255,146
1255,159
1255,172
1255,188
1255,204
1255,22
1255,234
1255,249
1255,264
1255,278
1255,292
1255,307
1255,322
1255,333
1255,347
1255,362
1255,375
1255,391
1255,406
1255,422
1255,438
1255,453
1255,467
1255,483
1255,5
1255,516
1255,533
1255,549
1255,564
1255,579
1255,593
1255,606
1255,621
1255,633
1255,649
1255,665
1255,682
1255,7
1255,718
1255,734
1255,749
1255,765
1255,779
1255,795
1255,809
1255,826
1255,843
1255,859
1255,876
1255,894
1255,913
1255,932
1255,952
1255,971
1255,988
1256,006
1256,023
1256,04
1256,058
1256,073
1256,089
1256,107
1256,123
1256,139
1256,155
1256,172
1256,189
1256,205
1256,222
1256,238
1256,255
1256,272
1256,289
1256,305
1256,322
1256,34
1256,357
1256,374
1256,39
1256,406
1256,423
1256,441
1256,457
1256,474
1256,492
1256,51
1256,527
1256,543
1256,557
1256,573
1256,587
1256,602
1256,617
1256,63
1256,645
1256,661
1256,675
1256,69
1256,706
1256,721
1256,733
1256,747
1256,763
1256,777
1256,791
1256,806
1256,82
1256,832
1256,849
1256,863
1256,88
1256,899
1256,916
1256,937
1256,954
1256,974
1256,992
1257,009
1257,028
1257,046
1257,064
1257,081
1257,099
1257,116
1257,133
1257,149
1257,167
1257,186
1257,204
1257,221
1257,239
1257,256
1257,273
1257,287
1257,302
1257,317
1257,332
1257,348
1257,364
1257,38
1257,396
1257,412
1257,429
1257,444
1257,457
1257,471
1257,483
1257,497
1257,512
1257,527
1257,541
1257,554
1257,566
1257,579
1257,593
1257,606
1257,62
1257,633
1257,648
1257,662
1257,675
1257,688
1257,704
1257,719
1257,732
1257,746
1257,761
1257,775
1257,789
1257,804
1257,817
1257,831
1257,848
1257,864
1257,88
1257,895
1257,909
1257,925
1257,94
1257,955
1257,97
1257,984
1257,997
1258,013
1258,027
1258,041
1258,056
1258,069
1258,082
1258,097
1258,112
1258,125
1258,141
1258,156
1258,172
1258,188
1258,206
1258,222
1258,24
1258,258
1258,275
1258,293
1258,312
1258,331
1258,35
1258,368
1258,386
1258,404
1258,421
1258,438
1258,456
1258,472
1258,488
1258,505
1258,523
1258,538
1258,554
1258,571
1258,587
1258,601
1258,616
1258,631
1258,648
1258,664
1258,68
1258,698
1258,714
1258,731
1258,745
1258,758
1258,773
1258,788
1258,8
1258,814
1258,828
1258,842
1258,855
1258,87
1258,883
1258,897
1258,911
1258,924
1258,938
1258,953
1258,97
1258,986
1259,001
1259,017
1259,031
1259,048
1259,065
1259,08
1259,095
1259,111
1259,126
1259,143
1259,157
1259,171
1259,186
1259,202
1259,219
1259,233
1259,249
1259,265
1259,279
1259,292
1259,306
1259,32
1259,335
1259,347
1259,361
1259,374
1259,387
1259,398
1259,412
1259,427
1259,44
1259,454
1259,466
1259,479
1259,491
1259,505
1259,52
1259,532
1259,546
1259,559
1259,573
1259,585
1259,598
1259,614
1259,629
1259,645
1259,66
1259,675
1259,688
1259,704
1259,717
1259,732
1259,745
1259,76
1259,773
1259,787
1259,799
1259,814
1259,829
1259,841
1259,857
1259,872
1259,887
1259,904
1259,92
1259,939
1259,955
1259,973
1259,99
1260,008
1260,027
1260,046
1260,064
1260,083
1260,1
1260,121
1260,138
1260,157
1260,176
1260,193
1260,212
1260,229
1260,248
1260,266
1260,283
1260,301
1260,317
1260,332
1260,346
1260,359
1260,373
1260,388
1260,4
1260,413
1260,428
1260,442
1260,456
1260,469
1260,482
1260,495
1260,508
1260,521
1260,536
1260,548
1260,563
1260,578
1260,591
1260,604
1260,62
1260,635
1260,651
1260,666
1260,683
1260,698
1260,716
1260,733
1260,749
1260,762
1260,774
1260,788
1260,802
1260,818
1260,83
1260,845
1260,859
1260,874
1260,888
1260,904
1260,919
1260,932
1260,948
1260,966
1260,985
1261,002
1261,021
1261,037
1261,057
1261,073
1261,092
1261,11
1261,129
1261,145
1261,163
1261,181
1261,201
1261,22
1261,239
1261,255
1261,272
1261,286
1261,302
1261,316
1261,332
1261,348
1261,364
1261,382
1261,398
1261,411
1261,424
1261,44
1261,453
1261,466
1261,479
1261,496
1261,511
1261,527
1261,544
1261,561
1261,576
1261,59
1261,605
1261,62
1261,631
1261,645
1261,659
1261,672
1261,687
1261,699
1261,716
1261,733
1261,75
1261,766
1261,781
1261,794
1261,808
1261,82
1261,833
1261,847
1261,862
1261,877
1261,891
1261,904
1261,918
1261,929
1261,944
1261,958
1261,972
1261,987
1262,002
1262,015
1262,028
1262,043
1262,057
1262,07
1262,082
1262,097
1262,111
1262,125
1262,139
1262,15
1262,163
1262,178
1262,195
1262,212
1262,229
1262,247
1262,263
1262,278
1262,291
1262,305
1262,319
1262,33
1262,346
1262,36
1262,375
1262,391
1262,406
1262,423
1262,438
1262,453
1262,468
1262,486
1262,501
1262,517
1262,536
1262,553
1262,572
1262,591
1262,61
1262,629
1262,647
1262,666
1262,684
1262,703
1262,722
1262,74
1262,756
1262,774
1262,79
1262,806
1262,823
1262,84
1262,856
1262,874
1262,892
1262,908
1262,925
1262,941
1262,956
1262,971
1262,985
1262,997
1263,012
1263,025
1263,04
1263,054
1263,067
1263,08
1263,094
1263,109
1263,122
1263,137
1263,149
1263,162
1263,177
1263,193
1263,21
1263,225
1263,241
1263,256
1263,271
1263,286
1263,301
1263,315
1263,332
1263,347
1263,364
1263,378
1263,392
1263,407
1263,422
1263,437
1263,449
1263,463
1263,477
1263,492
1263,507
1263,522
1263,535
1263,547
1263,562
1263,576
1263,589
1263,602
1263,614
1263,628
1263,643
1263,657
1263,67
1263,684
1263,697
1263,712
1263,728
1263,745
1263,761
1263,777
1263,792
1263,808
1263,821
1263,836
1263,849
1263,864
1263,878
1263,892
1263,907
1263,922
1263,935
1263,948
1263,962
1263,976
1263,988
1264,002
1264,014
1264,029
1264,046
1264,061
1264,076
1264,09
1264,104
1264,117
1264,13
1264,145
1264,159
1264,172
1264,19
1264,208
1264,224
1264,242
1264,26
1264,275
1264,29
1264,305
1264,321
1264,336
1264,354
1264,371
1264,389
1264,407
1264,427
1264,445
1264,463
1264,482
1264,501
1264,52
1264,538
1264,555
1264,572
1264,588
1264,605
1264,621
1264,638
1264,654
1264,67
1264,686
1264,703
1264,719
1264,734
1264,749
1264,764
1264,78
1264,795
1264,808
1264,822
1264,836
1264,848
1264,862
1264,877
1264,891
1264,906
1264,921
1264,935
1264,948
1264,965
1264,98
1264,996
1265,013
1265,028
1265,042
1265,057
1265,071
1265,088
1265,102
1265,113
1265,129
1265,144
1265,161
1265,177
1265,194
1265,21
1265,226
1265,241
1265,257
1265,271
1265,284
1265,296
1265,311
1265,325
1265,339
1265,354
1265,369
1265,381
1265,397
1265,412
1265,426
1265,44
1265,455
1265,468
1265,48
1265,495
1265,509
1265,524
1265,539
1265,553
1265,567
1265,58
1265,595
1265,61
1265,626
1265,641
1265,656
1265,671
1265,686
1265,697
1265,712
1265,726
1265,74
1265,755
1265,771
1265,786
1265,799
1265,813
1265,829
1265,845
1265,86
1265,875
1265,892
1265,909
1265,925
1265,94
1265,955
1265,97
1265,986
1266,002
1266,017
1266,033
1266,048
1266,065
1266,081
1266,096
1266,111
1266,128
1266,146
1266,164
1266,182
1266,202
1266,219
1266,239
1266,258
1266,276
1266,294
1266,314
1266,332
1266,349
1266,364
1266,382
1266,398
1266,415
1266,431
1266,448
1266,465
1266,481
1266,498
1266,514
1266,528
1266,541
1266,555
1266,57
1266,582
1266,595
1266,612
1266,625
1266,641
1266,657
1266,67
1266,686
1266,701
1266,716
1266,731
1266,747
1266,765
1266,782
1266,799
1266,815
1266,83
1266,847
1266,863
1266,878
1266,891
1266,904
1266,92
1266,935
1266,947
1266,961
1266,974
1266,987
1267,002
1267,014
1267,028
1267,043
1267,057
1267,07
1267,084
1267,096
1267,111
1267,125
1267,14
1267,152
1267,164
1267,179
1267,196
1267,213
1267,229
1267,245
1267,26
1267,274
1267,288
1267,3
1267,312
1267,327
1267,342
1267,355
1267,368
1267,381
1267,396
1267,41
1267,424
1267,439
1267,453
1267,467
1267,481
1267,497
1267,513
1267,529
1267,544
1267,557
1267,571
1267,585
1267,598
1267,612
1267,626
1267,642
1267,659
1267,673
1267,688
1267,703
1267,719
1267,732
1267,748
1267,764
1267,786
1267,804
1267,821
1267,84
1267,859
1267,878
1267,896
1267,914
1267,933
1267,953
1267,97
1267,987
1268,006
1268,023
1268,039
1268,054
1268,071
1268,088
1268,104
1268,12
1268,135
1268,151
1268,165
1268,18
1268,2
1268,214
1268,229
1268,245
1268,26
1268,274
1268,286
1268,299
1268,312
1268,326
1268,342
1268,357
1268,373
1268,389
1268,405
1268,421
1268,437
1268,452
1268,468
1268,48
1268,494
1268,51
1268,523
1268,536
1268,548
1268,562
1268,578
1268,593
1268,607
1268,624
1268,638
1268,654
1268,669
1268,684
1268,697
1268,71
1268,724
1268,74
1268,753
1268,767
1268,782
1268,799
1268,814
1268,828
1268,844
1268,858
1268,87
1268,884
1268,897
1268,91
1268,923
1268,939
1268,952
1268,965
1268,979
1268,993
1269,007
1269,022
1269,035
1269,047
1269,062
1269,077
1269,089
1269,102
1269,114
1269,127
1269,142
1269,157
1269,17
1269,184
1269,201
1269,218
1269,234
1269,252
1269,268
1269,281
1269,295
1269,312
1269,328
1269,344
1269,359
1269,374
1269,387
1269,402
1269,413
1269,428
1269,443
1269,457
1269,47
1269,481
1269,494
1269,508
1269,523
1269,538
1269,552
1269,564
1269,578
1269,592
1269,605
1269,619
1269,63
1269,644
1269,658
1269,671
1269,685
1269,696
1269,708
1269,721
1269,734
1269,751
1269,762
1269,776
1269,793
1269,812
1269,826
1269,839
1269,854
1269,865
1269,879
1269,895
1269,91
1269,925
1269,938
1269,953
1269,968
1269,98
1269,995
1270,009
1270,021
1270,035
1270,048
1270,061
1270,076
1270,091
1270,105
1270,119
1270,13
1270,145
1270,161
1270,176
1270,191
1270,208
1270,225
1270,244
1270,262
1270,28
1270,302
1270,322
1270,34
1270,357
1270,374
1270,392
1270,41
1270,428
1270,446
1270,464
1270,48
1270,497
1270,514
1270,53
1270,547
1270,565
1270,582
1270,601
1270,618
1270,631
1270,646
1270,661
1270,676
1270,688
1270,703
1270,714
1270,728
1270,743
1270,755
1270,769
1270,781
1270,794
1270,809
1270,826
1270,842
1270,859
1270,873
1270,887
1270,904
1270,92
1270,938
1270,955
1270,972
1270,988
1271,003
1271,019
1271,035
1271,052
1271,066
1271,081
1271,096
1271,11
1271,124
1271,14
1271,156
1271,171
1271,186
1271,203
1271,22
1271,235
1271,254
1271,271
1271,288
1271,306
1271,325
1271,343
1271,362
1271,381
1271,399
1271,417
1271,435
1271,452
1271,468
1271,483
1271,501
1271,518
1271,535
1271,549
1271,565
1271,581
1271,599
1271,614
1271,631
1271,646
1271,661
1271,675
1271,689
1271,704
1271,718
1271,73
1271,744
1271,761
1271,777
1271,791
1271,806
1271,824
1271,841
1271,859
1271,875
1271,89
1271,904
1271,918
1271,933
1271,948
1271,962
1271,978
1271,993
1272,007
1272,022
1272,035
1272,046
1272,06
1272,073
1272,085
1272,101
1272,113
1272,128
1272,14
1272,154
1272,167
1272,18
1272,197
1272,212
1272,229
1272,245
1272,259
1272,274
1272,287
1272,3
1272,313
1272,327
1272,341
1272,356
1272,37
1272,382
1272,396
1272,411
1272,427
1272,442
1272,458
1272,472
1272,487
1272,502
1272,517
1272,529
1272,544
1272,558
1272,571
1272,585
1272,599
1272,613
1272,628
1272,642
1272,656
1272,669
1272,681
1272,696
1272,712
1272,726
1272,745
1272,764
1272,782
1272,799
1272,819
1272,835
1272,855
1272,873
1272,891
1272,908
1272,926
1272,944
1272,963
1272,979
1272,995
1273,018
1273,036
1273,053
1273,069
1273,085
1273,102
1273,118
1273,131
1273,145
1273,161
1273,175
1273,19
1273,207
1273,223
1273,238
1273,253
1273,268
1273,281
1273,295
1273,31
1273,324
1273,338
1273,35
1273,364
1273,377
1273,392
1273,407
1273,421
1273,434
1273,447
1273,463
1273,479
1273,495
1273,511
1273,528
1273,544
1273,561
1273,576
1273,592
1273,606
1273,619
1273,635
1273,651
1273,664
1273,68
1273,697
1273,713
1273,729
1273,745
1273,761
1273,777
1273,794
1273,809
1273,826
1273,841
1273,857
1273,872
1273,887
1273,9
1273,912
1273,927
1273,942
1273,957
1273,969
1273,983
1273,998
1274,013
1274,027
1274,041
1274,056
1274,07
1274,084
1274,098
1274,11
1274,125
1274,141
1274,155
1274,168
1274,181
1274,197
1274,214
1274,23
1274,246
1274,263
1274,278
1274,294
1274,309
1274,324
1274,34
1274,354
1274,368
1274,381
1274,394
1274,41
1274,426
1274,441
1274,457
1274,47
1274,487
1274,502
1274,517
1274,531
1274,548
1274,563
1274,58
1274,595
1274,613
1274,632
1274,65
1274,668
1274,687
1274,707
1274,725
1274,743
1274,76
1274,778
1274,795
1274,813
1274,832
1274,851
1274,869
1274,886
1274,903
1274,92
1274,937
1274,952
1274,968
1274,984
1274,998
1275,012
1275,027
1275,041
1275,055
1275,068
1275,081
1275,095
1275,108
1275,122
1275,138
1275,151
1275,162
1275,176
1275,198
1275,212
1275,227
1275,243
1275,257
1275,272
1275,287
1275,302
1275,318
1275,335
1275,349
1275,365
1275,38
1275,396
1275,41
1275,423
1275,437
1275,449
1275,463
1275,477
1275,49
1275,503
1275,517
1275,529
1275,544
1275,559
1275,575
1275,589
1275,604
1275,619
1275,63
1275,644
1275,659
1275,672
1275,686
1275,698
1275,711
1275,726
1275,742
1275,755
1275,768
1275,783
1275,8
1275,814
1275,829
1275,844
1275,86
1275,876
1275,891
1275,905
1275,918
1275,931
1275,947
1275,962
1275,979
1275,994
1276,009
1276,026
1276,042
1276,057
1276,071
1276,084
1276,097
1276,11
1276,123
1276,137
1276,15
1276,162
1276,177
1276,194
1276,211
1276,229
1276,245
1276,263
1276,279
1276,295
1276,314
1276,333
1276,351
1276,37
1276,389
1276,408
1276,427
1276,447
1276,464
1276,485
1276,504
1276,522
1276,539
1276,556
1276,572
1276,59
1276,608
1276,624
1276,641
1276,657
1276,673
1276,689
1276,705
1276,72
1276,734
1276,746
1276,761
1276,777
1276,792
1276,806
1276,82
1276,835
1276,847
1276,862
1276,879
1276,895
1276,912
1276,929
1276,945
1276,962
1276,978
1276,995
1277,012
1277,029
1277,046
1277,063
1277,079
1277,094
1277,111
1277,128
1277,144
1277,16
1277,175
1277,192
1277,21
1277,227
1277,243
1277,26
1277,276
1277,288
1277,302
1277,314
1277,328
1277,343
1277,359
1277,372
1277,386
1277,4
1277,411
1277,425
1277,441
1277,454
1277,466
1277,478
1277,492
1277,505
1277,52
1277,536
1277,548
1277,563
1277,579
1277,595
1277,611
1277,627
1277,643
1277,657
1277,669
1277,681
1277,696
1277,71
1277,723
1277,736
1277,748
1277,762
1277,777
1277,791
1277,805
1277,82
1277,834
1277,847
1277,863
1277,882
1277,901
1277,92
1277,94
1277,958
1277,976
1277,994
1278,013
1278,034
1278,052
1278,069
1278,089
1278,106
1278,125
1278,143
1278,161
1278,179
1278,197
1278,215
1278,233
1278,252
1278,268
1278,284
1278,297
1278,311
1278,326
1278,34
1278,353
1278,367
1278,38
1278,393
1278,408
1278,422
1278,436
1278,452
1278,464
1278,477
1278,492
1278,506
1278,52
1278,533
1278,545
1278,56
1278,574
1278,588
1278,603
1278,618
1278,633
1278,646
1278,66
1278,673
1278,688
1278,703
1278,719
1278,733
1278,745
1278,762
1278,779
1278,794
1278,812
1278,827
1278,843
1278,859
1278,873
1278,891
1278,909
1278,925
1278,94
1278,957
1278,971
1278,985
1278,998
1279,01
1279,026
1279,046
1279,065
1279,084
1279,103
1279,12
1279,139
1279,156
1279,173
1279,191
1279,209
1279,228
1279,246
1279,266
1279,285
1279,302
1279,318
1279,334
1279,35
1279,367
1279,384
1279,401
1279,417
1279,431
1279,446
1279,461
1279,475
1279,489
1279,503
1279,517
1279,53
1279,543
1279,558
1279,571
1279,586
1279,6
1279,613
1279,627
1279,642
1279,656
1279,671
1279,684
1279,696
1279,711
1279,728
1279,745
1279,761
1279,779
1279,794
1279,81
1279,825
1279,841
1279,856
1279,873
1279,888
1279,905
1279,922
1279,938
1279,952
1279,964
1279,977
1279,992
1280,006
1280,02
1280,033
1280,045
1280,06
1280,075
1280,089
1280,103
1280,117
1280,128
1280,144
1280,159
1280,172
1280,185
1280,202
1280,219
1280,233
1280,246
1280,262
1280,277
1280,291
1280,305
1280,318
1280,33
1280,344
1280,359
1280,372
1280,387
1280,401
1280,414
1280,428
1280,442
1280,456
1280,469
1280,48
1280,494
1280,508
1280,523
1280,538
1280,554
1280,569
1280,585
1280,6
1280,616
1280,63
1280,647
1280,664
1280,68
1280,696
1280,711
1280,727
1280,743
1280,757
1280,77
1280,87
1280,884
1280,895
1280,908
1280,922
1280,947
1280,967
1280,984
1281,002
1281,018
1281,035
1281,053
1281,071
1281,09
1281,108
1281,126
1281,144
1281,162
1281,179
1281,196
1281,213
1281,231
1281,249
1281,266
1281,284
1281,302
1281,32
1281,338
1281,357
1281,377
1281,394
1281,414
1281,431
1281,449
1281,467
1281,486
1281,504
1281,523
1281,542
1281,56
1281,577
1281,595
1281,614
1281,633
1281,651
1281,669
1281,687
1281,706
1281,734
1281,751
1281,768
1281,784
1281,801
1281,816
1281,83
1281,846
1281,863
1281,879
1281,893
1281,909
1281,926
1281,943
1281,96
1281,979
1281,995
1282,014
1282,032
1282,05
1282,066
1282,082
1282,099
1282,117
1282,134
1282,151
1282,168
1282,186
1282,203
1282,22
1282,236
1282,251
1282,269
1282,285
1282,303
1282,321
1282,34
1282,358
1282,378
1282,396
1282,414
1282,432
1282,45
1282,468
1282,486
1282,505
1282,522
1282,54
1282,559
1282,577
1282,595
1282,613
1282,63
1282,649
1282,667
1282,686
1282,705
1282,721
1282,738
1282,753
1282,77
1282,791
1282,811
1282,827
1282,842
1282,856
1282,87
1282,884
1282,898
1282,915
1282,931
1282,946
1282,962
1282,976
1282,989
1283,004
1283,019
1283,034
1283,051
1283,065
1283,082
1283,098
1283,112
1283,127
1283,141
1283,153
1023,947
1023,968
1023,989
1024,01
1024,029
1024,048
1024,067
1024,087
1024,105
1024,125
1024,144
1024,162
1024,181
1024,2
1024,219
1024,238
1024,256
1024,278
1024,296
1024,316
1024,335
1024,354
1024,372
1024,39
1024,409
1024,426
1024,444
1024,463
1024,481
1024,5
1024,517
1024,535
1024,551
1024,569
1024,587
1024,604
1024,621
1024,64
1024,658
1024,676
1024,694
1024,711
1024,73
1024,748
1024,768
1024,786
1024,804
1024,823
1024,84
1024,858
1024,876
1024,895
1024,913
1024,931
1024,951
1024,969
1024,987
1025,005
1025,024
1025,043
1025,061
1025,08
1025,099
1025,117
1025,135
1025,152
1025,17
1025,189
1025,206
1025,223
1025,24
1025,258
1025,275
1025,296
1025,314
1025,334
1025,352
1025,369
1025,387
1025,405
1025,424
1025,443
1025,461
1025,479
1025,498
1025,517
1025,536
1025,555
1025,573
1025,592
1025,611
1025,629
1025,647
1025,666
1025,684
1025,703
1025,721
1025,738
1025,757
1025,775
1025,792
1025,81
1025,83
1025,848
1025,865
1025,884
1025,902
1025,92
1025,938
1025,956
1025,974
1025,992
1026,01
1026,028
1026,046
1026,065
1026,084
1026,102
1026,121
1026,139
1026,158
1026,177
1026,196
1026,214
1026,233
1026,251
1026,27
1026,289
1026,308
1026,326
1026,344
1026,362
1026,381
1026,401
1026,419
1026,438
1026,456
1026,474
1026,492
1026,51
1026,527
1026,544
1026,562
1026,578
1026,595
1026,612
1026,628
1026,645
1026,662
1026,679
1026,696
1026,712
1026,729
1026,746
1026,762
1026,779
1026,796
1026,813
1026,831
1026,849
1026,872
1026,89
1026,91
1026,93
1026,949
1026,969
1026,988
1027,006
1027,025
1027,042
1027,06
1027,078
1027,095
1027,112
1027,13
1027,148
1027,166
1027,185
1027,203
1027,22
1027,24
1027,257
1027,275
1027,292
1027,311
1027,331
1027,349
1027,367
1027,385
1027,403
1027,422
1027,439
1027,456
1027,474
1027,493
1027,513
1027,531
1027,549
1027,567
1027,587
1027,608
1027,626
1027,645
1027,663
1027,681
1027,698
1027,716
1027,732
1027,75
1027,768
1027,786
1027,804
1027,822
1027,839
1027,857
1027,874
1027,892
1027,91
1027,928
1027,945
1027,963
1027,98
1027,998
1028,016
1028,033
1028,05
1028,068
1028,085
1028,103
1028,121
1028,139
1028,156
1028,174
1028,191
1028,209
1028,227
1028,245
1028,261
1028,279
1028,296
1028,313
1028,331
1028,348
1028,366
1028,383
1028,401
1028,418
1028,436
1028,454
1028,471
1028,49
1028,506
1028,524
1028,542
1028,56
1028,576
1028,594
1028,611
1028,627
1028,644
1028,661
1028,678
1028,694
1028,711
1028,728
1028,744
1028,759
1028,775
1028,792
1028,809
1028,827
1028,843
1028,86
1028,875
1028,891
1028,909
1028,926
1028,944
1028,962
1028,98
1028,998
1029,016
1029,04
1029,058
1029,076
1029,095
1029,115
1029,134
1029,154
1029,172
1029,19
1029,208
1029,227
1029,246
1029,264
1029,281
1029,3
1029,318
1029,336
1029,354
1029,372
1029,39
1029,407
1029,425
1029,444
1029,461
1029,48
1029,497
1029,514
1029,531
1029,549
1029,566
1029,586
1029,604
1029,625
1029,644
1029,663
1029,682
1029,7
1029,717
1029,735
1029,754
1029,771
1029,789
1029,806
1029,824
1029,841
1029,859
1029,877
1029,896
1029,913
1029,929
1029,946
1029,965
1029,983
1030,001
1030,02
1030,037
1030,055
1030,072
1030,09
1030,108
1030,125
1030,143
1030,16
1030,177
1030,196
1030,216
1030,235
1030,252
1030,27
1030,288
1030,305
1030,323
1030,34
1030,359
1030,377
1030,395
1030,413
1030,431
1030,449
1030,467
1030,485
1030,501
1030,52
1030,537
1030,553
1030,57
1030,587
1030,603
1030,621
1030,637
1030,653
1030,672
1030,688
1030,704
1030,72
1030,735
1030,751
1030,767
1030,783
1030,8
1030,819
1030,837
1030,854
1030,871
1030,888
1030,905
1030,922
1030,939
1030,957
1030,976
1030,994
1031,012
1031,029
1031,047
1031,065
1031,084
1031,104
1031,122
1031,14
1031,157
1031,174
1031,192
1031,21
1031,229
1031,247
1031,267
1031,284
1031,301
1031,318
1031,336
1031,355
1031,373
1031,39
1031,409
1031,427
1031,446
1031,464
1031,483
1031,501
1031,52
1031,539
1031,557
1031,576
1031,595
1031,614
1031,632
1031,65
1031,669
1031,687
1031,704
1031,722
1031,74
1031,757
1031,774
1031,792
1031,811
1031,83
1031,848
1031,866
1031,885
1031,902
1031,919
1031,937
1031,954
1031,971
1031,991
1032,009
1032,027
1032,045
1032,064
1032,08
1032,098
1032,116
1032,134
1032,155
1032,173
1032,192
1032,211
1032,229
1032,248
1032,266
1032,282
1032,3
1032,318
1032,336
1032,356
1032,376
1032,395
1032,412
1032,431
1032,45
1032,467
1032,486
1032,502
1032,52
1032,535
1032,551
1032,568
1032,584
1032,602
1032,618
1032,635
1032,653
1032,671
1032,69
1032,708
1032,726
1032,745
1032,763
1032,78
1032,797
1032,815
1032,834
1032,85
1032,868
1032,884
1032,9
1032,916
1032,932
1032,951
1032,967
1032,984
1033,003
1033,02
1033,039
1033,056
1033,074
1033,092
1033,11
1033,129
1033,147
1033,165
1033,183
1033,201
1033,222
1033,239
1033,258
1033,276
1033,295
1033,313
1033,331
1033,349
1033,368
1033,385
1033,403
1033,421
1033,438
1033,456
1033,473
1033,489
1033,507
1033,525
1033,542
1033,559
1033,576
1033,594
1033,612
1033,631
1033,649
1033,667
1033,685
1033,703
1033,721
1033,74
1033,757
1033,775
1033,793
1033,811
1033,83
1033,848
1033,866
1033,883
1033,901
1033,919
1033,937
1033,955
1033,973
1033,991
1034,009
1034,027
1034,044
1034,062
1034,08
1034,095
1034,114
1034,131
1034,149
1034,166
1034,185
1034,202
1034,219
1034,237
1034,256
1034,275
1034,293
1034,312
1034,329
1034,346
1034,364
1034,382
1034,402
1034,42
1034,437
1034,455
1034,472
1034,489
1034,506
1034,522
1034,54
1034,557
1034,573
1034,59
1034,607
1034,622
1034,638
1034,654
1034,669
1034,686
1034,701
1034,717
1034,733
1034,748
1034,764
1034,782
1034,798
1034,815
1034,836
1034,854
1034,871
1034,89
1034,907
1034,925
1034,944
1034,963
1034,981
1034,998
1035,016
1035,034
1035,052
1035,068
1035,086
1035,103
1035,121
1035,138
1035,156
1035,175
1035,193
1035,21
1035,227
1035,244
1035,26
1035,278
1035,294
1035,312
1035,33
1035,347
1035,365
1035,384
1035,402
1035,419
1035,438
1035,456
1035,473
1035,49
1035,508
1035,525
1035,543
1035,561
1035,579
1035,598
1035,615
1035,634
1035,652
1035,67
1035,688
1035,705
1035,723
1035,74
1035,758
1035,775
1035,793
1035,809
1035,827
1035,846
1035,864
1035,88
1035,899
1035,915
1035,932
1035,95
1035,967
1035,984
1036,001
1036,02
1036,038
1036,055
1036,073
1036,089
1036,107
1036,125
1036,142
1036,159
1036,176
1036,194
1036,212
1036,229
1036,247
1036,266
1036,284
1036,301
1036,319
1036,337
1036,353
1036,372
1036,391
1036,41
1036,428
1036,446
1036,464
1036,482
1036,501
1036,519
1036,536
1036,555
1036,571
1036,587
1036,604
1036,621
1036,637
1036,653
1036,67
1036,686
1036,702
1036,719
1036,736
1036,752
1036,769
1036,787
1036,802
1036,819
1036,836
1036,853
1036,869
1036,883
1036,901
1036,919
1036,937
1036,954
1036,972
1036,99
1037,007
1037,025
1037,043
1037,059
1037,078
1037,095
1037,113
1037,13
1037,148
1037,165
1037,183
1037,2
1037,219
1037,236
1037,252
1037,269
1037,287
1037,305
1037,322
1037,34
1037,357
1037,375
1037,392
1037,409
1037,427
1037,446
1037,463
1037,481
1037,5
1037,516
1037,536
1037,554
1037,576
1037,594
1037,612
1037,63
1037,649
1037,668
1037,685
1037,704
1037,72
1037,738
1037,754
1037,772
1037,789
1037,806
1037,823
1037,841
1037,858
1037,874
1037,892
1037,911
1037,927
1037,946
1037,964
1037,982
1038
1038,018
1038,035
1038,052
1038,069
1038,087
1038,105
1038,122
1038,139
1038,157
1038,174
1038,191
1038,209
1038,227
1038,245
1038,263
1038,28
1038,297
1038,316
1038,334
1038,351
1038,369
1038,387
1038,404
1038,423
1038,441
1038,459
1038,475
1038,492
1038,51
1038,526
1038,54
1038,557
1038,574
1038,59
1038,607
1038,625
1038,643
1038,663
1038,681
1038,698
1038,798
1038,812
1038,83
1038,843
1038,86
1038,875
1038,898
1038,918
1038,935
1038,954
1038,974
1038,992
1039,009
1039,027
1039,045
1039,062
1039,079
1039,098
1039,115
1039,134
1039,152
1039,168
1039,187
1039,205
1039,219
1039,237
1039,256
1039,275
1039,293
1039,309
1039,328
1039,345
1039,364
1039,383
1039,401
1039,419
1039,437
1039,456
1039,474
1039,491
1039,51
1039,529
1039,546
1039,564
1039,582
1039,601
1039,619
1039,637
1039,654
1039,672
1039,69
1039,707
1039,725
1039,742
1039,76
1039,779
1039,797
1039,813
1039,83
1039,848
1039,865
1039,883
1039,901
1039,919
1039,938
1039,957
1039,976
1039,994
1040,011
1040,029
1040,046
1040,064
1040,082
1040,1
1040,117
1040,135
1040,153
1040,171
1040,188
1040,205
1040,223
