579,7949
579,8188
579,8354
579,8525
579,8688
579,8854
579,9018
579,9172
579,9323
579,947
579,9626
579,9774
579,9919
580,0077
580,0234
580,0391
580,0559
580,0723
580,0878
580,1046
580,1205
580,1359
580,1517
580,168
580,1848
580,2014
580,2173
580,2319
580,2479
580,264
580,2797
580,2946
580,3096
580,3244
580,3408
580,3568
580,3732
580,3892
580,406
580,4225
580,4384
580,4559
580,4719
580,4876
580,5029
580,5189
580,5338
580,5497
580,5651
580,5815
580,5966
580,6124
580,6286
580,6437
580,6591
580,6738
580,6907
580,706
580,7217
580,7369
580,7516
580,7678
580,7853
580,8027
580,8195
580,8362
580,8535
580,8713
580,8874
580,9042
580,9224
580,9403
580,9578
580,9744
580,9917
581,0087
581,0269
581,0428
581,0587
581,0735
581,0908
581,1066
581,1218
581,1383
581,1533
581,1697
581,186
581,202
581,2183
581,2325
581,2478
581,2629
581,2776
581,2922
581,308
581,3232
581,3395
581,3565
581,3745
581,3914
581,4086
581,4255
581,4433
581,4615
581,4796
581,4965
581,5137
581,5316
581,5475
581,563
581,5784
581,5934
581,6115
581,6253
581,6411
581,6569
581,6722
581,6887
581,7045
581,7203
581,7365
581,7537
581,7724
581,7938
581,8159
581,8367
581,8599
581,8791
581,8962
581,9151
581,9351
581,9526
581,9692
581,9871
582,0051
582,0227
582,0399
582,0575
582,0765
582,0949
582,1152
582,1341
582,1516
582,1693
582,1866
582,2039
582,2216
582,2397
582,2568
582,2751
582,2932
582,3107
582,329
582,3494
582,3685
582,3865
582,405
582,4218
582,4392
582,457
582,474
582,4949
582,5129
582,5328
582,551
582,5683
582,5857
582,6025
582,6198
582,6358
582,6534
582,6705
582,6856
582,7017
582,7196
582,7352
582,7521
582,7679
582,7834
582,7985
582,8134
582,8282
582,8448
582,8627
582,8796
582,8965
582,9136
582,9305
582,9473
582,9652
582,9841
583,0018
583,0198
583,0361
583,0536
583,0706
583,0888
583,1068
583,1239
583,1412
583,1583
583,1771
583,1941
583,213
583,2305
583,2481
583,2657
583,2828
583,2982
583,3134
583,3279
583,3422
583,357
583,3722
583,3879
583,4031
583,4183
583,4335
583,4478
583,4646
583,4814
583,4974
583,5132
583,5272
583,5424
583,5573
583,5726
583,5885
583,6046
583,6201
583,6356
583,651
583,667
583,6821
583,6976
583,7133
583,7271
583,7423
583,7575
583,7733
583,7886
583,8052
583,8217
583,8367
583,852
583,8672
583,8818
583,8974
583,9119
583,9262
583,9413
583,9564
583,9724
583,9871
584,0037
584,0198
584,0355
584,0522
584,0683
584,0839
584,0996
584,1152
584,1304
584,1469
584,1623
584,1785
584,1935
584,2101
584,2258
584,242
584,2584
584,2751
584,2906
584,3057
584,3201
584,3352
584,3509
584,3658
584,3809
584,3957
584,4111
584,4259
584,4409
584,4565
584,4719
584,4888
584,5059
584,5229
584,5406
584,5576
584,5742
584,5911
584,6107
584,6308
584,6481
584,6654
584,6828
584,7002
584,7182
584,7349
584,7528
584,7709
584,7887
584,8057
584,8224
584,8387
584,8555
584,8728
584,8898
584,9065
584,9241
584,9408
584,9573
584,9744
584,9925
585,0104
585,0286
585,0457
585,063
585,0797
585,0958
585,113
585,1301
585,1459
585,1611
585,175
585,1904
585,2059
585,2216
585,2362
585,2504
585,2644
585,2791
585,2947
585,3091
585,3228
585,3376
585,3523
585,3676
585,3824
585,3972
585,4116
585,4261
585,4413
585,4568
585,4719
585,4889
585,5048
585,5205
585,5367
585,5526
585,5689
585,5858
585,6049
585,6219
585,6369
585,6526
585,6691
585,6849
585,7028
585,7234
585,7444
585,7595
585,7739
585,7899
585,8057
585,8215
585,8373
585,8532
585,8714
585,889
585,9053
585,9228
585,941
585,9603
585,9774
585,9978
586,0153
586,0323
586,0502
586,0677
586,0846
586,1031
586,1209
586,1379
586,1553
586,1729
586,1902
586,2077
586,2248
586,2427
586,2599
586,2799
586,2966
586,3128
586,3293
586,3456
586,3619
586,3762
586,3918
586,4066
586,4216
586,4385
586,4557
586,473
586,4899
586,5056
586,5222
586,5379
586,5532
586,5685
586,5832
586,598
586,6129
586,6288
586,644
586,6611
586,6788
586,6949
586,7114
586,7269
586,7437
586,762
586,7771
586,7906
586,8055
586,822
586,8376
586,853
586,8679
586,883
586,8975
586,912
586,9265
586,9416
586,9569
586,9724
586,9879
587,0037
587,0186
587,0335
587,0493
587,0651
587,0806
587,0961
587,1122
587,1266
587,1406
587,1594
587,1741
587,1901
587,2056
587,2208
587,2364
587,2527
587,27
587,2851
587,3016
587,3182
587,3334
587,3478
587,3633
587,38
587,3951
587,4113
587,429
587,4484
587,4666
587,4833
587,5002
587,5159
587,5326
587,5484
587,5641
587,5811
587,5986
587,6155
587,6328
587,6501
587,6674
587,6851
587,7025
587,7201
587,7377
587,7612
587,7833
587,798
587,8141
587,829
587,8452
587,8607
587,8753
587,8915
587,9059
587,921
587,9366
587,9522
587,9682
587,985
588,0012
588,0165
588,0331
588,0488
588,0646
588,0808
588,0969
588,1122
588,1272
588,1414
588,1575
588,1742
588,1902
588,2067
588,2241
588,2407
588,2558
588,2715
588,2885
588,3046
588,3207
588,3366
588,3511
588,3665
588,3825
588,3984
588,414
588,4296
588,4451
588,4623
588,4791
588,4955
588,5131
588,5399
588,5568
588,5782
588,5997
588,6182
588,6347
588,6521
588,6689
588,6868
588,7047
588,7231
588,7404
588,7576
588,7742
588,7921
588,8101
588,8283
588,8458
588,8627
588,8794
588,8959
588,9132
588,9313
588,949
588,967
588,9838
589,0011
589,0182
589,034
589,0506
589,0659
589,0812
589,0963
589,1113
589,1257
589,1404
589,1561
589,1719
589,1873
589,2036
589,2199
589,2349
589,2507
589,2662
589,2809
589,2972
589,3129
589,3281
589,3425
589,3577
589,3726
589,3878
589,4036
589,4202
589,4366
589,4526
589,4682
589,4849
589,502
589,5181
589,5342
589,5508
589,5668
589,5823
589,5984
589,6127
589,6279
589,6425
589,6565
589,6716
589,6862
589,7015
589,7176
589,8176
589,8342
589,8516
589,8671
589,8809
589,8955
589,9107
589,9287
589,9434
589,9583
589,9747
589,9902
590,0063
590,0235
590,0399
590,056
590,0723
590,0864
590,1014
590,1167
590,1343
590,1517
590,1689
590,1862
590,2041
590,2226
590,2409
590,2596
590,2765
590,2947
590,3112
590,3275
590,3449
590,3623
590,3824
590,4002
590,4172
590,4343
590,452
590,4693
590,4866
590,5041
590,5214
590,5384
590,5551
590,5715
590,588
590,6039
590,6193
590,6339
590,65
590,665
590,6812
590,6956
590,7104
590,7266
590,7413
590,7562
590,7713
590,7884
590,8037
590,8183
590,8331
590,8481
590,8639
590,8807
590,8967
590,9117
590,9279
590,9431
590,9592
590,9758
590,9918
591,0092
591,0249
591,041
591,0573
591,0732
591,0946
591,1154
591,1317
591,1472
591,1619
591,1775
591,1942
591,2098
591,2258
591,2411
591,2561
591,2715
591,2875
591,302
591,3165
591,3312
591,3466
591,3612
591,3774
591,3931
591,4098
591,4259
591,4422
591,4581
591,4741
591,4893
591,5043
591,5203
591,5362
591,5511
591,5664
591,5812
591,5963
591,6101
591,6258
591,6421
591,6578
591,6747
591,6906
591,7065
591,7227
591,7374
591,7525
591,7669
591,7819
591,7973
591,8113
591,8253
591,8405
591,8561
591,8715
591,8869
591,9031
591,9182
591,9325
591,9482
591,9634
591,978
591,9911
592,007
592,0225
592,0377
592,0519
592,0667
592,0821
592,0972
592,1119
592,1264
592,1425
592,1586
592,1735
592,1901
592,2072
592,2248
592,2412
592,2579
592,2744
592,2915
592,3081
592,3262
592,3439
592,3615
592,3783
592,3949
592,4111
592,4275
592,4439
592,461
592,478
592,4938
592,511
592,5271
592,5426
592,5587
592,5753
592,5911
592,6057
592,6217
592,6371
592,6523
592,6677
592,6827
592,6977
592,7139
592,73
592,7447
592,7595
592,7736
592,7914
592,8141
592,835
592,8508
592,8659
592,8818
592,8994
592,9151
592,931
592,9482
592,9673
592,9882
593,0031
593,0198
593,036
593,0507
593,0652
593,0804
593,0952
593,1093
593,1248
593,1409
593,1561
593,1706
593,1863
593,2021
593,2177
593,2343
593,2505
593,2672
593,2836
593,3
593,3154
593,3323
593,3524
593,3701
593,3856
593,4017
593,4181
593,4336
593,4503
593,4665
593,4826
593,4977
593,5115
593,5264
593,5417
593,5583
593,5746
593,5919
593,6084
593,6249
593,6404
593,6561
593,6719
593,6879
593,7049
593,7209
593,7368
593,7534
593,7701
593,7858
593,8022
593,8174
593,8335
593,8502
593,8666
593,8832
593,8998
593,9156
593,931
593,9474
593,9638
593,9791
593,9952
594,0112
594,0267
594,0436
594,0602
594,0775
594,0941
594,1098
594,125
594,14
594,1569
594,1731
594,1908
594,2086
594,226
594,2432
594,2604
594,2811
594,3001
594,3193
594,3366
594,3542
594,3716
594,3879
594,4059
594,4244
594,4423
594,4598
594,4763
594,4939
594,5116
594,5289
594,5477
594,5662
594,5833
594,5977
594,6111
594,6262
594,6415
594,6564
594,6718
594,6868
594,7017
594,7167
594,7317
594,7468
594,7606
594,7764
594,7917
594,8076
594,8231
594,8381
594,8545
594,8749
594,8943
594,9089
594,9246
594,9422
594,9598
594,9769
594,9945
595,0119
595,0358
595,0646
595,0825
595,0991
595,1144
595,1287
595,1433
595,1581
595,1739
595,1899
595,2051
595,22
595,235
595,2509
595,2661
595,2813
595,2969
595,3121
595,3265
595,3427
595,3577
595,3716
595,3889
595,4043
595,42
595,434
595,4485
595,4662
595,4819
595,4966
595,5121
595,5298
595,545
595,5603
595,5747
595,5902
595,6053
595,6212
595,6364
595,6516
595,6665
595,6809
595,697
595,7115
595,7266
595,7404
595,756
595,7714
595,7863
595,8016
595,8159
595,8313
595,8458
595,8604
595,8753
595,8923
595,9096
595,9256
595,9414
595,9591
595,9742
595,9908
596,0076
596,0233
596,0398
596,0572
596,0742
596,0909
596,1068
596,1224
596,1389
596,1544
596,1694
596,1861
596,2021
596,2168
596,2318
596,2468
596,2618
596,2766
596,2925
596,3089
596,324
596,3403
596,3552
596,3726
596,3895
596,4077
596,4252
596,4431
596,46
596,4777
596,498
596,5164
596,5333
596,55
596,5671
596,5846
596,6024
596,621
596,6385
596,6572
596,6755
596,6926
596,7096
596,7281
596,7455
596,7615
596,7755
596,7902
596,8063
596,8233
596,8404
596,8556
596,8716
596,8866
596,9018
596,9177
596,9324
596,9478
596,9647
596,9808
596,9951
597,01
597,0247
597,0396
597,0551
597,0713
597,087
597,1024
597,1177
597,1332
597,1497
597,1654
597,1826
597,1967
597,2111
597,2267
597,241
597,256
597,2716
597,2871
597,3024
597,3184
597,3326
597,3473
597,3627
597,3774
597,3928
597,4106
597,4282
597,4449
597,4626
597,4797
597,4965
597,5145
597,5307
597,5518
597,5692
597,5867
597,6038
597,6208
597,6387
597,655
597,6722
597,6901
597,7067
597,7239
597,7415
597,759
597,7757
597,7935
597,8093
597,8254
597,8403
597,8561
597,8712
597,8866
597,9024
597,9184
597,932
597,9467
597,9614
597,9764
597,9911
598,0074
598,0225
598,0386
598,0551
598,0715
598,087
598,1028
598,1194
598,1338
598,1491
598,1642
598,181
598,1966
598,2094
598,2249
598,2407
598,257
598,2726
598,2876
598,3034
598,3195
598,334
598,3497
598,3648
598,3805
598,3964
598,4108
598,4254
598,4405
598,4565
598,4727
598,4891
598,5054
598,5219
598,5389
598,5546
598,5717
598,588
598,6044
598,6207
598,6372
598,6527
598,6684
598,6837
598,6989
598,7134
598,7279
598,7422
598,7571
598,7726
598,7881
598,8038
598,8196
598,8356
598,8507
598,8659
598,882
598,8964
598,9108
598,9265
598,9424
598,9611
598,9766
598,9911
599,0057
599,0218
599,0375
599,0532
599,0688
599,084
599,0988
599,1134
599,128
599,1426
599,1575
599,1731
599,1886
599,204
599,2191
599,2338
599,2484
599,2638
599,2797
599,2938
599,3093
599,3249
599,3403
599,356
599,3696
599,3849
599,4017
599,4172
599,4332
599,4491
599,4658
599,482
599,4982
599,5143
599,5305
599,5466
599,563
599,5782
599,593
599,6088
599,624
599,6398
599,6549
599,6707
599,6862
599,7016
599,718
599,7331
599,7491
599,7656
599,7806
599,7967
599,8128
599,8268
599,8433
599,8583
599,8751
599,8918
599,907
599,9228
599,94
599,9562
599,9719
599,988
600,0051
600,0219
600,0378
600,0527
600,0693
600,0854
600,1019
600,1204
600,1362
600,1522
600,1683
600,1855
600,2024
600,2234
600,2459
600,2631
600,2806
600,2974
600,3141
600,3306
600,3472
600,3634
600,3794
600,3944
600,4094
600,4255
600,4418
600,4572
600,4733
600,4902
600,5085
600,5248
600,5418
600,5587
600,5741
600,5896
600,605
600,621
600,6373
600,6522
600,6685
600,7684
600,785
600,801
600,817
600,8299
600,8478
600,8652
600,8831
600,902
600,9194
600,9361
600,955
600,9749
600,9924
601,0092
601,0266
601,0435
601,0613
601,0798
601,0981
601,1154
601,1332
601,1508
601,1689
601,1849
601,2025
601,2213
601,2394
601,2571
601,2743
601,2925
601,3108
601,3286
601,3455
601,3625
601,3779
601,393
601,4079
601,4225
601,4376
601,4525
601,4706
601,4861
601,5018
601,5172
601,5329
601,5491
601,5687
601,5905
601,604
601,62
601,6354
601,6513
601,6671
601,6821
601,6974
601,7131
601,7289
601,7439
601,759
601,7742
601,7894
601,8057
601,8239
601,8404
601,8552
601,8716
601,8884
601,9048
601,9199
601,9345
601,9504
601,9658
601,9826
601,9983
602,0129
602,0284
602,0432
602,0601
602,0763
602,0926
602,1071
602,121
602,1353
602,1508
602,1661
602,183
602,2054
602,2252
602,2408
602,2579
602,2722
602,2883
602,3039
602,3201
602,3365
602,3514
602,3666
602,3824
602,3972
602,4131
602,428
602,4427
602,4585
602,4736
602,489
602,5031
602,5171
602,5331
602,5492
602,5648
602,5815
602,5988
602,614
602,6294
602,6439
602,6595
602,6744
602,6892
602,7034
602,7194
602,7339
602,7501
602,7653
602,7817
602,7996
602,8167
602,833
602,8489
602,8647
602,882
602,899
602,9166
602,934
602,9509
602,9685
602,9866
603,0043
603,0256
603,043
603,0598
603,0767
603,0939
603,1109
603,1276
603,1461
603,1639
603,1807
603,197
603,2138
603,2302
603,2471
603,2632
603,2793
603,2951
603,3107
603,3256
603,3417
603,3574
603,3707
603,385
603,4002
603,4151
603,4305
603,4462
603,4623
603,478
603,4937
603,5098
603,5243
603,5397
603,5544
603,5718
603,5942
603,6146
603,6305
603,6455
603,6614
603,6782
603,6937
603,71
603,7269
603,7427
603,7581
603,7739
603,7907
603,8068
603,8232
603,838
603,8531
603,8694
603,8845
603,9
603,9161
603,9321
603,948
603,9631
603,9772
603,9927
604,008
604,0231
604,0366
604,0514
604,0671
604,0823
604,098
604,1147
604,1321
604,1473
604,1611
604,1765
604,1916
604,2079
604,2222
604,2386
604,2542
604,2699
604,2852
604,3011
604,319
604,3349
604,3507
604,3676
604,3823
604,3987
604,4139
604,4304
604,4468
604,462
604,4783
604,4959
604,5145
604,5306
604,5475
604,5643
604,5809
604,598
604,6135
604,6312
604,6489
604,664
604,6813
604,6967
604,712
604,7277
604,7433
604,759
604,7722
604,7876
604,8024
604,8176
604,8322
604,8475
604,863
604,8774
604,8917
604,9084
604,9234
604,9393
604,9542
604,969
604,9847
604,9996
605,0151
605,0309
605,0466
605,0612
605,0773
605,0928
605,1091
605,1254
605,1422
605,1581
605,1729
605,1881
605,2031
605,219
605,2337
605,25
605,2646
605,28
605,2957
605,3105
605,3262
605,3411
605,3566
605,3694
605,3854
605,4009
605,4177
605,4355
605,4537
605,4717
605,4883
605,5054
605,5259
605,5428
605,5615
605,5789
605,5965
605,614
605,6317
605,6492
605,6668
605,6863
605,7032
605,7206
605,7377
605,7551
605,7738
605,7902
605,8062
605,8235
605,8384
605,8534
605,8718
605,8875
605,9046
605,922
605,9385
605,955
605,9719
605,9893
606,0066
606,0231
606,0399
606,0547
606,0717
606,0879
606,1049
606,1215
606,1378
606,1518
606,167
606,1833
606,1984
606,2128
606,2275
606,2416
606,2583
606,2748
606,2914
606,308
606,3245
606,3405
606,3558
606,3705
606,3871
606,4039
606,4218
606,4391
606,455
606,4729
606,4907
606,507
606,5239
606,54
606,5541
606,5698
606,5862
606,6017
606,6173
606,6331
606,6489
606,6649
606,68
606,696
606,7108
606,7256
606,7415
606,7556
606,7703
606,7844
606,8004
606,8162
606,8321
606,8478
606,8632
606,8792
606,8939
606,9091
606,9253
606,9404
606,9554
606,9704
606,9854
607,0002
607,0148
607,0297
607,0464
607,0615
607,0765
607,0911
607,1049
607,1194
607,1355
607,1512
607,1661
607,1813
607,1975
607,2139
607,2309
607,2481
607,2646
607,2809
607,2982
607,3151
607,3313
607,3478
607,3637
607,3785
607,3929
607,4087
607,4247
607,4407
607,4545
607,4704
607,4874
607,5024
607,5178
607,5338
607,5499
607,5646
607,5814
607,5969
607,6131
607,6293
607,6456
607,6613
607,6772
607,6924
607,7091
607,7243
607,7396
607,7534
607,7682
607,7832
607,7993
607,8157
607,8314
607,8475
607,8627
607,8782
607,8927
607,9098
607,9259
607,9413
607,9573
607,9739
607,9891
608,004
608,0203
608,0371
608,0535
608,0701
608,0863
608,1027
608,1196
608,1365
608,1547
608,1699
608,1852
608,2009
608,2172
608,2344
608,2531
608,2719
608,2899
608,3081
608,3268
608,3452
608,3632
608,3804
608,3993
608,4157
608,4329
608,4501
608,4671
608,4847
608,5019
608,5193
608,536
608,5526
608,5691
608,5858
608,6041
608,6213
608,6386
608,6561
608,673
608,6909
608,7092
608,7262
608,7429
608,759
608,775
608,7925
608,8101
608,8265
608,8434
608,86
608,8773
608,8934
608,911
608,9283
608,9453
608,9633
608,9805
608,9982
609,0147
609,032
609,0504
609,0687
609,087
609,1049
609,1226
609,1409
609,1583
609,1744
609,1906
609,2055
609,2215
609,2369
609,252
609,2681
609,2838
609,2996
609,3151
609,3301
609,3458
609,3611
609,3759
609,391
609,4075
609,4212
609,4369
609,452
609,4682
609,483
609,4983
609,514
609,53
609,5449
609,5598
609,575
609,5909
609,6064
609,6212
609,6361
609,6519
609,6677
609,683
609,6987
609,7132
609,7291
609,7442
609,7601
609,7765
609,7908
609,8065
609,8215
609,8374
609,8538
609,8723
609,8895
609,9061
609,9221
609,9374
609,9533
609,9709
609,9879
610,0035
610,0201
610,035
610,0502
610,0658
610,0812
610,097
610,1112
610,1257
610,1418
610,1572
610,1722
610,1864
610,2021
610,2174
610,2326
610,2482
610,2634
610,2792
610,2947
610,3095
610,326
610,3411
610,3575
610,3705
610,3843
610,4012
610,4164
610,432
610,4481
610,4639
610,4799
610,4966
610,5118
610,5272
610,5424
610,559
610,5735
610,5895
610,6042
610,619
610,6342
610,6509
610,667
610,6834
610,6993
610,7143
610,73
610,7469
610,763
610,7798
610,7968
610,8138
610,8306
610,8475
610,8638
610,8802
610,8962
610,9131
610,9291
610,9439
610,9598
610,975
610,9907
611,0058
611,0212
611,0372
611,0517
611,0671
611,0833
611,0989
611,113
611,1296
611,1451
611,1609
611,1757
611,1901
611,2048
611,2197
611,2345
611,2513
611,2684
611,2854
611,3021
611,3198
611,3363
611,3534
611,3708
611,389
611,407
611,4241
611,4401
611,4573
611,473
611,4891
611,5034
611,5194
611,5357
611,5517
611,5681
611,5853
611,602
611,6186
611,6348
611,6516
611,6681
611,6844
611,7015
611,7189
611,7336
611,7501
611,765
611,7819
611,8819
611,8979
611,9124
611,9279
611,9417
611,9565
611,9713
611,9918
612,0054
612,0212
612,0371
612,053
612,0679
612,0839
612,1004
612,1155
612,1312
612,1465
612,1619
612,178
612,1924
612,2093
612,2321
612,2474
612,2626
612,2799
612,2966
612,3129
612,3287
612,3454
612,3607
612,3752
612,3908
612,4051
612,42
612,4358
612,451
612,4672
612,483
612,4984
612,5135
612,5281
612,5439
612,5583
612,5727
612,5886
612,6046
612,6214
612,6387
612,6545
612,6704
612,6874
612,7036
612,721
612,7382
612,7553
612,7718
612,7875
612,8029
612,8182
612,8334
612,85
612,8654
612,8814
612,897
612,9121
612,9277
612,9412
612,9568
612,9731
612,9886
613,0047
613,02
613,0373
613,0524
613,0681
613,0833
613,0989
613,1136
613,1287
613,1454
613,162
613,1793
613,195
613,2099
613,2241
613,2406
613,2556
613,2725
613,2885
613,3039
613,3206
613,338
613,3547
613,371
613,3887
613,4046
613,4202
613,4357
613,4522
613,4688
613,4847
613,5005
613,5164
613,5334
613,5495
613,566
613,5836
613,6001
613,6179
613,6354
613,6527
613,6703
613,6876
613,705
613,7273
613,7451
613,7626
613,7803
613,797
613,8135
613,83
613,8472
613,8651
613,8831
613,9011
613,9192
613,9373
613,9554
613,9734
613,9913
614,0078
614,0233
614,0413
614,0577
614,0739
614,0931
614,1116
614,1281
614,1452
614,1624
614,1794
614,1964
614,2129
614,2297
614,247
614,2623
614,2784
614,2947
614,3107
614,3277
614,3438
614,3609
614,3774
614,3948
614,412
614,4294
614,4467
614,4628
614,4796
614,4968
614,5142
614,5309
614,5485
614,5659
614,5824
614,5983
614,6133
614,6304
614,645
614,6616
614,6776
614,6932
614,7103
614,7272
614,7437
614,7599
614,7753
614,7908
614,8068
614,8218
614,8378
614,8541
614,8698
614,8852
614,9009
614,9174
614,9352
614,9514
614,9679
614,9842
615,0012
615,0185
615,0356
615,0518
615,0689
615,0859
615,1024
615,1187
615,1347
615,1514
615,1672
615,1837
615,2004
615,2173
615,2332
615,2493
615,2657
615,2828
615,2993
615,3156
615,3316
615,3476
615,3624
615,3778
615,3917
615,4061
615,4203
615,4351
615,4515
615,4683
615,4846
615,5008
615,5181
615,5345
615,5507
615,5666
615,5839
615,6007
615,6162
615,6319
615,6477
615,663
615,6795
615,6989
615,7195
615,7358
615,7524
615,7701
615,7867
615,8039
615,8206
615,8376
615,8549
615,8716
615,8876
615,9028
615,9189
615,9346
615,951
615,9687
615,9856
616,0026
616,0197
616,0372
616,0546
616,0721
616,0896
616,1066
616,1232
616,1402
616,1573
616,1732
616,1892
616,2052
616,2221
616,2393
616,2549
616,2715
616,2886
616,3052
616,321
616,3379
616,3542
616,3707
616,3867
616,402
616,4179
616,4331
616,4479
616,4633
616,4794
616,4948
616,511
616,5269
616,5435
616,5601
616,5767
616,5916
616,608
616,6243
616,6393
616,6543
616,6701
616,6855
616,7013
616,7188
616,7354
616,752
616,769
616,7855
616,8023
616,819
616,8364
616,8535
616,8709
616,8871
616,9049
616,924
616,9428
616,9613
616,979
616,9956
617,0126
617,0303
617,0479
617,0659
617,0833
617,1008
617,1177
617,1345
617,1522
617,1691
617,1876
617,2047
617,2217
617,2386
617,255
617,272
617,289
617,306
617,3231
617,3401
617,3565
617,3729
617,3895
617,4058
617,4225
617,4382
617,4545
617,4706
617,4862
617,5031
617,5205
617,5383
617,5549
617,5722
617,5893
617,606
617,6224
617,6389
617,6559
617,6738
617,6904
617,7076
617,7258
617,7427
617,7592
617,7757
617,7924
617,8094
617,8257
617,8433
617,8604
617,8768
617,8931
617,91
617,9251
617,9424
617,9594
617,976
617,992
618,0083
618,0259
618,0453
618,0626
618,0798
618,0964
618,1137
618,1312
618,1484
618,1661
618,1838
618,2013
618,2171
618,2331
618,2497
618,2662
618,2833
618,3007
618,3188
618,3369
618,3546
618,3724
618,3903
618,406
618,4225
618,4391
618,4541
618,47
618,4875
618,5046
618,5213
618,5387
618,5565
618,5737
618,5907
618,6082
618,6251
618,6416
618,659
618,6758
618,6915
618,7063
618,7227
618,7388
618,7529
618,7689
618,7849
618,8027
618,8198
618,8359
618,8527
618,8699
618,8869
618,9034
618,9204
618,9376
618,9531
618,968
618,9835
618,9998
619,015
619,0316
619,0475
619,0626
619,0787
619,0944
619,1105
619,1274
619,1445
619,1611
619,1771
619,1938
619,2105
619,2274
619,2441
619,2609
619,2775
619,2912
619,3046
619,3199
619,3349
619,35
619,3669
619,384
619,4013
619,4181
619,4348
619,452
619,4694
619,4863
619,5023
619,5182
619,534
619,551
619,5674
619,5829
619,5992
619,613
619,6292
619,644
619,6598
619,6744
619,6893
619,7042
619,7197
619,7344
619,7509
619,7658
619,7825
619,7994
619,8146
619,8303
619,8455
619,8609
619,8763
619,8908
619,9053
619,9208
619,9364
619,9518
619,9666
619,9832
619,9993
620,0154
620,0319
620,0471
620,0628
620,0789
620,0938
620,1086
620,1219
620,1369
620,1522
620,1675
620,183
620,1985
620,2141
620,2298
620,246
620,2628
620,2798
620,296
620,3121
620,3282
620,3456
620,3633
620,3795
620,3958
620,4135
620,4293
620,4444
620,458
620,4719
620,4868
620,5021
620,5187
620,5347
620,5517
620,569
620,5851
620,6006
620,6176
620,634
620,6514
620,667
620,6834
620,6997
620,716
620,7309
620,746
620,7611
620,777
620,7907
620,8069
620,822
620,8373
620,8534
620,8688
620,8849
620,9008
620,9167
620,9319
620,9478
620,9627
620,9786
620,9939
621,0098
621,0255
621,0419
621,0632
621,0839
621,1002
621,116
621,1305
621,1447
621,1599
621,1768
621,1934
621,2111
621,2272
621,2441
621,262
621,2788
621,2944
621,3115
621,3279
621,3442
621,3601
621,3759
621,3905
621,4045
621,4205
621,4355
621,4502
621,466
621,4808
621,4977
621,5119
621,5267
621,543
621,5585
621,5745
621,5911
621,6063
621,6216
621,6382
621,6547
621,6702
621,6857
621,7017
621,7177
621,733
621,749
621,7661
621,7831
621,7994
621,8156
621,8315
621,8477
621,8629
621,8786
621,8944
621,91
621,9265
621,9427
621,9581
621,9762
621,9932
622,0101
622,0269
622,0458
622,0624
622,079
622,0957
622,1115
622,1281
622,145
622,1617
622,1782
622,1938
622,2101
622,2275
622,2454
622,2643
622,2823
622,2992
622,3146
622,3311
622,3473
622,3665
622,3836
622,4011
622,4192
622,4368
622,4549
622,4719
622,4898
622,5073
622,5238
622,5406
622,5588
622,5767
622,5946
622,6114
622,6285
622,6446
622,6613
622,6778
622,6949
622,7118
622,729
622,7451
622,7614
622,7769
622,793
622,8105
622,8273
622,8445
622,8605
622,8766
622,8906
622,9066
622,9205
622,9358
622,9511
623,0511
623,0667
623,081
623,0969
623,1107
623,1284
623,1459
623,166
623,1832
623,1997
623,2178
623,2365
623,2551
623,2736
623,291
623,308
623,3257
623,3427
623,3608
623,3793
623,3962
623,4138
623,4314
623,4489
623,4663
623,4833
623,5001
623,5169
623,5347
623,5512
623,5674
623,5847
623,5993
623,6143
623,6296
623,6459
623,6613
623,6765
623,691
623,7063
623,722
623,7386
623,7548
623,77
623,7867
623,803
623,8195
623,8347
623,8512
623,868
623,8847
623,901
623,9179
623,9343
623,9506
623,9661
623,9804
623,9957
624,0109
624,0265
624,0431
624,0573
624,072
624,0879
624,1042
624,1198
624,1358
624,1521
624,1683
624,1841
624,2
624,2144
624,2294
624,2456
624,2605
624,2764
624,2902
624,3046
624,3212
624,3387
624,356
624,373
624,3905
624,408
624,4232
624,4405
624,4573
624,4737
624,4913
624,5081
624,5259
624,543
624,5605
624,5787
624,596
624,6136
624,6308
624,6479
624,6662
624,6833
624,7006
624,7181
624,7349
624,7523
624,7697
624,7889
624,8083
624,8276
624,8447
624,8622
624,8793
624,8991
624,9175
624,9344
624,9525
624,9701
624,9874
625,0056
625,0226
625,0398
625,0566
625,0742
625,0919
625,1104
625,1276
625,1451
625,1618
625,1775
625,1909
625,2062
625,2212
625,2374
625,2526
625,2684
625,2843
625,2996
625,3141
625,3284
625,345
625,3601
625,3766
625,3914
625,4066
625,4221
625,437
625,4507
625,4662
625,4809
625,4973
625,5134
625,5301
625,5463
625,5622
625,5868
625,6035
625,6208
625,6385
625,6554
625,6725
625,6901
625,7064
625,7225
625,7382
625,7535
625,7692
625,7851
625,8
625,8157
625,833
625,85
625,8668
625,8842
625,9014
625,9183
625,9372
625,9559
625,9733
625,9913
626,0091
626,0269
626,0443
626,062
626,0794
626,0967
626,1138
626,1312
626,149
626,1673
626,1848
626,202
626,2181
626,2339
626,249
626,2654
626,2797
626,2945
626,3094
626,323
626,3382
626,354
626,371
626,3872
626,4037
626,4199
626,434
626,4491
626,4644
626,4795
626,4941
626,5094
626,5241
626,5396
626,5541
626,569
626,586
626,603
626,6194
626,635
626,6507
626,6672
626,6835
626,6988
626,7146
626,73
626,7454
626,761
626,7776
626,7927
626,8074
626,8216
626,8384
626,853
626,8683
626,8846
626,9003
626,9156
626,931
626,9474
626,9623
626,9772
626,9935
627,0081
627,0233
627,0384
627,0535
627,0695
627,0863
627,1019
627,1179
627,1331
627,1493
627,1658
627,1806
627,1968
627,2117
627,2275
627,243
627,2582
627,2739
627,2891
627,3051
627,3216
627,3379
627,3553
627,3716
627,389
627,4055
627,4208
627,4383
627,4553
627,4724
627,4889
627,5044
627,5209
627,5371
627,5537
627,569
627,5844
627,5997
627,6157
627,6308
627,6465
627,6624
627,678
627,6942
627,7093
627,7229
627,7391
627,7542
627,7695
627,7851
627,8005
627,816
627,8306
627,8458
627,8608
627,8762
627,8898
627,9045
627,9209
627,9371
627,9528
627,968
627,9826
627,9983
628,0149
628,0294
628,0458
628,0607
628,0751
628,0897
628,1043
628,1201
628,1362
628,1525
628,1691
628,1857
628,2015
628,217
628,2332
628,2505
628,2665
628,2817
628,2972
628,3121
628,3289
628,3452
628,3626
628,3793
628,3963
628,4126
628,4294
628,4468
628,463
628,4796
628,4964
628,5132
628,5291
628,5446
628,5605
628,5748
628,5897
628,6062
628,6221
628,6386
628,654
628,6697
628,6859
628,7005
628,7168
628,7322
628,7479
628,7632
628,778
628,7929
628,8069
628,8232
628,8401
628,8548
628,8713
628,8867
628,9011
628,9161
628,9312
628,9474
628,9631
628,9786
628,9939
629,0077
629,0223
629,0377
629,0533
629,0696
629,0852
629,1013
629,1187
629,1355
629,1516
629,169
629,1855
629,2009
629,2164
629,2321
629,2473
629,2635
629,2787
629,2936
629,3092
629,3236
629,3396
629,3554
629,3723
629,3873
629,4031
629,419
629,434
629,4497
629,4658
629,4812
629,4963
629,511
629,5267
629,5435
629,5569
4638,092
4638,117
4638,136
4638,155
4638,175
4638,194
4638,212
4638,232
4638,251
4638,269
4638,288
4638,305
4638,324
4638,342
4638,361
4638,38
4638,4
4638,42
4638,439
4638,458
4638,477
4638,495
4638,514
4638,533
4638,552
4638,57
4638,588
4638,609
4638,626
4638,647
4638,665
4638,685
4638,704
4638,723
4638,742
4638,76
4638,779
4638,796
4638,815
4638,833
4638,852
4638,871
4638,889
4638,906
4638,925
4638,945
4638,963
4638,982
4639
4639,02
4639,038
4639,057
4639,077
4639,095
4639,113
4639,131
4639,149
4639,167
4639,187
4639,205
4639,224
4639,243
4639,261
4639,279
4639,298
4639,316
4639,334
4639,352
4639,371
4639,39
4639,408
4639,427
4639,445
4639,464
4639,482
4639,5
4639,517
4639,536
4639,555
4639,572
4639,59
4639,607
4639,625
4639,644
4639,661
4639,679
4639,695
4639,712
4639,731
4639,75
4639,768
4639,786
4639,804
4639,823
4639,841
4639,859
4639,876
4639,895
4639,913
4639,932
4639,948
4639,967
4639,984
4640,002
4640,021
4640,042
4640,059
4640,078
4640,095
4640,114
4640,131
4640,149
4640,167
4640,185
4640,203
4640,222
4640,24
4640,258
4640,277
4640,295
4640,312
4640,331
4640,35
4640,368
4640,387
4640,405
4640,424
4640,441
4640,46
4640,478
4640,497
4640,514
4640,532
4640,551
4640,569
4640,587
4640,605
4640,622
4640,641
4640,658
4640,674
4640,693
4640,712
4640,729
4640,748
4640,764
4640,782
4640,8
4640,818
4640,837
4640,855
4640,872
4640,889
4640,908
4640,926
4640,944
4640,961
4640,98
4640,998
4641,016
4641,033
4641,05
4641,067
4641,086
4641,105
4641,125
4641,143
4641,161
4641,18
4641,197
4641,215
4641,233
4641,251
4641,27
4641,289
4641,307
4641,326
4641,344
4641,361
4641,378
4641,395
4641,412
4641,429
4641,447
4641,465
4641,482
4641,5
4641,517
4641,535
4641,551
4641,569
4641,586
4641,605
4641,625
4641,643
4641,662
4641,679
4641,697
4641,714
4641,733
4641,751
4641,769
4641,787
4641,805
4641,822
4641,841
4641,858
4641,876
4641,894
4641,911
4641,929
4641,946
4641,964
4641,981
4642
4642,018
4642,036
4642,053
4642,07
4642,088
4642,104
4642,124
4642,142
4642,16
4642,178
4642,196
4642,213
4642,233
4642,251
4642,27
4642,288
4642,304
4642,322
4642,34
4642,36
4642,38
4642,398
4642,417
4642,435
4642,453
4642,472
4642,49
4642,509
4642,527
4642,544
4642,563
4642,58
4642,598
4642,616
4642,632
4642,652
4642,671
4642,689
4642,708
4642,726
4642,746
4642,763
4642,782
4642,8
4642,817
4642,836
4642,853
4642,871
4642,889
4642,907
4642,924
4642,942
4642,958
4642,978
4642,996
4643,014
4643,031
4643,049
4643,067
4643,084
4643,1
4643,117
4643,135
4643,154
4643,172
4643,192
4643,21
4643,23
4643,25
4643,27
4643,288
4643,306
4643,322
4643,339
4643,357
4643,375
4643,393
4643,409
4643,425
4643,442
4643,458
4643,474
4643,489
4643,506
4643,522
4643,539
4643,556
4643,572
4643,588
4643,606
4643,623
4643,639
4643,655
4643,672
4643,688
4643,705
4643,722
4643,741
4643,758
4643,776
4643,794
4643,811
4643,831
4643,849
4643,867
4643,885
4643,902
4643,919
4643,938
4643,955
4643,973
4643,99
4644,007
4644,025
4644,042
4644,06
4644,077
4644,096
4644,114
4644,132
4644,15
4644,167
4644,185
4644,203
4644,219
4644,237
4644,256
4644,276
4644,294
4644,312
4644,33
4644,348
4644,365
4644,384
4644,403
4644,42
4644,438
4644,457
4644,474
4644,491
4644,509
4644,526
4644,544
4644,563
4644,581
4644,6
4644,618
4644,637
4644,656
4644,674
4644,693
4644,711
4644,729
4644,747
4644,763
4644,781
4644,799
4644,818
4644,835
4644,853
4644,872
4644,889
4644,906
4644,924
4644,941
4644,959
4644,977
4644,997
4645,015
4645,033
4645,052
4645,07
4645,088
4645,106
4645,125
4645,144
4645,161
4645,18
4645,199
4645,217
4645,236
4645,254
4645,271
4645,29
4645,307
4645,325
4645,344
4645,361
4645,378
4645,396
4645,412
4645,429
4645,446
4645,462
4645,48
4645,497
4645,516
4645,533
4645,549
4645,568
4645,584
4645,601
4645,617
4645,633
4645,65
4645,667
4645,683
4645,699
4645,716
4645,734
4645,751
4645,768
4645,786
4645,804
4645,821
4645,839
4645,859
4645,877
4645,895
4645,912
4645,929
4645,948
4645,966
4645,985
4646,001
4646,02
4646,036
4646,053
4646,072
4646,09
4646,108
4646,126
4646,143
4646,161
4646,179
4646,197
4646,215
4646,233
4646,251
4646,269
4646,287
4646,304
4646,323
4646,34
4646,357
4646,375
4646,392
4646,412
4646,43
4646,448
4646,467
4646,485
4646,504
4646,522
4646,541
4646,559
4646,577
4646,596
4646,614
4646,631
4646,648
4646,665
4646,683
4646,701
4646,72
4646,737
4646,755
4646,772
4646,789
4646,806
4646,824
4646,84
4646,858
4646,876
4646,893
4646,91
4646,928
4646,946
4646,963
4646,981
4647
4647,018
4647,036
4647,054
4647,072
4647,09
4647,107
4647,125
4647,143
4647,161
4647,178
4647,196
4647,213
4647,231
4647,249
4647,267
4647,284
4647,3
4647,316
4647,333
4647,349
4647,366
4647,384
4647,4
4647,416
4647,433
4647,45
4647,465
4647,482
4647,499
4647,516
4647,531
4647,548
4647,564
4647,582
4647,599
4647,615
4647,632
4647,65
4647,667
4647,685
4647,703
4647,72
4647,737
4647,756
4647,773
4647,792
4647,811
4647,828
4647,845
4647,862
4647,88
4647,897
4647,916
4647,932
4647,949
4647,965
4647,984
4648,002
4648,021
4648,038
4648,055
4648,072
4648,09
4648,109
4648,127
4648,145
4648,161
4648,178
4648,196
4648,214
4648,233
4648,251
4648,27
4648,289
4648,307
4648,326
4648,344
4648,363
4648,382
4648,404
4648,423
4648,441
4648,46
4648,479
4648,496
4648,515
4648,535
4648,553
4648,572
4648,591
4648,611
4648,63
4648,649
4648,667
4648,686
4648,704
4648,722
4648,74
4648,757
4648,776
4648,794
4648,813
4648,83
4648,849
4648,867
4648,885
4648,904
4648,922
4648,941
4648,96
4648,978
4648,996
4649,013
4649,031
4649,049
4649,068
4649,086
4649,107
4649,125
4649,143
4649,16
4649,178
4649,196
4649,213
4649,231
4649,249
4649,266
4649,284
4649,302
4649,319
4649,336
4649,352
4649,369
4649,387
4649,405
4649,423
4649,441
4649,458
4649,476
4649,493
4649,51
4649,528
4649,543
4649,56
4649,577
4649,593
4649,609
4649,629
4649,648
4649,665
4649,682
4649,7
4649,719
4649,737
4649,754
4649,772
4649,79
4649,807
4649,826
4649,844
4649,862
4649,882
4649,9
4649,919
4649,937
4649,955
4649,974
4649,991
4650,008
4650,026
4650,044
4650,062
4650,08
4650,098
4650,115
4650,132
4650,151
4650,169
4650,187
4650,206
4650,223
4650,323
4650,34
4650,36
4650,378
4650,394
4650,412
4650,429
4650,451
4650,47
4650,487
4650,505
4650,523
4650,54
4650,558
4650,576
4650,593
4650,612
4650,63
4650,647
4650,665
4650,682
4650,699
4650,718
4650,735
4650,753
4650,771
4650,787
4650,804
4650,82
4650,839
4650,855
4650,873
4650,89
4650,907
4650,924
4650,942
4650,96
4650,979
4650,996
4651,013
4651,031
4651,047
4651,064
4651,082
4651,098
4651,116
4651,132
4651,148
4651,165
4651,182
4651,2
4651,217
4651,234
4651,251
4651,27
4651,286
4651,303
4651,319
4651,335
4651,353
4651,37
4651,388
4651,406
4651,423
4651,441
4651,458
4651,475
4651,494
4651,512
4651,528
4651,545
4651,563
4651,581
4651,597
4651,615
4651,63
4651,647
4651,667
4651,684
4651,701
4651,718
4651,736
4651,753
4651,771
4651,787
4651,805
4651,822
4651,839
4651,856
4651,874
4651,893
4651,911
4651,929
4651,947
4651,964
4651,981
4652
4652,019
4652,037
4652,056
4652,076
4652,093
4652,111
4652,128
4652,146
4652,164
4652,182
4652,2
4652,217
4652,236
4652,253
4652,27
4652,287
4652,306
4652,323
4652,34
4652,359
4652,375
4652,393
4652,41
4652,427
4652,445
4652,463
4652,48
4652,497
4652,513
4652,531
4652,548
4652,565
4652,583
4652,6
4652,617
4652,634
4652,652
4652,67
4652,686
4652,703
4652,72
4652,736
4652,755
4652,772
4652,788
4652,806
4652,824
4652,841
4652,858
4652,875
4652,892
4652,909
4652,928
4652,944
4652,962
4652,98
4652,998
4653,016
4653,033
4653,049
4653,065
4653,083
4653,1
4653,116
4653,132
4653,151
4653,169
4653,186
4653,203
4653,22
4653,236
4653,252
4653,269
4653,285
4653,302
4653,319
4653,334
4653,35
4653,367
4653,383
4653,399
4653,414
4653,433
4653,451
4653,47
4653,486
4653,505
4653,523
4653,542
4653,56
4653,578
4653,596
4653,616
4653,634
4653,651
4653,668
4653,686
4653,704
4653,722
4653,739
4653,758
4653,775
4653,793
4653,81
4653,827
4653,844
4653,861
4653,878
4653,895
4653,913
4653,931
4653,952
4653,969
4653,987
4654,002
4654,021
4654,039
4654,056
4654,075
4654,093
4654,11
4654,127
4654,146
4654,163
4654,181
4654,199
4654,217
4654,235
4654,252
4654,27
4654,287
4654,306
4654,323
4654,342
4654,36
4654,377
4654,396
4654,415
4654,435
4654,453
4654,472
4654,491
4654,509
4654,526
4654,543
4654,561
4654,579
4654,598
4654,616
4654,632
4654,65
4654,668
4654,686
4654,704
4654,721
4654,739
4654,757
4654,775
4654,793
4654,812
4654,83
4654,847
4654,863
4654,88
4654,899
4654,917
4654,935
4654,954
4654,971
4654,989
4655,006
4655,023
4655,04
4655,056
4655,073
4655,09
4655,105
4655,124
4655,141
4655,158
4655,175
4655,191
4655,209
4655,227
4655,243
4655,26
4655,276
4655,293
4655,309
4655,325
4655,341
4655,356
4655,373
4655,389
4655,406
4655,424
4655,441
4655,458
4655,475
4655,493
4655,51
4655,528
4655,547
4655,563
4655,58
4655,597
4655,615
4655,634
4655,651
4655,668
4655,687
4655,706
4655,723
4655,741
4655,759
4655,777
4655,794
4655,812
4655,829
4655,846
4655,864
4655,883
4655,9
4655,917
4655,934
4655,954
4655,972
4655,989
4656,006
4656,025
4656,043
4656,061
4656,079
4656,097
4656,115
4656,131
4656,148
4656,166
4656,183
4656,199
4656,216
4656,234
4656,252
4656,272
4656,29
4656,308
4656,326
4656,345
4656,363
4656,381
4656,397
4656,415
4656,432
4656,448
4656,466
4656,483
4656,501
4656,519
4656,536
4656,555
4656,572
4656,59
4656,608
4656,625
4656,643
4656,66
4656,678
4656,696
4656,711
4656,73
4656,75
4656,768
4656,786
4656,805
4656,823
4656,842
4656,861
4656,878
4656,898
4656,916
4656,934
4656,954
4656,971
4656,988
4657,005
4657,021
4657,037
4657,054
4657,071
4657,089
4657,107
4657,125
4657,143
4657,16
4657,178
4657,194
4657,213
4657,231
4657,246
4657,262
4657,278
4657,295
4657,312
4657,327
4657,345
4657,361
4657,379
4657,397
4657,417
4657,434
4657,453
4657,473
4657,491
4657,509
4657,528
4657,546
4657,564
4657,583
4657,601
4657,619
4657,635
4657,654
4657,672
4657,69
4657,709
4657,727
4657,745
4657,764
4657,782
4657,801
4657,819
4657,836
4657,854
4657,872
4657,889
4657,906
4657,924
4657,942
4657,959
4657,976
4657,994
4658,013
4658,032
4658,05
4658,068
4658,085
4658,105
4658,124
4658,142
4658,16
4658,177
4658,195
4658,213
4658,229
4658,247
4658,265
4658,282
4658,299
4658,317
4658,335
4658,354
4658,373
4658,391
4658,411
4658,429
4658,448
4658,466
4658,483
4658,5
4658,517
4658,534
4658,552
4658,57
4658,588
4658,606
4658,625
4658,644
4658,661
4658,68
4658,697
4658,715
4658,733
4658,751
4658,769
4658,786
4658,804
4658,822
4658,841
4658,859
4658,877
4658,896
4658,916
4658,933
4658,951
4658,968
4658,986
4659,003
4659,021
4659,038
4659,054
4659,072
4659,089
4659,105
4659,121
4659,138
4659,155
4659,172
4659,188
4659,208
4659,225
4659,243
4659,261
4659,277
4659,295
4659,313
4659,331
4659,35
4659,367
4659,385
4659,402
4659,42
4659,438
4659,456
4659,474
4659,492
4659,512
4659,53
4659,547
4659,564
4659,583
4659,601
4659,619
4659,637
4659,655
4659,673
4659,691
4659,709
4659,727
4659,745
4659,763
4659,78
4659,797
4659,815
4659,833
4659,851
4659,869
4659,888
4659,906
4659,924
4659,943
4659,962
4659,979
4660
4660,018
4660,035
4660,053
4660,072
4660,09
4660,109
4660,128
4660,147
4660,166
4660,184
4660,203
4660,22
4660,238
4660,257
4660,277
4660,296
4660,314
4660,332
4660,35
4660,368
4660,389
4660,409
4660,429
4660,447
4660,467
4660,486
4660,505
4660,525
4660,544
4660,562
4660,58
4660,599
4660,617
4660,637
4660,655
4660,674
4660,692
4660,71
4660,728
4660,747
4660,767
4660,786
4660,805
4660,824
4660,843
4660,862
4660,881
4660,897
4660,917
4660,933
4660,952
4660,971
4660,988
4661,006
4661,023
4661,041
4661,058
4661,076
4661,094
4661,112
4661,129
4661,147
4661,165
4661,184
4661,202
4661,219
4661,237
4661,255
4661,272
4661,292
4661,309
4661,325
4661,342
4661,362
4661,379
4661,394
4661,41
4661,428
4661,447
4661,465
4661,485
4661,504
4661,522
4661,54
4661,559
4661,576
4661,594
4661,612
4661,633
4661,654
4661,673
4661,692
4661,711
4661,731
4661,75
4661,769
4661,788
4661,806
4661,825
4661,843
4661,86
4661,878
4661,896
4661,913
4661,931
4661,948
4661,965
4661,981
4661,999
4662,019
4662,035
4662,054
4662,072
4662,089
4662,108
4662,126
4662,144
4662,163
4662,18
4662,196
4662,215
4662,232
4662,25
4662,268
4662,285
4662,304
4662,322
4662,34
4662,358
4662,374
4662,393
4662,411
4662,429
4662,448
4662,464
4662,482
4662,498
4662,516
4662,534
4662,552
4662,569
4662,588
4662,605
4662,624
4662,643
4662,659
4662,677
4662,696
4662,714
4662,732
4662,751
4662,768
4662,786
4662,805
4662,822
4662,839
4662,857
4662,875
4662,894
4662,911
4662,929
4662,946
4662,964
4662,981
4662,998
4663,014
4663,029
4663,045
4663,063
4663,08
4663,097
4663,114
4663,13
4663,146
4663,164
4663,18
4663,197
4663,214
4663,231
4663,247
4663,263
4663,279
4663,296
4663,312
4663,33
4663,347
4663,363
4663,379
4663,396
4663,413
4663,43
4663,448
4663,464
4663,481
4663,499
4663,516
4663,534
4663,553
4663,568
4663,587
4663,604
4663,622
4663,639
4663,656
4663,674
4663,692
4663,71
4663,727
4663,745
4663,762
4663,78
4663,797
4663,815
4663,833
4663,851
4663,867
4663,885
4663,903
4663,921
4663,939
4663,957
4663,975
4663,994
4664,013
4664,03
4664,048
4664,066
4664,084
4664,102
4664,119
4664,136
4664,155
4664,172
4664,191
4664,208
4664,226
4664,243
4664,26
4664,277
4664,295
4664,313
4664,332
4664,349
4664,367
4664,385
4664,403
4664,42
4664,438
4664,456
4664,475
4664,492
4664,51
4664,526
4664,543
4664,562
4664,579
4664,597
4664,615
4664,632
4664,651
4664,67
4664,688
4664,706
4664,726
4664,744
4664,761
4664,779
4664,795
4664,813
4664,833
4664,85
4664,869
4664,886
4664,904
4664,922
4664,94
4664,957
4664,974
4664,992
4665,007
4665,024
4665,041
4665,057
4665,073
4665,089
4665,104
4665,121
4665,137
4665,153
4665,169
4665,186
4665,201
4665,218
4665,234
4665,251
4665,269
4665,285
4665,303
4665,32
4665,336
4665,353
4665,37
4665,385
4665,402
4665,419
4665,437
4665,455
4665,473
4665,49
4665,508
4665,527
4665,545
4665,564
4665,582
4665,601
4665,618
4665,636
4665,655
4665,673
4665,692
4665,711
4665,729
4665,748
4665,765
4665,784
4665,802
4665,821
4665,84
4665,858
4665,877
4665,896
4665,912
4665,93
4665,948
4665,967
4665,984
4666,001
4666,021
4666,039
4666,056
4666,073
4666,092
4666,109
4666,127
4666,145
4666,163
4666,179
4666,196
4666,213
4666,231
4666,25
4666,267
4666,285
4666,303
4666,32
4666,336
4666,354
4666,371
4666,39
4666,407
4666,425
4666,443
4666,461
4666,479
4666,497
4666,516
4666,534
4666,553
4666,571
