109,8122;        3423,403
109,7866;        3423,422
109,7734;        3423,441
109,7604;        3423,46
109,751;        3423,479
109,7514;        3423,497
109,769;        3423,514
109,7739;        3423,531
109,7773;        3423,55
109,7725;        3423,569
109,7715;        3423,585
109,7679;        3423,604
109,7782;        3423,623
109,7987;        3423,642
109,7938;        3423,661
109,7765;        3423,679
109,7741;        3423,698
109,7716;        3423,718
109,7883;        3423,737
109,786;        3423,757
109,7624;        3423,777
109,7484;        3423,795
109,7327;        3423,813
109,7348;        3423,832
109,7389;        3423,851
109,7397;        3423,871
109,7373;        3423,889
109,7534;        3423,907
109,748;        3423,925
109,7476;        3423,942
109,7365;        3423,96
109,7265;        3423,978
109,7343;        3423,997
109,7402;        3424,015
109,751;        3424,032
109,7577;        3424,049
109,7618;        3424,067
109,7352;        3424,086
109,7346;        3424,104
109,766;        3424,121
109,7656;        3424,139
109,7686;        3424,158
109,7872;        3424,175
109,7731;        3424,193
109,7819;        3424,21
109,7847;        3424,228
109,7803;        3424,246
109,7675;        3424,264
109,7633;        3424,281
109,7512;        3424,3
109,7308;        3424,318
109,7186;        3424,337
109,6986;        3424,356
109,7004;        3424,375
109,6878;        3424,393
109,6939;        3424,411
109,6964;        3424,429
109,7057;        3424,446
109,7082;        3424,464
109,7021;        3424,482
109,7123;        3424,499
109,7248;        3424,518
109,7225;        3424,535
109,7372;        3424,552
109,7288;        3424,569
109,7312;        3424,587
109,7361;        3424,604
109,7042;        3424,705
109,7023;        3424,723
109,7089;        3424,74
109,7317;        3424,758
109,7387;        3424,776
109,7236;        3424,794
109,7151;        3424,812
109,7146;        3424,829
109,6963;        3424,847
109,6877;        3424,865
109,7097;        3424,884
109,7239;        3424,902
109,7207;        3424,92
109,6824;        3424,938
109,6709;        3424,956
109,6891;        3424,972
109,7086;        3424,989
109,7089;        3425,007
109,6942;        3425,026
109,693;        3425,044
109,7009;        3425,063
109,7122;        3425,08
109,6988;        3425,098
109,698;        3425,116
109,7256;        3425,135
109,7325;        3425,155
109,731;        3425,174
109,7375;        3425,194
109,7146;        3425,213
109,7211;        3425,231
109,7411;        3425,25
109,7316;        3425,267
109,6996;        3425,284
109,6508;        3425,302
109,645;        3425,32
109,6449;        3425,338
109,6278;        3425,356
109,5939;        3425,374
109,5806;        3425,394
109,5945;        3425,414
109,5966;        3425,435
109,5889;        3425,451
109,5685;        3425,47
109,5734;        3425,488
109,5723;        3425,507
109,5637;        3425,525
109,5521;        3425,543
109,5519;        3425,561
109,5446;        3425,579
109,5459;        3425,598
109,563;        3425,617
109,5757;        3425,637
109,5731;        3425,655
109,557;        3425,672
109,5367;        3425,692
109,5279;        3425,71
109,5354;        3425,727
109,5223;        3425,746
109,5044;        3425,763
109,5087;        3425,781
109,4902;        3425,799
109,49;        3425,816
109,5016;        3425,833
109,4999;        3425,851
109,467;        3425,87
109,4626;        3425,888
109,4678;        3425,907
109,486;        3425,925
109,4721;        3425,943
109,4605;        3425,962
109,435;        3425,979
109,4394;        3425,998
109,4523;        3426,016
109,4385;        3426,034
109,4243;        3426,05
109,4279;        3426,069
109,4316;        3426,087
109,4113;        3426,104
109,4065;        3426,122
109,3922;        3426,14
109,414;        3426,158
109,4167;        3426,177
109,4215;        3426,195
109,4293;        3426,213
109,4355;        3426,231
109,46;        3426,248
109,4974;        3426,267
109,4039;        3426,284
109,2919;        3426,302
109,0276;        3426,32
108,8746;        3426,339
108,8545;        3426,356
108,7704;        3426,376
108,7397;        3426,394
108,8083;        3426,413
108,8748;        3426,431
108,9351;        3426,449
108,9857;        3426,467
109,035;        3426,484
109,1071;        3426,502
109,1197;        3426,521
109,1302;        3426,538
109,0977;        3426,556
109,066;        3426,576
109,0909;        3426,594
109,124;        3426,611
109,1304;        3426,628
109,0778;        3426,646
109,079;        3426,663
109,0919;        3426,679
109,1128;        3426,695
109,0881;        3426,713
109,0574;        3426,73
109,0455;        3426,747
109,0805;        3426,766
109,1014;        3426,784
109,1084;        3426,801
109,055;        3426,819
109,054;        3426,837
109,0625;        3426,854
109,0652;        3426,871
109,0192;        3426,89
109,0038;        3426,907
109,0027;        3426,925
108,9771;        3426,943
108,9832;        3426,961
108,9518;        3426,981
108,9324;        3426,997
108,9297;        3427,015
108,9268;        3427,032
108,9223;        3427,049
108,9395;        3427,065
108,9182;        3427,082
108,9651;        3427,099
108,4946;        3427,117
107,8278;        3427,135
107,1186;        3427,155
106,3261;        3427,173
105,4178;        3427,19
104,2102;        3427,207
103,6982;        3427,224
103,0579;        3427,243
102,4984;        3427,261
101,8839;        3427,28
101,2411;        3427,296
100,763;        3427,315
100,0122;        3427,333
99,36575;        3427,352
98,77015;        3427,369
98,58606;        3427,387
97,96788;        3427,405
96,83205;        3427,423
95,31906;        3427,443
93,77116;        3427,46
91,98577;        3427,478
91,14052;        3427,495
89,45204;        3427,513
87,73222;        3427,531
85,95207;        3427,548
84,37081;        3427,566
83,79135;        3427,583
82,53722;        3427,602
81,21259;        3427,621
79,98119;        3427,638
78,84065;        3427,656
78,29369;        3427,674
77,30373;        3427,692
76,45033;        3427,71
76,01167;        3427,728
75,0324;        3427,745
74,18336;        3427,763
73,6396;        3427,781
73,30004;        3427,798
72,6577;        3427,816
72,65632;        3427,834
72,60293;        3427,852
72,79584;        3427,871
73,12451;        3427,889
73,61488;        3427,907
74,13258;        3427,925
75,38596;        3427,943
76,67515;        3427,961
78,11036;        3427,979
79,84076;        3427,996
80,81929;        3428,013
82,58521;        3428,031
84,22923;        3428,048
86,02322;        3428,066
86,91723;        3428,083
88,57914;        3428,102
90,04871;        3428,122
91,47181;        3428,139
92,82868;        3428,156
93,42322;        3428,173
94,48985;        3428,191
95,7073;        3428,209
96,95023;        3428,227
97,52364;        3428,245
98,82317;        3428,264
100,1168;        3428,282
101,2835;        3428,3
102,4005;        3428,318
103,5703;        3428,336
104,1418;        3428,353
104,7981;        3428,37
104,3736;        3428,386
103,8808;        3428,406
103,9579;        3428,424
103,6513;        3428,443
103,0014;        3428,462
102,2805;        3428,478
101,9057;        3428,493
100,7506;        3428,51
99,86525;        3428,527
98,13445;        3428,543
96,30848;        3428,561
95,61133;        3428,578
93,48153;        3428,594
91,01657;        3428,61
88,53963;        3428,627
87,3912;        3428,644
85,44972;        3428,662
83,55978;        3428,678
81,89574;        3428,696
81,14798;        3428,712
79,72286;        3428,729
79,0678;        3428,745
77,89241;        3428,762
76,97337;        3428,779
75,84858;        3428,796
75,84858;        3428,814
74,17356;        3428,832
73,25986;        3428,85
72,35977;        3428,867
71,5545;        3428,885
71,15674;        3428,902
70,41951;        3428,921
69,73173;        3428,939
69,12397;        3428,957
68,90897;        3428,974
68,42033;        3428,991
68,1095;        3429,009
67,92362;        3429,026
67,9226;        3429,044
67,81803;        3429,063
67,94376;        3429,08
68,24268;        3429,097
68,5689;        3429,115
69,38837;        3429,133
70,4334;        3429,15
71,58147;        3429,169
73,18452;        3429,186
74,14124;        3429,204
75,87615;        3429,222
77,89961;        3429,239
80,05083;        3429,257
81,22572;        3429,274
83,70783;        3429,292
86,03983;        3429,309
87,17801;        3429,328
90,30418;        3429,346
91,25591;        3429,363
92,99443;        3429,381
94,79472;        3429,399
96,65849;        3429,417
97,62962;        3429,434
99,54053;        3429,454
101,043;        3429,472
102,0427;        3429,491
102,8761;        3429,508
103,6087;        3429,527
103,9373;        3429,545
104,712;        3429,563
104,9479;        3429,58
105,2029;        3429,598
105,1589;        3429,615
105,3446;        3429,633
105,4514;        3429,65
105,4763;        3429,669
105,6326;        3429,686
105,7355;        3429,704
105,8622;        3429,721
105,9457;        3429,739
106,0803;        3429,757
106,1584;        3429,775
106,2534;        3429,794
106,3017;        3429,813
106,2894;        3429,832
106,3395;        3429,851
106,3852;        3429,87
106,4562;        3429,888
106,5068;        3429,906
106,4823;        3429,923
106,342;        3429,942
106,0966;        3429,961
105,6415;        3429,981
105,0607;        3430
104,2755;        3430,018
103,2566;        3430,036
102,6378;        3430,055
101,4796;        3430,075
100,2349;        3430,093
98,80867;        3430,111
97,20819;        3430,13
95,39137;        3430,147
94,51704;        3430,165
93,01884;        3430,184
91,30709;        3430,204
89,57358;        3430,221
87,88383;        3430,24
87,86523;        3430,256
85,20595;        3430,273
83,34448;        3430,292
81,25396;        3430,31
79,05671;        3430,33
76,91086;        3430,348
74,88428;        3430,366
72,49245;        3430,386
69,94337;        3430,407
67,51419;        3430,426
66,42873;        3430,445
64,48801;        3430,463
62,71863;        3430,483
61,14768;        3430,502
59,82619;        3430,519
59,28937;        3430,532
58,54103;        3430,549
58,36688;        3430,565
57,99447;        3430,582
57,8665;        3430,6
57,88378;        3430,618
58,17928;        3430,637
58,50391;        3430,655
59,34079;        3430,674
60,47426;        3430,692
61,71758;        3430,712
63,19943;        3430,731
64,9653;        3430,75
66,53616;        3430,768
68,55582;        3430,787
71,00309;        3430,807
72,27549;        3430,825
76,0556;        3430,845
77,10183;        3430,864
79,62503;        3430,881
82,23508;        3430,899
84,94329;        3430,918
87,68114;        3430,938
88,90333;        3430,957
92,31191;        3430,976
93,52681;        3430,995
95,94484;        3431,012
98,28238;        3431,029
100,4224;        3431,047
101,2839;        3431,065
102,8008;        3431,083
103,4303;        3431,102
102,7502;        3431,121
102,1036;        3431,139
102,0681;        3431,158
102,3244;        3431,176
102,638;        3431,196
103,1159;        3431,216
103,1837;        3431,235
102,7251;        3431,258
102,4855;        3431,277
102,1417;        3431,296
101,7319;        3431,314
100,9927;        3431,333
100,2474;        3431,352
99,40652;        3431,371
98,28645;        3431,389
97,04659;        3431,407
95,52303;        3431,426
93,92187;        3431,446
93,14094;        3431,464
91,44427;        3431,483
89,43314;        3431,503
87,13915;        3431,522
85,01093;        3431,541
82,89146;        3431,561
80,51048;        3431,58
78,06032;        3431,598
75,51309;        3431,615
74,16834;        3431,634
71,90369;        3431,652
69,85844;        3431,669
68,88639;        3431,688
66,93845;        3431,706
66,53632;        3431,724
65,65372;        3431,743
64,97346;        3431,761
64,32699;        3431,779
63,78675;        3431,797
63,20729;        3431,816
62,78001;        3431,834
62,17265;        3431,852
61,66548;        3431,871
61,13325;        3431,889
60,60902;        3431,907
60,39031;        3431,925
60,13528;        3431,943
60,14992;        3431,964
60,26624;        3431,983
60,57019;        3432
60,7839;        3432,02
61,96959;        3432,038
63,16975;        3432,056
63,9252;        3432,075
65,6633;        3432,093
67,7186;        3432,111
70,15316;        3432,129
73,13744;        3432,147
74,51903;        3432,166
78,00941;        3432,183
81,97504;        3432,201
86,13551;        3432,218
90,17467;        3432,236
91,94748;        3432,255
95,54792;        3432,273
98,7802;        3432,291
100,4573;        3432,31
102,4126;        3432,329
101,2547;        3432,347
99,60107;        3432,365
99,38239;        3432,383
99,43966;        3432,401
98,95631;        3432,42
98,47314;        3432,438
98,79488;        3432,455
98,92157;        3432,473
99,07471;        3432,49
98,89382;        3432,51
98,33382;        3432,527
97,87234;        3432,547
97,41262;        3432,565
96,30589;        3432,582
94,98375;        3432,6
93,19804;        3432,618
90,90813;        3432,637
89,65002;        3432,654
87,11452;        3432,673
84,53349;        3432,692
81,93465;        3432,71
79,12775;        3432,728
77,51141;        3432,745
74,71462;        3432,763
71,73312;        3432,781
69,10672;        3432,801
66,86036;        3432,82
64,80946;        3432,837
64,80946;        3432,854
62,09369;        3432,872
60,57661;        3432,892
58,93969;        3432,91
57,3958;        3432,928
56,67367;        3432,944
55,62035;        3432,963
54,57166;        3432,981
53,72002;        3433,001
53,14904;        3433,02
52,89661;        3433,038
52,95613;        3433,056
52,95964;        3433,074
53,34019;        3433,092
54,11914;        3433,111
55,42225;        3433,129
57,18116;        3433,147
59,72886;        3433,166
61,05172;        3433,183
63,95513;        3433,201
66,99426;        3433,219
70,8718;        3433,236
73,4435;        3433,255
79,09263;        3433,273
84,20625;        3433,293
87,55392;        3433,311
90,83238;        3433,332
93,57233;        3433,35
96,20731;        3433,37
97,99912;        3433,389
96,4857;        3433,408
95,50135;        3433,427
95,38579;        3433,446
95,62743;        3433,465
96,02377;        3433,483
96,20155;        3433,501
96,66872;        3433,519
97,21741;        3433,536
97,44485;        3433,554
97,61991;        3433,572
97,94464;        3433,59
98,28268;        3433,608
98,15852;        3433,627
98,15952;        3433,646
98,31452;        3433,664
98,33224;        3433,682
98,46245;        3433,7
98,59608;        3433,719
98,70314;        3433,737
98,73025;        3433,755
98,73003;        3433,772
98,66297;        3433,791
98,72011;        3433,809
98,80586;        3433,826
98,87519;        3433,844
98,88168;        3433,861
98,92834;        3433,878
98,91846;        3433,896
98,90098;        3433,914
98,89928;        3433,936
98,90868;        3433,952
98,92493;        3433,97
98,91454;        3433,988
98,92149;        3434,006
98,96277;        3434,023
98,99168;        3434,041
99,00746;        3434,06
99,00624;        3434,078
98,99903;        3434,096
99,01089;        3434,114
99,01521;        3434,133
99,0387;        3434,15
99,05369;        3434,167
99,05944;        3434,185
99,07552;        3434,203
99,1462;        3434,224
99,16634;        3434,243
99,18485;        3434,26
99,19325;        3434,278
99,20711;        3434,295
99,2375;        3434,313
99,24059;        3434,332
99,25284;        3434,352
99,2336;        3434,368
99,20461;        3434,385
99,22807;        3434,402
99,24214;        3434,419
99,26054;        3434,436
99,28241;        3434,452
99,2284;        3434,47
99,1004;        3434,489
99,01976;        3434,506
98,80558;        3434,523
98,61521;        3434,541
98,52199;        3434,56
98,75628;        3434,578
99,40005;        3434,597
100,0144;        3434,614
100,9472;        3434,63
101,945;        3434,647
102,8738;        3434,665
103,2314;        3434,681
104,4178;        3434,699
105,3539;        3434,715
106,162;        3434,731
106,1101;        3434,746
106,267;        3434,762
105,9114;        3434,78
105,0066;        3434,798
103,4393;        3434,817
102,6215;        3434,835
100,4163;        3434,854
97,88323;        3434,873
95,1364;        3434,891
92,25224;        3434,91
89,09039;        3434,928
87,53136;        3434,946
85,21316;        3434,965
82,9465;        3434,984
80,62016;        3435,002
78,07319;        3435,02
75,86389;        3435,039
73,6825;        3435,058
71,61221;        3435,077
70,62858;        3435,095
69,05941;        3435,115
67,89035;        3435,133
67,28358;        3435,151
67,02745;        3435,169
66,87206;        3435,187
66,64706;        3435,206
66,60134;        3435,224
66,6722;        3435,241
66,84571;        3435,262
67,17758;        3435,279
67,50286;        3435,296
67,58745;        3435,314
67,71357;        3435,332
67,8386;        3435,351
68,12817;        3435,37
68,62624;        3435,388
69,37077;        3435,406
70,61118;        3435,427
71,23692;        3435,445
74,29446;        3435,466
76,86948;        3435,486
78,36694;        3435,505
82,36269;        3435,524
86,22743;        3435,543
90,23799;        3435,563
95,32692;        3435,582
102,4279;        3435,602
109,1575;        3435,622
111,7625;        3435,643
112,8134;        3435,661
111,208;        3435,679
111,5308;        3435,698
110,4569;        3435,718
109,8581;        3435,736
109,9631;        3435,755
109,7598;        3435,771
110,376;        3435,788
111,6546;        3435,806
112,4627;        3435,825
113,1092;        3435,844
113,7975;        3435,864
114,9984;        3435,883
116,7136;        3435,902
116,7889;        3435,921
117,6151;        3435,94
119,1024;        3435,959
120,8753;        3435,978
122,3527;        3435,996
122,6916;        3436,015
122,6546;        3436,035
121,705;        3436,054
119,8831;        3436,073
117,9315;        3436,093
115,3954;        3436,111
112,2131;        3436,129
109,1476;        3436,148
105,776;        3436,168
101,6064;        3436,185
99,56795;        3436,203
95,53402;        3436,221
92,19232;        3436,241
89,27933;        3436,256
89,27933;        3436,272
85,59476;        3436,29
83,1507;        3436,308
82,02168;        3436,325
80,59056;        3436,344
79,39238;        3436,362
78,51444;        3436,379
77,53371;        3436,396
76,85566;        3436,414
75,99129;        3436,432
75,30026;        3436,449
74,70044;        3436,469
73,96246;        3436,487
73,34657;        3436,504
72,78011;        3436,521
72,1985;        3436,539
71,63397;        3436,556
71,34547;        3436,574
70,95258;        3436,592
70,62637;        3436,609
70,5081;        3436,625
70,5317;        3436,643
70,89935;        3436,659
71,06853;        3436,675
71,62804;        3436,692
72,53232;        3436,709
73,20308;        3436,725
74,45074;        3436,74
76,27139;        3436,756
77,31438;        3436,775
79,62632;        3436,792
82,50304;        3436,811
85,85615;        3436,828
89,27225;        3436,846
92,50831;        3436,865
94,03094;        3436,885
97,11781;        3436,903
100,2474;        3436,92
103,0857;        3436,939
106,0377;        3436,957
107,1038;        3436,974
109,4763;        3436,993
111,5395;        3437,011
113,6118;        3437,03
115,765;        3437,048
118,0552;        3437,067
118,9558;        3437,085
120,3372;        3437,103
121,217;        3437,121
120,6916;        3437,139
119,4933;        3437,157
119,2357;        3437,178
119,4518;        3437,197
119,7583;        3437,215
120,4362;        3437,231
120,4608;        3437,249
120,1799;        3437,268
120,4906;        3437,286
120,7078;        3437,304
121,181;        3437,322
121,2636;        3437,341
121,3069;        3437,359
121,4502;        3437,376
121,4727;        3437,395
121,2535;        3437,412
120,8946;        3437,43
120,4838;        3437,448
120,034;        3437,465
119,6674;        3437,487
119,5004;        3437,505
119,0567;        3437,523
118,6531;        3437,54
118,2044;        3437,559
117,7066;        3437,576
117,3635;        3437,594
116,2512;        3437,614
114,5973;        3437,632
112,5641;        3437,649
110,2235;        3437,665
109,0315;        3437,684
106,8002;        3437,703
104,3979;        3437,72
102,4854;        3437,738
101,4812;        3437,755
99,55887;        3437,772
97,88459;        3437,789
96,33917;        3437,809
95,1127;        3437,826
94,60612;        3437,842
93,54305;        3437,861
92,65148;        3437,879
92,19815;        3437,896
91,32281;        3437,915
90,58826;        3437,933
89,76681;        3437,951
88,76384;        3437,97
87,59848;        3437,988
86,28197;        3438,006
84,92879;        3438,03
83,55193;        3438,048
82,79781;        3438,065
81,36628;        3438,084
80,15198;        3438,101
78,97382;        3438,118
78,47349;        3438,136
77,38943;        3438,153
76,41898;        3438,168
75,5286;        3438,185
75,18467;        3438,201
74,60731;        3438,218
74,36303;        3438,234
73,92197;        3438,252
73,55691;        3438,271
73,29334;        3438,288
73,09038;        3438,306
73,02701;        3438,324
72,89987;        3438,34
72,80791;        3438,356
72,77528;        3438,373
72,76001;        3438,39
72,69842;        3438,405
72,56204;        3438,421
72,47665;        3438,435
72,36559;        3438,451
72,2947;        3438,467
72,26969;        3438,482
72,38879;        3438,499
72,47166;        3438,515
72,74491;        3438,531
73,28593;        3438,548
73,57401;        3438,564
74,80215;        3438,58
76,26585;        3438,596
77,20882;        3438,612
79,55645;        3438,628
80,93179;        3438,644
83,9323;        3438,66
87,42989;        3438,677
89,35036;        3438,695
93,13233;        3438,71
96,54319;        3438,729
98,24467;        3438,746
101,3792;        3438,763
104,4166;        3438,781
107,6032;        3438,799
110,6487;        3438,817
111,7477;        3438,834
113,2869;        3438,853
114,4241;        3438,87
115,2814;        3438,889
115,6179;        3438,907
115,1547;        3438,924
115,3055;        3438,94
115,0114;        3438,957
115,0672;        3438,975
115,0426;        3438,992
115,0171;        3439,008
115,2896;        3439,025
115,4645;        3439,041
115,9549;        3439,058
116,1929;        3439,075
116,4517;        3439,093
116,6326;        3439,11
116,8727;        3439,126
117,1484;        3439,144
117,2381;        3439,161
117,3981;        3439,178
117,5562;        3439,194
117,8242;        3439,211
118,1674;        3439,228
118,4346;        3439,245
118,476;        3439,261
118,3672;        3439,277
118,2603;        3439,294
118,1488;        3439,31
118,0136;        3439,325
117,7983;        3439,341
117,3585;        3439,358
117,0243;        3439,375
116,9381;        3439,393
116,5405;        3439,412
116,1329;        3439,429
115,6046;        3439,447
115,1371;        3439,465
114,1633;        3439,483
113,1323;        3439,502
112,0242;        3439,522
110,9755;        3439,539
110,1464;        3439,558
109,4917;        3439,575
109,1544;        3439,592
108,1192;        3439,61
106,7671;        3439,626
105,9335;        3439,645
104,0061;        3439,663
101,945;        3439,683
99,63097;        3439,701
97,44718;        3439,719
94,98172;        3439,738
93,89381;        3439,754
91,43932;        3439,771
89,15665;        3439,79
86,9436;        3439,806
85,71046;        3439,824
83,60299;        3439,84
81,43289;        3439,857
80,4752;        3439,874
78,88247;        3439,891
78,17165;        3439,908
76,32832;        3439,928
75,05067;        3439,946
74,46518;        3439,964
73,39319;        3439,984
72,41324;        3440,002
71,57923;        3440,021
70,83604;        3440,039
70,1459;        3440,056
69,82823;        3440,074
69,27413;        3440,092
68,72282;        3440,11
68,29565;        3440,126
68,04411;        3440,143
67,51488;        3440,161
66,94214;        3440,178
66,34902;        3440,195
66,04034;        3440,213
65,4805;        3440,233
64,95476;        3440,25
64,5888;        3440,268
64,31693;        3440,286
64,14481;        3440,303
63,93123;        3440,322
63,72175;        3440,338
63,63327;        3440,354
63,45467;        3440,369
63,40762;        3440,385
63,41199;        3440,402
63,51035;        3440,421
63,65068;        3440,439
63,83183;        3440,457
64,04568;        3440,476
64,18856;        3440,492
64,41505;        3440,511
64,49934;        3440,527
64,67847;        3440,544
64,87983;        3440,559
65,09312;        3440,576
65,19125;        3440,591
65,4353;        3440,606
65,61745;        3440,622
66,05796;        3440,638
66,31631;        3440,654
67,10197;        3440,671
68,14391;        3440,688
68,75327;        3440,704
69,94159;        3440,721
71,36488;        3440,742
73,43609;        3440,76
76,05091;        3440,779
79,19801;        3440,797
80,99433;        3440,814
85,25812;        3440,831
90,64182;        3440,847
93,69592;        3440,863
99,7976;        3440,881
105,015;        3440,899
106,8192;        3440,915
108,9;        3440,932
111,2355;        3440,949
113,5727;        3440,969
115,4723;        3440,987
116,2153;        3441,006
116,1209;        3441,023
116,4285;        3441,043
114,8559;        3441,06
113,6763;        3441,078
112,2854;        3441,096
111,6372;        3441,116
111,3383;        3441,133
111,3659;        3441,15
111,297;        3441,167
111,375;        3441,185
111,5019;        3441,202
111,6898;        3441,219
112,0622;        3441,236
112,3402;        3441,253
112,6466;        3441,269
112,9196;        3441,285
112,8981;        3441,303
112,8638;        3441,32
112,8831;        3441,338
112,9535;        3441,354
112,6992;        3441,374
112,485;        3441,392
112,2374;        3441,413
111,157;        3441,433
109,2917;        3441,451
107,126;        3441,47
104,9897;        3441,488
104,1785;        3441,506
102,8813;        3441,524
101,2906;        3441,543
99,53805;        3441,563
97,86894;        3441,582
96,23273;        3441,601
94,70221;        3441,618
93,35365;        3441,635
92,79449;        3441,654
91,30767;        3441,672
89,74709;        3441,69
88,14336;        3441,706
86,79939;        3441,728
85,24247;        3441,746
84,41416;        3441,762
82,60819;        3441,78
80,88215;        3441,797
80,18985;        3441,815
78,94892;        3441,834
77,70563;        3441,854
76,42699;        3441,872
75,23649;        3441,892
73,89262;        3441,909
73,02585;        3441,926
72,6769;        3441,943
71,78487;        3441,961
70,99746;        3441,98
70,43497;        3442
69,89763;        3442,018
69,44447;        3442,036
69,2333;        3442,055
68,84583;        3442,074
68,59074;        3442,094
68,60962;        3442,112
68,81109;        3442,129
69,27481;        3442,146
69,63125;        3442,164
70,04619;        3442,181
71,83731;        3442,197
72,59531;        3442,215
74,46737;        3442,233
76,81658;        3442,25
79,36377;        3442,268
80,32224;        3442,286
82,91626;        3442,304
85,89654;        3442,32
89,44662;        3442,336
93,48324;        3442,355
95,48064;        3442,372
99,60267;        3442,387
101,0557;        3442,404
104,3065;        3442,42
105,933;        3442,436
106,5245;        3442,451
108,4226;        3442,469
109,346;        3442,487
108,7821;        3442,503
108,1563;        3442,519
107,8213;        3442,533
107,7057;        3442,547
107,5536;        3442,563
107,8236;        3442,579
108,1932;        3442,596
107,983;        3442,612
107,8704;        3442,629
107,6459;        3442,647
107,6459;        3442,662
107,392;        3442,678
107,4406;        3442,696
107,4833;        3442,713
107,1717;        3442,73
105,8703;        3442,747
105,2745;        3442,765
104,3748;        3442,785
103,1136;        3442,803
101,3541;        3442,821
99,6578;        3442,838
98,82306;        3442,855
96,90143;        3442,872
94,76409;        3442,891
93,06307;        3442,907
93,06307;        3442,924
93,06307;        3442,939
87,5348;        3442,956
86,30697;        3442,973
83,56404;        3442,991
80,8614;        3443,011
78,23194;        3443,03
75,35371;        3443,046
73,79144;        3443,064
71,1536;        3443,081
68,51599;        3443,098
66,20809;        3443,12
63,71412;        3443,137
62,38925;        3443,155
60,16612;        3443,173
58,14519;        3443,19
56,23574;        3443,208
54,47564;        3443,226
53,61183;        3443,243
52,00816;        3443,26
50,45125;        3443,278
49,17992;        3443,298
48,81739;        3443,314
48,13523;        3443,331
47,65625;        3443,349
47,25985;        3443,365
47,01727;        3443,382
47,28763;        3443,398
47,79839;        3443,415
48,4288;        3443,432
50,08477;        3443,45
51,95692;        3443,467
53,02113;        3443,483
54,97252;        3443,501
57,08633;        3443,519
59,77974;        3443,536
61,4254;        3443,553
64,37105;        3443,57
67,38927;        3443,587
69,04646;        3443,604
72,88887;        3443,623
76,58959;        3443,639
80,65212;        3443,655
82,63105;        3443,672
86,76034;        3443,689
90,11333;        3443,707
91,83015;        3443,724
95,29089;        3443,74
97,93812;        3443,757
98,82303;        3443,774
101,4607;        3443,791
104,3447;        3443,808
106,8975;        3443,826
107,8988;        3443,843
109,8907;        3443,86
109,9741;        3443,876
109,4506;        3443,894
108,9199;        3443,911
108,6693;        3443,931
108,064;        3443,948
108,358;        3443,966
108,4675;        3443,982
108,4328;        3444
108,6295;        3444,018
108,5437;        3444,037
108,4945;        3444,053
108,4099;        3444,07
108,1488;        3444,087
108,0876;        3444,105
107,7899;        3444,122
107,2474;        3444,138
106,1049;        3444,156
105,4376;        3444,173
104,1235;        3444,192
102,6645;        3444,211
100,8001;        3444,229
98,81876;        3444,247
97,81291;        3444,264
95,89069;        3444,282
93,67091;        3444,3
91,62803;        3444,318
89,18806;        3444,335
87,9837;        3444,352
85,36179;        3444,367
84,09586;        3444,384
81,42928;        3444,398
80,16711;        3444,414
78,77755;        3444,431
74,61949;        3444,447
73,29109;        3444,462
70,46155;        3444,479
68,89745;        3444,495
64,79097;        3444,516
63,3238;        3444,533
60,87775;        3444,55
59,6024;        3444,564
57,41689;        3444,58
55,39294;        3444,595
54,39453;        3444,611
52,48532;        3444,628
51,70335;        3444,645
50,29638;        3444,661
49,22801;        3444,678
48,79816;        3444,695
48,16388;        3444,711
47,63612;        3444,728
47,29442;        3444,745
47,22441;        3444,761
47,24176;        3444,779
47,68416;        3444,796
48,04916;        3444,812
49,0999;        3444,829
50,72066;        3444,846
51,82447;        3444,863
53,41058;        3444,879
54,38499;        3444,895
56,01278;        3444,913
57,97753;        3444,93
60,26716;        3444,947
63,11553;        3444,965
64,63249;        3444,982
68,02711;        3444,999
71,38242;        3445,017
73,05772;        3445,034
76,66844;        3445,053
80,70876;        3445,07
85,01133;        3445,085
86,68686;        3445,101
91,09084;        3445,118
92,98782;        3445,135
96,36224;        3445,153
98,85858;        3445,17
101,0876;        3445,187
103,4264;        3445,205
104,5792;        3445,221
106,4765;        3445,239
107,5467;        3445,256
107,5791;        3445,273
107,6928;        3445,29
107,7187;        3445,306
107,3688;        3445,323
107,002;        3445,339
107,103;        3445,356
107,3113;        3445,374
107,5991;        3445,391
108,1236;        3445,408
108,4594;        3445,426
108,417;        3445,443
108,3885;        3445,459
108,3729;        3445,476
108,4151;        3445,492
108,3566;        3445,509
108,0827;        3445,526
107,963;        3445,543
107,5063;        3445,563
106,8868;        3445,58
105,8281;        3445,598
104,3492;        3445,615
103,547;        3445,633
101,8334;        3445,65
99,81761;        3445,667
98,73492;        3445,684
96,87215;        3445,702
95,66927;        3445,719
93,15968;        3445,736
90,34178;        3445,753
87,4809;        3445,771
84,59665;        3445,788
81,68111;        3445,806
80,14517;        3445,823
77,08888;        3445,84
74,00795;        3445,856
72,3844;        3445,875
69,36135;        3445,893
66,71895;        3445,91
63,82886;        3445,927
62,33527;        3445,944
61,08347;        3445,962
57,31514;        3445,979
54,93961;        3445,996
53,73059;        3446,012
51,61892;        3446,03
49,45923;        3446,049
47,2581;        3446,067
46,1355;        3446,083
44,58447;        3446,101
42,95342;        3446,118
41,62303;        3446,136
41,1256;        3446,153
40,52969;        3446,17
40,21597;        3446,188
40,36573;        3446,206
40,78626;        3446,222
41,76946;        3446,239
43,68507;        3446,256
45,1694;        3446,272
48,1841;        3446,29
51,31931;        3446,306
51,31931;        3446,323
56,72327;        3446,339
60,77267;        3446,355
63,35537;        3446,371
67,95335;        3446,388
70,11003;        3446,404
72,55727;        3446,419
79,32786;        3446,435
81,27658;        3446,451
85,07518;        3446,467
86,58175;        3446,482
89,27466;        3446,499
90,4341;        3446,513
92,80608;        3446,529
93,88849;        3446,544
96,33788;        3446,561
98,75976;        3446,577
99,76167;        3446,592
101,2763;        3446,607
101,5825;        3446,625
102,6504;        3446,642
103,991;        3446,66
104,0248;        3446,677
103,8277;        3446,693
103,2578;        3446,709
103,11;        3446,724
102,9983;        3446,74
103,2965;        3446,755
103,6485;        3446,772
103,9863;        3446,79
104,2689;        3446,807
104,4427;        3446,823
104,3625;        3446,84
104,5532;        3446,856
104,7122;        3446,873
104,7225;        3446,891
104,2774;        3446,907
103,3993;        3446,926
102,7665;        3446,942
101,3009;        3446,958
100,5007;        3446,974
98,82359;        3446,992
96,91531;        3447,008
94,79405;        3447,026
93,71777;        3447,043
91,28716;        3447,06
88,7488;        3447,076
86,48454;        3447,096
85,05797;        3447,114
82,33398;        3447,13
81,00272;        3447,15
76,97142;        3447,167
75,53752;        3447,185
72,67664;        3447,202
69,95103;        3447,22
67,10148;        3447,238
65,59698;        3447,254
62,54467;        3447,271
59,70876;        3447,29
57,34707;        3447,308
54,79728;        3447,325
53,5769;        3447,343
51,6414;        3447,361
49,82536;        3447,378
48,9542;        3447,395
47,58595;        3447,412
46,68622;        3447,429
46,15513;        3447,446
46,02583;        3447,463
45,63592;        3447,479
45,59544;        3447,497
45,57854;        3447,514
45,67193;        3447,531
46,21861;        3447,551
47,1718;        3447,569
48,36315;        3447,587
50,07471;        3447,605
51,31282;        3447,624
54,00407;        3447,643
56,89353;        3447,662
59,54785;        3447,681
62,03924;        3447,699
65,23623;        3447,716
67,05148;        3447,733
70,28162;        3447,751
73,37469;        3447,77
76,6664;        3447,789
80,16481;        3447,806
81,70306;        3447,824
84,35898;        3447,843
86,71138;        3447,863
89,12637;        3447,881
91,46801;        3447,9
94,31322;        3447,919
96,66267;        3447,938
98,42566;        3447,957
99,03953;        3447,976
101,5221;        3447,996
102,1304;        3448,014
103,1549;        3448,033
103,6077;        3448,052
104,66;        3448,071
104,5312;        3448,089
104,2343;        3448,108
104,3116;        3448,128
104,5286;        3448,148
104,8152;        3448,17
105,0525;        3448,188
105,0813;        3448,207
105,0083;        3448,226
105,0269;        3448,244
105,0607;        3448,262
104,7326;        3448,28
104,1643;        3448,298
103,52;        3448,316
103,1247;        3448,334
102,0407;        3448,351
100,9139;        3448,367
100,2869;        3448,381
98,81045;        3448,397
97,93629;        3448,414
96,02639;        3448,433
93,97138;        3448,45
91,64104;        3448,467
89,42632;        3448,486
88,05877;        3448,5
84,96289;        3448,517
83,33447;        3448,533
80,08413;        3448,552
76,89831;        3448,571
73,54076;        3448,59
70,04527;        3448,605
68,24907;        3448,623
65,31972;        3448,64
62,46692;        3448,663
60,44274;        3448,679
58,3385;        3448,696
57,34628;        3448,712
56,03142;        3448,729
55,7654;        3448,745
55,11856;        3448,761
55,15541;        3448,778
54,87325;        3448,794
54,66442;        3448,811
54,58031;        3448,827
54,60119;        3448,844
54,38985;        3448,862
54,17554;        3448,879
54,01641;        3448,895
53,95878;        3448,914
53,83627;        3448,934
53,91532;        3448,951
54,22432;        3448,969
54,43024;        3448,984
55,00775;        3449
55,80077;        3449,017
56,18475;        3449,034
57,75068;        3449,051
59,97084;        3449,069
62,09053;        3449,086
63,26397;        3449,103
66,15759;        3449,119
69,50783;        3449,136
73,39507;        3449,155
75,30776;        3449,172
78,96496;        3449,191
82,78008;        3449,208
86,7625;        3449,226
88,81632;        3449,242
92,09779;        3449,259
94,33693;        3449,276
95,20634;        3449,294
97,13848;        3449,311
99,03575;        3449,328
100,6504;        3449,345
101,31;        3449,363
102,697;        3449,379
103,6688;        3449,396
103,5415;        3449,413
103,1155;        3449,43
102,8294;        3449,446
102,9826;        3449,463
102,9154;        3449,479
103,5606;        3449,497
103,9445;        3449,514
103,833;        3449,536
102,9413;        3449,555
102,5009;        3449,573
101,8189;        3449,591
100,8012;        3449,608
100,2651;        3449,624
98,69221;        3449,64
97,00158;        3449,659
94,8259;        3449,676
93,90644;        3449,692
91,51785;        3449,71
89,22907;        3449,727
88,09309;        3449,744
85,59226;        3449,761
83,0601;        3449,778
81,81435;        3449,794
79,48638;        3449,812
77,26894;        3449,828
76,17545;        3449,844
73,96707;        3449,861
72,16833;        3449,877
70,31685;        3449,895
69,35305;        3449,912
67,43496;        3449,928
66,53007;        3449,944
64,75793;        3449,961
62,90953;        3449,978
61,94926;        3449,993
60,16835;        3450,011
58,33105;        3450,027
57,37443;        3450,044
55,56669;        3450,062
53,86021;        3450,079
51,94744;        3450,096
50,99004;        3450,114
49,30793;        3450,131
47,90017;        3450,149
46,6885;        3450,167
46,12441;        3450,182
45,19414;        3450,201
44,46022;        3450,218
43,98141;        3450,235
43,78195;        3450,252
43,63362;        3450,269
43,90097;        3450,287
44,28918;        3450,304
45,1988;        3450,323
45,99777;        3450,34
47,24277;        3450,357
47,92744;        3450,374
49,29688;        3450,389
50,82622;        3450,405
51,64303;        3450,422
53,6265;        3450,438
56,29524;        3450,455
57,60447;        3450,471
59,83297;        3450,486
61,27016;        3450,502
64,15814;        3450,518
65,94544;        3450,533
69,71384;        3450,55
73,68599;        3450,565
75,52391;        3450,58
78,63446;        3450,597
80,1157;        3450,614
83,62415;        3450,63
85,47661;        3450,645
88,9929;        3450,661
91,52198;        3450,678
92,64513;        3450,693
95,29305;        3450,709
96,59406;        3450,724
99,5215;        3450,739
102,0932;        3450,755
103,1068;        3450,771
105,0272;        3450,788
105,7992;        3450,804
107,2748;        3450,821
106,8968;        3450,838
106,3563;        3450,853
105,5017;        3450,872
105,0737;        3450,888
105,0792;        3450,904
105,2508;        3450,92
104,927;        3450,937
104,5201;        3450,954
103,8637;        3450,972
103,0419;        3450,989
102,6815;        3451,005
101,9039;        3451,021
101,0863;        3451,038
100,4297;        3451,054
98,77865;        3451,071
97,35384;        3451,087
96,47055;        3451,103
94,50504;        3451,12
92,29948;        3451,136
91,0721;        3451,152
88,69212;        3451,168
86,48268;        3451,186
85,49998;        3451,202
83,45023;        3451,219
81,49245;        3451,237
79,49273;        3451,257
77,75661;        3451,275
76,81147;        3451,293
74,86647;        3451,309
72,71912;        3451,327
70,41068;        3451,345
69,21867;        3451,364
67,11708;        3451,382
65,01945;        3451,4
63,00475;        3451,418
62,06627;        3451,437
60,22258;        3451,454
58,41588;        3451,471
56,89243;        3451,49
55,3956;        3451,509
54,10812;        3451,528
53,50082;        3451,544
52,36945;        3451,562
51,43171;        3451,578
50,62624;        3451,596
50,24918;        3451,614
49,61641;        3451,633
49,20623;        3451,652
